0.5800000000000001
0.56
0.5640000000000001
0.596
0.6120000000000001
0.512
0.5960000000000001
0.544
0.552
0.548
0.592
0.544
0.608
0.508
0.5800000000000001
0.604
0.5640000000000001
0.5760000000000001
0.516
0.616
0.5680000000000001
0.5920000000000001
0.516
0.58
0.644
0.588
0.5920000000000001
0.532
0.56
0.592
0.556
0.56
0.5680000000000001
0.54
0.584
0.6280000000000001
0.52
0.5680000000000001
0.556
0.532
0.596
0.5840000000000001
0.552
0.5640000000000001
0.6120000000000001
0.532
0.556
0.6080000000000001
0.5680000000000001
0.536
0.5840000000000001
0.5800000000000001
0.548
0.584
0.5760000000000001
0.5800000000000001
0.604
0.5640000000000001
0.512
0.5680000000000001
0.616
0.556
0.5680000000000001
0.5760000000000001
0.5880000000000001
0.556
0.5760000000000001
0.6080000000000001
0.56
0.604
0.544
0.56
0.536
0.5920000000000001
0.5760000000000001
0.5880000000000001
0.5880000000000001
0.5640000000000001
0.6080000000000001
0.528
0.56
0.5760000000000001
0.6759999999999999
0.508
0.528
0.5880000000000001
0.544
0.54
0.6040000000000001
0.5880000000000001
0.5800000000000001
0.6080000000000001
0.508
0.5680000000000001
0.588
0.544
0.54
0.552
0.5760000000000001
0.5880000000000001
0.588
0.5880000000000001
0.5720000000000001
0.56
0.544
0.552
0.54
0.58
0.548
0.548
0.5760000000000001
0.6000000000000001
0.5680000000000001
0.54
0.5640000000000001
0.552
0.5720000000000001
0.524
0.5640000000000001
0.5680000000000001
0.54
0.544
0.556
0.6120000000000001
0.5720000000000001
0.5640000000000001
0.5760000000000001
0.5920000000000001
0.556
0.528
0.616
0.524
0.552
0.544
0.5800000000000001
0.552
0.5800000000000001
0.54
0.548
0.56
0.556
0.5640000000000001
0.5840000000000001
0.548
0.54
0.536
0.516
0.572
0.612
0.544
0.56
0.6000000000000001
0.616
0.528
