0.596
0.5800000000000001
0.5840000000000001
0.5760000000000001
0.608
0.584
0.5640000000000001
0.532
0.54
0.528
0.56
0.552
0.556
0.54
0.5680000000000001
0.5640000000000001
0.616
0.56
0.572
0.548
0.556
0.5640000000000001
0.528
0.5720000000000001
0.5640000000000001
0.54
0.5720000000000001
0.5680000000000001
0.544
0.5720000000000001
0.5840000000000001
0.5439999999999999
0.5640000000000001
0.5640000000000001
0.56
0.58
0.528
0.56
0.604
0.54
0.568
0.5640000000000001
0.5960000000000001
0.5800000000000001
0.608
0.624
0.56
0.552
0.556
0.516
0.508
0.5640000000000001
0.592
0.5960000000000001
0.6040000000000001
0.5640000000000001
0.528
0.544
0.532
0.5960000000000001
0.512
0.6040000000000001
0.612
0.56
0.6160000000000001
0.628
0.636
0.5680000000000001
0.552
0.552
0.556
0.5479999999999999
0.58
0.5640000000000001
0.544
0.5880000000000001
0.548
0.524
0.5840000000000001
0.532
0.5880000000000001
0.544
0.5760000000000001
0.584
0.512
0.544
0.508
0.568
0.5720000000000001
0.628
0.5800000000000001
0.512
0.556
0.608
0.552
0.54
0.552
0.548
0.5680000000000001
