0.5680000000000001
0.52
0.552
0.5840000000000001
0.616
0.508
0.5960000000000001
0.5680000000000001
0.56
0.608
0.5720000000000001
0.536
0.5720000000000001
0.56
0.556
0.5800000000000001
0.536
0.556
0.544
0.5640000000000001
0.512
0.5760000000000001
0.556
0.552
0.608
0.6040000000000001
0.544
0.532
0.556
0.58
0.5960000000000001
0.536
0.6
0.552
0.54
0.5760000000000001
0.596
0.56
0.5680000000000001
0.616
0.536
0.632
0.536
0.548
0.5800000000000001
0.56
0.5800000000000001
0.516
0.6120000000000001
0.62
0.512
0.5960000000000001
0.532
0.536
0.584
0.604
0.56
0.6120000000000001
0.5720000000000001
0.552
0.6000000000000001
0.556
0.5800000000000001
0.56
0.576
0.6000000000000001
0.616
0.5640000000000001
0.556
0.516
0.5720000000000001
0.6000000000000001
0.5640000000000001
0.584
0.5880000000000001
0.62
0.532
0.544
0.516
0.604
0.544
0.528
0.556
0.512
0.608
0.6040000000000001
0.548
0.5680000000000001
0.6000000000000001
0.5800000000000001
0.536
0.5640000000000001
0.54
0.5840000000000001
0.56
0.528
0.5800000000000001
0.5800000000000001
0.604
0.524
0.576
0.544
0.5760000000000001
0.5920000000000001
0.544
0.508
0.644
0.5519999999999999
0.56
0.656
0.548
0.5800000000000001
0.56
0.548
0.508
0.58
0.5760000000000001
0.552
0.568
0.576
0.5920000000000001
0.512
0.592
0.608
0.5880000000000001
0.5640000000000001
0.54
0.5680000000000001
0.528
0.6040000000000001
0.516
0.612
0.5840000000000001
0.6040000000000001
0.528
0.508
0.5640000000000001
0.5920000000000001
0.5880000000000001
0.6039999999999999
0.5760000000000001
0.5760000000000001
0.5720000000000001
0.528
0.5880000000000001
0.5680000000000001
0.5800000000000001
0.5880000000000001
0.592
0.576
0.548
0.6040000000000001
0.5720000000000001
0.588
