0.568
0.5700000000000001
0.5639999999999998
0.582
0.5820000000000001
0.612
0.5940000000000001
0.546
0.548
0.578
0.596
0.576
0.584
0.5860000000000001
0.634
0.5720000000000001
0.5940000000000001
0.564
0.562
0.6060000000000001
0.596
0.5700000000000001
0.55
0.534
0.57
0.608
0.5559999999999999
0.558
0.6020000000000001
0.564
0.5900000000000001
0.5539999999999999
0.5439999999999999
0.576
0.5660000000000001
0.614
0.542
0.5840000000000001
0.614
0.534
0.604
0.6100000000000001
0.576
0.5720000000000001
0.568
0.61
0.588
0.608
0.5599999999999999
0.508
0.604
0.5980000000000001
0.598
0.558
0.596
0.5740000000000001
0.5660000000000001
0.58
0.5919999999999999
0.588
0.5619999999999999
0.5660000000000001
0.576
0.568
0.618
0.596
0.5680000000000001
0.572
0.57
0.6220000000000001
0.588
0.554
0.578
0.576
0.536
0.586
0.614
0.612
0.542
0.556
0.608
0.5940000000000001
0.604
0.5720000000000001
0.5820000000000001
0.562
0.6020000000000001
0.588
0.576
0.5880000000000001
0.5820000000000001
0.612
0.578
0.602
0.57
0.592
0.5720000000000001
0.5820000000000001
0.596
0.6
0.5800000000000001
0.5900000000000001
0.5740000000000001
0.586
0.5880000000000001
0.6060000000000001
0.584
0.594
0.584
0.58
0.5740000000000001
0.584
0.5619999999999999
0.5640000000000001
0.5780000000000001
0.612
0.5900000000000001
0.5820000000000001
0.5879999999999999
0.572
0.576
0.564
0.508
0.524
0.5720000000000001
0.542
0.5860000000000001
0.58
0.5760000000000001
0.5940000000000001
0.612
0.59
0.5740000000000001
0.5519999999999999
0.5660000000000001
0.596
0.542
0.624
0.6119999999999999
0.538
0.592
0.588
0.582
0.58
0.564
0.5619999999999999
0.58
0.592
0.6
0.564
0.55
0.55
0.5660000000000001
0.5459999999999999
0.584
0.534
0.584
0.588
0.5599999999999999
0.598
0.592
0.602
0.6100000000000001
0.5999999999999999
0.5700000000000001
0.586
0.568
0.572
0.546
0.5599999999999999
0.592
0.602
0.5640000000000001
0.572
0.572
0.5820000000000001
0.594
0.524
0.596
0.5780000000000001
0.596
0.586
0.5780000000000001
0.562
0.5820000000000001
0.5599999999999999
0.604
0.546
0.546
0.5599999999999999
0.6
0.596
0.6
0.546
0.5660000000000001
0.588
0.5780000000000001
0.534
0.5360000000000001
0.568
0.59
0.6
0.5799999999999998
0.562
0.598
0.5760000000000001
0.584
0.5880000000000001
0.6020000000000001
0.6
0.5740000000000001
0.5800000000000001
0.568
0.602
0.594
0.562
0.5860000000000001
0.568
0.6060000000000001
0.598
0.5660000000000001
0.5599999999999999
0.584
0.568
0.6
0.568
0.6060000000000001
0.594
0.5940000000000001
0.534
0.5900000000000001
0.616
0.538
0.57
0.578
0.546
0.5860000000000001
0.588
0.588
0.614
0.5740000000000001
0.572
0.576
0.586
0.6
0.604
0.58
0.5639999999999998
0.5700000000000001
0.6
0.568
0.6060000000000001
0.572
0.594
0.56
0.602
0.6199999999999999
0.604
0.59
0.59
0.5760000000000001
0.5680000000000001
0.5880000000000001
0.61
0.576
0.604
0.592
0.54
0.576
0.614
0.598
0.554
0.578
0.576
0.6
0.58
0.5980000000000001
0.5820000000000001
0.5640000000000001
0.5579999999999999
0.59
0.594
0.608
0.584
0.558
0.602
0.594
0.584
0.584
0.546
0.534
0.584
0.6020000000000001
0.534
0.5840000000000001
0.536
