0.58
0.532
0.55
0.5780000000000001
0.572
0.5820000000000001
0.5900000000000001
0.58
0.58
0.548
0.534
0.5640000000000001
0.518
0.568
0.55
0.53
0.592
0.586
0.5399999999999999
0.5920000000000001
0.5800000000000001
0.54
0.59
0.5980000000000001
0.612
0.576
0.55
0.5940000000000001
0.598
0.5660000000000001
0.5700000000000001
0.584
0.5820000000000001
0.5720000000000001
0.572
0.5900000000000001
0.5780000000000001
0.5860000000000001
0.536
0.612
0.6180000000000001
0.5900000000000001
0.61
0.586
0.5700000000000001
0.548
0.5900000000000001
0.5700000000000001
0.562
0.562
0.5359999999999999
0.596
0.578
0.5780000000000001
0.5860000000000001
0.604
0.556
0.534
0.5660000000000001
0.594
0.586
0.5900000000000001
0.5740000000000001
0.5760000000000001
0.578
0.558
0.562
0.5720000000000001
0.564
0.5780000000000001
0.6
0.604
0.5800000000000001
0.554
0.5599999999999999
0.594
0.5820000000000001
0.59
0.57
0.5820000000000001
0.5800000000000001
0.564
0.5700000000000001
0.552
0.55
0.6039999999999999
0.5960000000000001
0.612
0.548
0.518
0.634
0.5820000000000001
0.526
0.5399999999999999
