0.536
0.516
0.6199999999999999
0.5840000000000001
0.564
0.556
0.536
0.5800000000000001
0.508
0.544
0.532
0.5960000000000001
0.536
0.528
0.54
0.544
0.5680000000000001
0.532
0.54
0.548
0.56
0.516
0.5680000000000001
0.548
0.536
0.556
0.5720000000000001
0.556
0.54
0.632
0.5640000000000001
0.54
0.576
0.5640000000000001
0.592
0.552
0.528
0.544
0.636
0.552
0.584
0.552
0.5599999999999999
0.5640000000000001
0.516
0.54
0.5840000000000001
0.568
0.644
0.544
0.5760000000000001
0.528
0.5800000000000001
0.512
0.5920000000000001
0.56
0.556
0.56
0.556
0.5680000000000001
0.548
0.584
0.56
0.6120000000000001
0.532
0.608
0.608
0.552
0.5800000000000001
0.5840000000000001
0.532
0.556
0.5760000000000001
0.508
0.528
0.56
0.536
