0.552
0.556
0.5760000000000001
0.508
0.56
0.5559999999999999
0.56
0.548
0.56
0.5680000000000001
0.5720000000000001
0.5800000000000001
0.532
0.54
0.548
0.54
0.56
0.512
0.548
0.608
0.5760000000000001
0.52
0.52
0.5519999999999999
0.5840000000000001
0.552
0.556
0.596
0.612
0.5680000000000001
0.548
0.5800000000000001
0.536
0.524
0.548
0.5599999999999999
0.544
0.5760000000000001
0.5880000000000001
0.6040000000000001
0.5960000000000001
0.544
0.5599999999999999
0.5640000000000001
0.536
0.548
0.524
0.6
0.56
0.508
0.5840000000000001
0.56
0.5880000000000001
0.5760000000000001
0.532
0.5720000000000001
0.552
0.6080000000000001
0.592
0.5760000000000001
0.508
0.532
0.556
0.548
0.5720000000000001
0.556
0.548
0.5920000000000001
0.6040000000000001
0.552
0.54
0.5680000000000001
0.56
0.54
0.5760000000000001
0.568
0.5880000000000001
0.56
0.548
0.556
0.5720000000000001
0.556
0.6
0.584
0.524
0.564
0.5920000000000001
0.596
0.5760000000000001
0.548
0.5840000000000001
0.5640000000000001
0.528
0.544
0.5720000000000001
0.556
0.5720000000000001
0.536
0.56
0.596
0.512
0.6040000000000001
0.616
0.5840000000000001
0.528
0.528
0.516
0.552
0.552
0.62
0.6
0.556
0.536
0.5800000000000001
0.5640000000000001
0.512
0.54
0.58
0.5680000000000001
0.556
0.552
0.512
0.544
0.5800000000000001
0.556
0.5920000000000001
0.5680000000000001
0.556
0.596
0.56
0.6040000000000001
0.6160000000000001
0.544
0.512
0.512
0.552
0.5680000000000001
0.5680000000000001
0.624
0.532
0.596
0.512
