0.607
0.575
0.595
0.616
0.554
0.5860000000000001
0.5499999999999999
0.583
0.587
0.573
0.5890000000000001
0.587
0.556
0.585
0.5880000000000001
0.596
0.564
0.58
0.594
0.595
0.585
0.542
0.603
0.602
0.573
0.557
0.567
0.5479999999999999
0.599
0.5660000000000001
0.567
0.5980000000000001
0.5630000000000001
0.58
0.608
0.5509999999999999
0.5900000000000001
0.6
0.602
0.585
0.5730000000000001
0.577
0.6
0.608
0.5959999999999999
0.599
0.5730000000000001
0.568
0.548
0.592
0.5980000000000001
0.568
0.5609999999999999
0.5900000000000001
0.546
0.588
