0.5783333333333334
0.5616666666666668
0.5766666666666668
0.5433333333333332
0.6116666666666667
0.5966666666666667
0.6116666666666667
0.6133333333333334
0.56
0.5666666666666667
0.6083333333333334
0.5533333333333333
0.5933333333333333
0.5716666666666667
0.5866666666666667
0.58
0.5950000000000001
0.5916666666666667
0.575
0.5783333333333334
0.5833333333333334
0.5883333333333333
0.6033333333333333
0.6216666666666667
0.5833333333333333
0.6050000000000001
0.5633333333333332
0.5883333333333333
0.5916666666666667
0.5683333333333334
0.5983333333333334
0.5816666666666667
0.585
0.5916666666666666
0.5850000000000001
0.5683333333333334
0.5866666666666667
0.5716666666666667
0.5966666666666666
0.6116666666666667
0.5716666666666667
0.5633333333333332
0.595
0.585
0.5800000000000001
0.565
0.585
0.6066666666666667
0.5916666666666666
0.615
0.5650000000000001
0.6166666666666667
0.5599999999999999
0.6016666666666667
0.6050000000000001
0.57
0.5599999999999999
0.5683333333333334
0.5650000000000001
0.5816666666666667
0.5716666666666667
0.6200000000000001
0.6083333333333333
0.585
0.595
0.605
0.5733333333333335
0.5883333333333334
0.5883333333333333
0.61
