0.6039999999999999
0.5533333333333333
0.6226666666666667
0.6266666666666667
0.5879999999999999
0.6066666666666667
0.612
0.5346666666666666
0.5880000000000001
0.6026666666666667
0.604
0.5773333333333334
0.5826666666666667
0.616
0.5880000000000001
0.6106666666666667
0.6213333333333333
0.54
0.568
0.6093333333333333
0.6066666666666667
0.6093333333333333
0.6266666666666666
0.5826666666666667
0.6013333333333334
0.6093333333333333
0.6253333333333334
0.5866666666666667
0.6093333333333333
0.5586666666666666
0.6173333333333334
0.556
0.6333333333333334
0.6266666666666667
0.5866666666666667
0.564
0.5653333333333334
0.6146666666666667
0.5493333333333333
0.5773333333333334
0.564
0.5866666666666667
0.5666666666666667
0.56
0.616
0.5973333333333333
0.5893333333333334
0.5546666666666666
0.616
0.5893333333333333
0.572
0.6173333333333334
0.6213333333333333
0.62
0.58
0.5866666666666667
0.5893333333333334
0.5893333333333334
0.5773333333333334
0.564
0.6026666666666667
0.5853333333333334
0.6066666666666667
0.5946666666666667
0.62
0.592
0.6133333333333333
0.604
0.6066666666666667
0.6013333333333334
0.6133333333333333
0.5986666666666667
0.5786666666666667
0.5986666666666667
0.5746666666666667
0.5599999999999999
0.5946666666666667
0.6266666666666667
0.6053333333333333
0.6293333333333333
0.6106666666666667
0.6226666666666667
0.5533333333333332
0.5840000000000001
0.5786666666666667
0.6093333333333333
0.6213333333333333
0.6226666666666667
0.5906666666666667
0.604
0.6213333333333333
0.584
0.5973333333333333
0.6053333333333333
0.5653333333333335
0.5946666666666667
0.5613333333333335
0.6226666666666667
0.62
0.608
0.5493333333333333
0.5853333333333334
0.6199999999999999
0.6026666666666667
0.6333333333333334
0.6253333333333333
0.6146666666666667
0.5786666666666667
0.5933333333333334
0.5893333333333333
0.5626666666666666
0.5653333333333332
0.544
0.6226666666666667
0.6346666666666667
0.5479999999999999
0.5813333333333333
0.5613333333333334
0.6199999999999999
0.5853333333333333
0.5973333333333334
0.5519999999999999
0.5653333333333334
0.5853333333333334
0.6013333333333334
0.5839999999999999
0.612
0.616
0.584
0.6026666666666667
0.5626666666666666
0.5906666666666667
0.6013333333333333
0.552
0.5893333333333334
0.608
0.5546666666666666
0.5853333333333333
0.588
0.5813333333333334
0.5853333333333334
0.6106666666666667
0.5426666666666667
0.5439999999999999
0.6146666666666667
0.596
0.5826666666666667
0.6
0.58
0.6093333333333333
0.5973333333333333
0.6026666666666667
0.5813333333333333
0.584
0.6159999999999999
0.5933333333333334
0.6013333333333334
0.5319999999999999
0.58
0.6173333333333333
0.6026666666666667
0.6053333333333333
0.588
0.5853333333333334
0.5640000000000001
0.5813333333333334
0.572
0.6026666666666667
0.588
0.6199999999999999
0.6093333333333334
0.6120000000000001
0.5880000000000001
0.596
0.5746666666666667
0.6226666666666667
0.6093333333333334
0.5986666666666667
0.6146666666666667
0.6226666666666667
0.6133333333333333
0.5613333333333334
0.5853333333333334
0.5906666666666667
0.6186666666666666
0.6173333333333334
0.6186666666666667
0.5493333333333335
0.6066666666666667
0.584
0.6119999999999999
0.604
0.5479999999999999
0.6066666666666667
0.6
0.5853333333333334
0.5946666666666667
0.604
0.5613333333333334
0.5573333333333332
0.5960000000000001
0.5853333333333334
0.608
0.5973333333333333
0.5533333333333333
0.6266666666666667
0.5506666666666667
0.5893333333333334
0.6186666666666667
0.5853333333333334
0.5666666666666667
0.5986666666666667
0.588
0.5853333333333334
0.5773333333333334
0.604
0.5426666666666667
0.6013333333333333
0.5706666666666667
0.6186666666666667
0.5733333333333335
0.6173333333333332
0.5786666666666667
0.5826666666666667
0.5813333333333335
0.5653333333333334
0.596
0.6173333333333334
0.5559999999999999
0.5693333333333334
0.6013333333333334
0.6133333333333333
0.6226666666666667
0.6
0.6013333333333334
0.5613333333333334
0.5533333333333333
0.6093333333333334
0.5893333333333335
0.6133333333333334
0.5933333333333334
0.5906666666666667
0.592
0.5946666666666667
0.6186666666666667
0.564
0.6
0.564
0.5253333333333333
0.6186666666666667
0.6106666666666667
0.6093333333333334
0.5693333333333334
0.6266666666666667
0.6
0.6066666666666667
0.608
0.6120000000000001
0.6093333333333334
0.6133333333333333
0.5799999999999998
0.592
0.5693333333333334
0.616
0.6173333333333334
0.5946666666666667
0.6159999999999999
0.5706666666666667
0.6293333333333333
0.6186666666666667
0.592
0.6106666666666667
0.5640000000000001
0.6053333333333333
0.5973333333333334
0.6093333333333334
0.6040000000000001
0.6133333333333334
0.5626666666666666
0.6213333333333333
0.5693333333333334
0.6093333333333334
0.6159999999999999
0.5746666666666667
0.5893333333333334
0.584
0.62
0.5986666666666667
0.5946666666666667
0.6226666666666667
0.616
0.572
0.6119999999999999
0.6040000000000001
0.5946666666666667
0.6053333333333335
0.608
0.5413333333333333
0.608
0.5773333333333334
0.6040000000000001
0.6306666666666667
0.568
0.54
0.6173333333333334
0.5413333333333332
0.6
0.6106666666666667
0.6266666666666667
0.608
0.5653333333333334
0.5653333333333334
0.6253333333333333
0.5746666666666667
0.5306666666666667
0.5479999999999999
0.584
0.5813333333333333
0.6
0.5786666666666667
0.6186666666666667
0.612
0.5426666666666666
0.5666666666666667
0.6
0.5773333333333334
0.576
0.6266666666666667
0.6013333333333334
0.616
0.6106666666666667
0.6066666666666667
0.6266666666666667
0.5586666666666666
0.6133333333333334
0.596
0.608
0.5973333333333333
0.6026666666666667
0.5893333333333333
0.5986666666666667
0.6066666666666667
0.596
0.6199999999999999
0.612
0.5880000000000001
0.6
0.548
0.6
0.5626666666666666
0.6040000000000001
0.5693333333333334
0.6426666666666667
0.6053333333333334
0.5306666666666666
0.5973333333333333
0.576
0.576
0.6066666666666667
0.6066666666666667
0.5853333333333334
0.6133333333333334
0.5866666666666667
0.5853333333333334
0.5986666666666667
0.6133333333333334
0.5813333333333334
0.564
0.5799999999999998
0.5933333333333334
0.5586666666666666
0.608
0.6213333333333333
0.5906666666666667
0.5546666666666666
0.6093333333333334
0.6053333333333333
0.5666666666666667
0.5946666666666667
0.5706666666666667
0.6026666666666667
0.6053333333333334
0.5733333333333333
0.6066666666666667
0.596
0.6266666666666667
0.576
0.6266666666666667
0.5626666666666666
0.616
0.5626666666666666
0.6066666666666667
0.5906666666666667
0.5986666666666667
0.608
0.5346666666666667
0.592
0.6253333333333334
0.6199999999999999
0.5653333333333334
0.5826666666666667
0.604
0.5893333333333334
0.6106666666666667
0.6093333333333334
0.6226666666666667
0.5693333333333332
0.5493333333333335
0.5706666666666667
0.608
0.592
0.5853333333333334
0.6346666666666667
0.616
0.5959999999999999
0.5719999999999998
0.592
0.5666666666666667
0.6013333333333334
0.5666666666666667
0.6173333333333333
0.5506666666666666
0.6106666666666667
0.6213333333333333
0.6133333333333333
0.5373333333333333
0.6226666666666667
0.6106666666666667
0.5666666666666667
0.5773333333333334
0.576
0.5800000000000001
0.568
0.5893333333333334
0.6026666666666666
0.616
0.5986666666666667
0.5893333333333335
0.5799999999999998
0.5533333333333333
0.5986666666666667
0.604
0.5866666666666667
0.576
0.568
0.6186666666666667
0.6133333333333334
0.5746666666666667
0.6026666666666667
0.6000000000000001
0.5733333333333334
0.6053333333333335
0.5986666666666667
0.616
0.584
0.6066666666666667
0.5946666666666667
0.604
0.6253333333333333
0.608
0.6093333333333334
0.572
0.6226666666666667
0.6133333333333334
0.604
0.6093333333333334
0.5720000000000001
0.6146666666666667
0.576
0.6013333333333334
0.5799999999999998
0.6106666666666667
0.56
0.58
0.6026666666666667
0.6013333333333333
0.624
0.6
0.6306666666666667
0.5826666666666667
0.5466666666666666
0.5373333333333333
0.5706666666666667
0.5866666666666667
0.5533333333333333
0.6186666666666667
0.5906666666666667
0.576
0.58
0.5746666666666667
0.584
0.5866666666666667
0.5680000000000001
0.5973333333333334
0.5786666666666667
0.5533333333333333
0.6053333333333334
0.56
0.6173333333333333
0.5706666666666667
0.5653333333333334
0.5959999999999999
0.6133333333333333
0.5826666666666667
0.6186666666666667
0.612
0.6133333333333333
0.5786666666666667
0.6213333333333333
0.5653333333333334
0.6173333333333334
0.616
0.6146666666666667
0.5999999999999999
0.5733333333333335
0.5773333333333334
0.5706666666666667
0.6106666666666666
0.6106666666666667
0.5773333333333334
0.5960000000000001
0.6200000000000001
0.588
0.6026666666666667
0.6120000000000001
0.604
0.6133333333333334
0.6186666666666666
0.5933333333333334
0.62
0.6066666666666667
0.588
0.6253333333333332
0.5453333333333333
0.616
0.5786666666666667
0.5906666666666667
0.5466666666666666
0.6213333333333333
0.5933333333333334
0.5973333333333334
0.6
0.6
0.6213333333333334
0.6013333333333334
0.6093333333333333
0.5733333333333334
0.616
0.5986666666666667
0.5973333333333333
0.6146666666666667
0.572
0.6213333333333334
0.6026666666666666
0.5586666666666666
0.5946666666666667
0.6026666666666667
0.6053333333333334
0.5853333333333333
0.572
0.5986666666666667
0.6053333333333334
0.6213333333333334
0.6199999999999999
0.5986666666666667
0.6093333333333334
0.5866666666666667
0.568
0.5933333333333334
0.5973333333333334
0.5693333333333334
0.5933333333333334
0.6186666666666667
0.5800000000000001
0.6039999999999999
0.5506666666666666
0.608
0.5653333333333332
0.5906666666666667
0.572
0.6
0.5866666666666667
0.5546666666666666
0.576
0.608
0.5853333333333334
0.608
0.5973333333333333
0.568
0.624
0.616
0.5453333333333332
0.608
0.5853333333333334
0.6000000000000001
0.5573333333333335
0.5906666666666667
0.5813333333333335
0.616
0.612
0.5733333333333334
0.6079999999999999
0.6106666666666667
0.5866666666666667
0.6146666666666667
0.5706666666666667
0.5800000000000001
0.6226666666666667
0.5893333333333333
0.6026666666666667
0.6186666666666666
0.5826666666666667
0.6133333333333333
0.6066666666666667
0.608
0.5946666666666667
0.5706666666666667
0.6040000000000001
0.604
0.6040000000000001
0.62
0.5733333333333334
0.5706666666666667
0.6333333333333332
0.5973333333333333
0.6093333333333333
0.5866666666666667
0.5733333333333333
0.5946666666666667
0.6199999999999999
0.6173333333333333
0.6226666666666667
0.5866666666666667
0.568
0.6119999999999999
0.608
0.616
0.5973333333333334
0.6
0.5946666666666666
0.6133333333333334
0.6173333333333334
0.6013333333333334
0.5986666666666667
0.5493333333333335
0.6146666666666667
0.588
0.6199999999999999
0.5906666666666667
0.6026666666666667
0.5813333333333334
0.612
0.6
0.6013333333333334
0.5573333333333333
0.612
0.5786666666666667
0.6279999999999999
0.6066666666666667
0.5653333333333334
0.5799999999999998
0.6146666666666667
0.5933333333333333
0.5826666666666667
0.5973333333333333
0.5413333333333333
0.6119999999999999
0.6106666666666667
0.5879999999999999
0.616
0.6013333333333333
0.62
0.6146666666666667
0.5933333333333333
0.5746666666666667
0.6093333333333333
0.5786666666666667
0.6186666666666667
0.6106666666666667
0.6186666666666667
0.5586666666666666
0.6266666666666667
0.5773333333333334
0.5906666666666667
0.6226666666666667
0.592
0.5506666666666666
0.6119999999999999
0.612
0.624
0.6199999999999999
0.6133333333333334
0.576
0.612
0.616
0.5613333333333334
0.6066666666666667
0.584
0.5546666666666666
0.576
0.5146666666666666
0.6053333333333334
0.5346666666666666
0.6266666666666666
0.608
0.6039999999999999
0.604
0.5933333333333334
0.5640000000000001
0.5626666666666666
0.5933333333333334
0.5946666666666667
0.6213333333333333
0.5973333333333334
0.6106666666666667
0.5773333333333334
0.5453333333333333
0.604
0.5733333333333334
0.6040000000000001
0.6053333333333334
0.6159999999999999
0.5933333333333334
0.5119999999999999
0.5853333333333334
0.6173333333333334
0.604
0.6066666666666667
0.5626666666666666
0.616
0.5746666666666667
0.608
0.5946666666666667
0.5733333333333334
0.5413333333333332
0.6133333333333333
0.5746666666666667
0.5853333333333334
0.596
0.5626666666666666
0.596
0.5426666666666666
0.5693333333333334
0.588
0.6119999999999999
0.6093333333333332
0.6146666666666666
0.5706666666666667
0.5826666666666667
0.5813333333333333
0.592
0.5786666666666667
0.592
0.6146666666666667
0.5986666666666667
0.6159999999999999
0.5853333333333333
0.5880000000000001
0.588
0.62
0.6213333333333333
0.6039999999999999
0.6186666666666667
0.5893333333333333
0.6133333333333334
0.568
0.604
0.588
0.6146666666666667
0.5973333333333333
0.5813333333333334
0.608
0.5479999999999999
0.5453333333333333
0.6133333333333334
0.5946666666666667
0.6133333333333333
0.5533333333333333
0.556
0.62
0.6066666666666667
0.5986666666666667
0.5986666666666667
0.5426666666666666
0.6119999999999999
0.592
0.5266666666666666
0.5653333333333332
0.6093333333333334
0.5933333333333334
0.5813333333333334
0.612
0.5986666666666667
0.5959999999999999
0.6173333333333333
0.6066666666666667
0.5666666666666667
0.6266666666666667
0.608
0.5519999999999999
0.5599999999999999
0.5933333333333334
0.6013333333333333
0.5786666666666667
0.5893333333333334
0.596
0.5813333333333333
0.5906666666666667
0.5746666666666667
0.592
0.5666666666666667
0.5693333333333334
0.6146666666666667
0.5973333333333333
0.5786666666666667
0.556
0.5746666666666667
0.6133333333333333
0.5439999999999999
0.6026666666666667
0.6066666666666667
0.5840000000000001
0.616
0.6253333333333334
0.5813333333333334
0.5933333333333333
0.588
0.592
0.5906666666666667
0.6186666666666667
0.5599999999999999
0.568
0.5773333333333334
0.5946666666666666
0.6013333333333333
0.5573333333333333
0.584
0.624
0.6239999999999999
0.5773333333333334
0.596
0.6066666666666667
0.612
0.624
0.62
0.6106666666666667
0.5826666666666667
0.5706666666666667
0.5986666666666667
0.5826666666666667
0.6146666666666667
0.6053333333333334
0.5666666666666667
0.6013333333333334
0.6213333333333334
0.6226666666666667
0.5906666666666667
0.6053333333333334
0.6293333333333333
0.58
0.6053333333333334
0.5533333333333335
0.5813333333333334
0.58
0.5973333333333333
0.576
0.5986666666666667
0.6026666666666667
0.5719999999999998
0.6119999999999999
0.6226666666666667
0.6026666666666667
0.5746666666666668
0.5666666666666667
0.5986666666666667
0.6173333333333334
0.6146666666666667
0.5746666666666667
0.6013333333333334
0.6053333333333334
0.5733333333333333
0.5293333333333333
0.6266666666666666
0.58
0.6186666666666666
0.58
0.6186666666666667
0.604
0.6186666666666667
0.56
0.5640000000000001
0.6133333333333333
0.5973333333333333
0.6106666666666666
0.5786666666666667
0.5746666666666667
0.5946666666666667
0.6013333333333334
0.6133333333333334
0.5800000000000001
0.6026666666666667
0.624
0.58
0.62
0.6119999999999999
0.62
0.5933333333333334
0.6173333333333334
0.5906666666666667
0.6026666666666667
0.628
0.5973333333333333
0.5853333333333334
0.5906666666666667
0.5706666666666667
0.616
0.6013333333333334
0.5986666666666667
0.5973333333333334
0.5960000000000001
0.5853333333333334
0.616
0.5626666666666666
0.6013333333333334
0.6013333333333334
0.5906666666666667
0.5733333333333334
0.5573333333333333
0.616
0.5946666666666667
0.6106666666666667
0.6
0.6146666666666667
0.592
0.6213333333333333
0.6106666666666667
0.5519999999999999
0.5453333333333333
0.6053333333333333
0.5746666666666667
0.6159999999999999
0.6066666666666667
0.5813333333333333
0.6066666666666667
0.6
0.5906666666666667
0.5693333333333334
0.516
0.6066666666666667
0.6333333333333333
0.5733333333333334
0.5599999999999999
0.6066666666666667
0.6226666666666666
0.612
0.6279999999999999
0.6146666666666666
0.5813333333333333
0.6106666666666667
0.6093333333333334
0.6106666666666667
0.6093333333333334
0.5973333333333334
0.6199999999999999
0.6013333333333334
0.576
0.5799999999999998
0.6213333333333333
0.596
0.568
0.5946666666666667
0.5706666666666667
0.5906666666666667
0.6133333333333333
0.6
0.5599999999999999
0.612
0.612
0.6093333333333334
0.5893333333333333
0.604
0.6026666666666667
0.608
0.6133333333333333
0.5613333333333334
0.5933333333333333
0.5893333333333334
0.556
0.6133333333333334
0.5853333333333333
0.5853333333333334
0.6066666666666667
0.5773333333333334
0.6093333333333334
0.6013333333333334
0.592
0.592
0.62
0.5680000000000001
0.5733333333333334
0.6173333333333334
0.5813333333333334
0.6093333333333333
0.6186666666666667
0.5986666666666667
0.6
0.58
0.5986666666666667
0.6026666666666667
0.6106666666666666
0.6159999999999999
0.6026666666666667
0.6213333333333333
0.6266666666666667
0.5840000000000001
0.5933333333333334
0.6013333333333334
0.636
0.6079999999999999
0.5893333333333335
0.5959999999999999
0.5773333333333334
0.6026666666666667
0.5666666666666667
0.632
0.608
0.6026666666666667
0.6053333333333333
0.6053333333333333
0.5960000000000001
0.6253333333333333
0.5666666666666667
0.6173333333333334
0.624
0.5813333333333333
0.6093333333333334
0.6066666666666667
0.608
0.592
0.572
0.6119999999999999
0.6173333333333333
0.5906666666666667
0.624
0.6039999999999999
0.624
0.6053333333333333
0.6
0.6173333333333334
0.6119999999999999
0.5999999999999999
0.6133333333333333
0.612
0.6133333333333333
0.5773333333333334
0.612
0.5253333333333333
0.5813333333333333
0.5533333333333333
0.6026666666666667
0.616
0.6186666666666667
0.576
0.5866666666666667
0.6013333333333334
0.5626666666666666
0.6146666666666667
0.5653333333333335
0.5386666666666666
0.5893333333333333
0.5999999999999999
0.5706666666666667
0.6079999999999999
0.592
0.5973333333333334
0.5946666666666667
0.6066666666666667
0.5826666666666667
0.6186666666666667
0.5986666666666667
0.6026666666666667
0.58
0.552
0.624
0.6093333333333334
0.5546666666666666
0.6039999999999999
0.5826666666666667
0.6146666666666667
0.6013333333333334
0.6173333333333334
0.568
0.6
0.5640000000000001
0.6093333333333334
0.6053333333333333
0.5933333333333333
0.612
0.6066666666666667
0.6053333333333333
0.6093333333333334
0.6066666666666667
0.6133333333333333
0.576
0.6013333333333334
0.62
0.5680000000000001
0.62
0.6293333333333334
0.6066666666666667
0.576
0.6040000000000001
0.6133333333333334
0.5826666666666667
0.6026666666666667
0.5733333333333334
0.6213333333333334
0.5746666666666667
0.5773333333333334
0.5853333333333334
0.6266666666666667
0.6213333333333334
0.564
0.6146666666666667
0.6
0.6146666666666667
0.6106666666666667
0.6293333333333333
0.6
0.5853333333333334
0.6119999999999999
0.564
0.5893333333333334
0.6133333333333333
0.608
0.6026666666666667
0.6066666666666667
0.5613333333333334
0.6133333333333333
0.5893333333333333
0.6199999999999999
0.616
0.6146666666666667
0.584
0.6226666666666667
0.5613333333333334
0.612
0.592
0.6266666666666667
0.6120000000000001
0.608
0.5973333333333334
0.6013333333333334
0.6
0.6026666666666667
0.6293333333333333
0.6146666666666667
0.6119999999999999
0.5533333333333333
0.5986666666666667
0.608
0.6213333333333334
0.608
0.6226666666666667
0.5973333333333334
0.576
0.6266666666666667
0.6026666666666667
0.592
0.6213333333333333
0.608
0.5879999999999999
0.5626666666666666
0.6213333333333333
0.6053333333333333
0.628
0.6266666666666667
0.5626666666666666
0.5946666666666667
0.6173333333333334
0.6146666666666667
0.6106666666666667
0.6293333333333333
0.6066666666666667
0.6000000000000001
0.5773333333333334
0.616
0.6253333333333333
0.5493333333333333
0.596
0.6119999999999999
0.6013333333333333
0.6346666666666667
0.612
0.568
0.6119999999999999
0.6119999999999999
0.5773333333333334
0.6093333333333333
0.5413333333333333
0.5640000000000001
0.6026666666666667
0.6013333333333333
0.6066666666666667
0.6013333333333334
0.624
0.5933333333333334
0.6119999999999999
0.6106666666666667
0.6213333333333333
0.616
0.6133333333333334
0.6359999999999999
0.6106666666666667
0.6199999999999999
0.5733333333333333
0.6013333333333334
0.616
0.6093333333333333
0.5866666666666667
0.6093333333333334
0.568
0.56
0.5733333333333333
0.6026666666666667
0.576
0.6333333333333334
0.6253333333333334
0.5879999999999999
0.6
0.584
0.6066666666666667
0.5653333333333334
0.5973333333333333
0.5479999999999999
0.624
0.5933333333333334
0.5746666666666667
0.5973333333333333
0.6066666666666667
0.592
0.5826666666666667
0.5653333333333334
0.6293333333333333
0.6253333333333334
0.6053333333333333
0.592
0.6293333333333334
0.54
0.6173333333333333
0.6253333333333333
0.616
0.5906666666666667
0.5773333333333334
0.6093333333333333
0.604
0.5893333333333333
0.6173333333333334
0.6119999999999999
0.5826666666666667
0.6173333333333334
0.62
0.6213333333333333
0.616
0.5719999999999998
0.5866666666666667
0.5786666666666667
0.5626666666666666
0.612
0.5866666666666667
0.5853333333333334
0.6346666666666667
0.5693333333333334
0.6213333333333333
0.6333333333333334
0.6146666666666667
0.604
0.5786666666666667
0.6026666666666667
0.5853333333333334
0.576
0.5826666666666667
0.5826666666666667
0.5893333333333334
0.5626666666666666
0.5773333333333334
0.5986666666666667
0.592
0.6133333333333333
0.612
0.6266666666666666
0.5933333333333334
0.6106666666666667
0.5866666666666667
0.6066666666666667
0.5680000000000001
0.5906666666666667
0.6040000000000001
0.6186666666666667
0.5720000000000001
0.6
0.6346666666666666
0.6146666666666667
0.5906666666666667
0.6146666666666667
0.6186666666666667
0.6146666666666667
0.6146666666666667
0.6013333333333334
0.5960000000000001
0.5893333333333334
0.6013333333333333
0.5986666666666667
0.6133333333333334
0.588
0.5946666666666667
0.5853333333333334
0.5866666666666667
0.5866666666666667
0.6119999999999999
0.6053333333333335
0.6106666666666667
0.624
0.628
0.624
0.6
0.6199999999999999
0.5866666666666667
0.592
0.608
0.5773333333333334
0.5719999999999998
0.5653333333333334
0.6173333333333334
0.5973333333333334
0.6293333333333333
0.6093333333333334
0.6106666666666667
0.5746666666666667
0.6253333333333334
0.6093333333333334
0.6146666666666667
0.6000000000000001
0.5653333333333334
0.584
0.5933333333333334
0.604
0.6093333333333334
0.6173333333333334
0.596
0.5746666666666667
0.6106666666666667
0.616
0.5773333333333334
0.6093333333333334
0.5946666666666667
0.6066666666666667
0.5973333333333333
0.5853333333333334
0.5973333333333333
0.604
0.5706666666666665
0.5866666666666667
0.624
0.6146666666666667
0.5826666666666667
0.632
0.6213333333333334
0.6093333333333333
0.6066666666666667
0.6146666666666667
0.624
0.5533333333333333
0.6173333333333334
0.5746666666666667
0.6053333333333334
0.6013333333333334
0.6119999999999999
0.576
0.5906666666666667
0.5880000000000001
0.5586666666666666
0.5946666666666666
0.6186666666666667
0.5519999999999999
0.5906666666666667
0.5493333333333333
0.592
0.5813333333333334
0.5906666666666667
0.584
0.6026666666666667
0.6186666666666667
0.6186666666666667
0.6053333333333333
0.6253333333333334
0.6200000000000001
0.5960000000000001
0.5880000000000001
0.5813333333333334
0.6173333333333333
0.6093333333333334
0.5666666666666667
0.5786666666666667
0.6066666666666667
0.5626666666666666
0.5720000000000001
0.584
0.6106666666666667
0.5826666666666667
0.6053333333333334
0.612
0.5680000000000001
0.6186666666666667
0.6053333333333333
0.5733333333333333
0.588
0.5813333333333334
0.5893333333333333
0.5946666666666667
0.6066666666666667
0.5626666666666666
0.6093333333333334
0.6359999999999999
0.5733333333333333
0.5573333333333335
0.5946666666666667
0.5693333333333334
0.592
0.5946666666666667
0.5680000000000001
0.6186666666666666
0.6200000000000001
0.5666666666666667
0.608
0.5573333333333332
0.6066666666666667
0.6119999999999999
