0.5960000000000001
0.588
0.508
0.5760000000000001
0.548
0.592
0.5920000000000001
0.508
0.528
0.5960000000000001
0.6160000000000001
0.5760000000000001
0.5640000000000001
0.596
0.552
0.6399999999999999
0.5680000000000001
0.576
0.524
0.584
0.56
0.548
0.6160000000000001
0.54
0.64
0.5680000000000001
0.5599999999999999
0.52
0.56
0.508
0.596
0.544
0.628
0.584
0.548
0.548
0.592
0.54
0.528
0.648
0.536
0.6
0.56
0.512
0.5599999999999999
0.6000000000000001
0.552
0.548
0.54
0.5680000000000001
0.552
0.54
0.54
0.548
0.56
0.532
0.536
0.552
0.608
0.5599999999999999
0.544
0.528
0.548
0.5960000000000001
0.5760000000000001
0.516
0.508
0.544
0.5800000000000001
0.544
0.612
0.508
0.584
0.6080000000000001
0.54
0.536
0.552
0.5920000000000001
0.536
0.552
0.532
0.5800000000000001
0.524
0.5599999999999999
0.52
0.548
0.528
0.5760000000000001
0.6240000000000001
0.604
0.6120000000000001
0.56
0.556
0.508
0.5640000000000001
0.508
0.524
0.5680000000000001
0.5800000000000001
0.592
0.5840000000000001
0.556
0.52
0.544
0.608
0.548
0.576
0.536
0.5640000000000001
0.588
0.52
0.516
0.5760000000000001
0.5680000000000001
0.572
0.556
0.508
0.5720000000000001
0.54
0.5800000000000001
0.596
0.544
0.5760000000000001
0.648
0.56
0.612
0.52
0.524
0.5960000000000001
0.616
0.536
0.5680000000000001
0.62
0.588
0.576
0.548
0.5800000000000001
0.552
0.5880000000000001
0.508
0.5640000000000001
0.556
0.5920000000000001
0.64
0.552
0.5960000000000001
0.58
0.5800000000000001
0.516
0.54
0.532
0.544
0.5880000000000001
0.552
