0.6016666666666666
0.6
0.6033333333333334
0.57
0.5816666666666667
0.5783333333333334
0.5733333333333335
0.5816666666666667
0.6
0.5850000000000001
0.6050000000000001
0.6066666666666667
0.5983333333333333
0.61
0.61
0.5800000000000001
0.5850000000000001
0.5666666666666667
0.5833333333333334
0.57
0.6116666666666667
0.5900000000000001
0.5666666666666667
0.5933333333333334
0.5900000000000001
0.5716666666666667
0.5483333333333332
0.5833333333333334
0.5633333333333332
0.6033333333333333
0.585
0.6116666666666667
0.5683333333333332
0.6083333333333333
0.5833333333333333
0.5766666666666665
0.58
0.5966666666666667
0.5900000000000001
0.5916666666666667
0.6016666666666667
0.595
0.5866666666666667
0.605
0.6083333333333332
0.5683333333333334
0.5599999999999999
0.6066666666666667
0.61
0.6049999999999999
0.5816666666666667
0.6133333333333334
0.5816666666666668
0.575
0.5866666666666667
0.595
0.6
0.5766666666666667
0.585
0.565
0.595
0.595
0.6083333333333334
0.6033333333333333
0.6066666666666667
0.62
0.57
0.625
0.5666666666666667
0.6033333333333333
0.5766666666666667
0.585
0.5816666666666667
0.5916666666666667
0.6
0.6
0.615
0.605
0.6133333333333333
0.5933333333333333
0.5916666666666666
0.5883333333333333
0.6083333333333334
0.5916666666666666
0.5916666666666667
0.5683333333333332
0.6133333333333334
0.6050000000000001
0.6116666666666667
0.5966666666666667
0.5666666666666667
0.5883333333333333
0.625
0.5966666666666667
0.5783333333333334
0.59
0.5683333333333334
0.5950000000000001
0.5983333333333334
0.6
0.62
0.595
0.5666666666666667
0.5950000000000001
0.6066666666666667
0.5549999999999999
0.5933333333333334
0.6033333333333333
0.5900000000000001
0.6000000000000001
0.6166666666666667
0.6083333333333333
0.5883333333333334
0.5733333333333334
0.5866666666666666
0.5666666666666667
0.5966666666666667
0.6033333333333334
0.5933333333333334
0.6183333333333334
0.575
0.59
0.5900000000000001
0.5916666666666667
0.6033333333333333
0.6016666666666668
0.5933333333333334
0.5933333333333333
0.5933333333333334
0.6
0.5866666666666667
0.6116666666666667
0.595
0.5599999999999999
0.5766666666666668
0.605
0.625
0.5966666666666667
0.5433333333333332
0.6016666666666668
0.5733333333333334
0.545
0.575
0.6133333333333334
0.5766666666666668
0.6199999999999999
0.5983333333333333
0.5566666666666666
0.63
0.5883333333333333
0.6033333333333333
0.6116666666666667
0.6083333333333333
0.625
0.5533333333333333
0.5816666666666667
0.6216666666666667
0.5883333333333334
0.6216666666666667
0.6033333333333333
0.6
0.5950000000000001
0.5800000000000001
0.57
0.6016666666666667
0.6166666666666667
0.5316666666666666
0.6016666666666668
0.5733333333333335
0.5716666666666665
0.6283333333333334
0.5583333333333333
0.6
0.5916666666666667
0.615
0.5983333333333334
0.5833333333333334
0.6100000000000001
0.5933333333333333
0.5816666666666667
0.5966666666666667
0.6166666666666667
0.5966666666666667
0.5833333333333334
0.5733333333333333
0.6050000000000001
0.5966666666666667
0.5816666666666667
0.6
0.6116666666666667
0.6066666666666667
0.5816666666666667
0.6133333333333334
0.6183333333333334
0.57
0.595
0.5916666666666667
0.615
0.6083333333333333
0.6266666666666667
0.6050000000000001
0.6033333333333333
0.615
0.6183333333333334
0.6066666666666667
0.6183333333333334
0.5566666666666668
0.595
0.6016666666666668
0.6
0.5716666666666667
0.5883333333333333
0.5666666666666667
0.5783333333333334
0.6016666666666666
0.5900000000000001
0.6200000000000001
0.5833333333333334
0.5783333333333334
0.6
0.5633333333333334
0.595
0.6083333333333334
0.5716666666666665
0.5883333333333333
0.5616666666666668
0.595
0.5733333333333333
0.585
0.61
0.5900000000000001
0.6166666666666666
0.5966666666666667
0.585
0.5616666666666666
0.6133333333333333
0.6066666666666667
0.5666666666666667
0.5916666666666666
0.6183333333333334
0.5833333333333333
0.5833333333333334
0.5966666666666667
0.5883333333333333
0.5816666666666667
0.5883333333333334
0.6116666666666667
0.5833333333333334
0.5733333333333334
0.5683333333333334
0.5683333333333334
0.5966666666666667
0.5983333333333334
0.6049999999999999
0.6066666666666667
0.6033333333333333
0.5733333333333333
0.5933333333333334
0.5883333333333334
0.5900000000000001
0.6116666666666667
0.575
0.5683333333333332
0.6166666666666667
0.6066666666666667
0.6016666666666667
0.5833333333333334
0.6116666666666667
0.5900000000000001
0.6316666666666667
0.6016666666666667
0.5966666666666667
0.5766666666666668
0.5916666666666667
0.5900000000000001
0.5866666666666667
0.585
0.615
0.5716666666666667
0.6116666666666667
0.5966666666666667
0.6000000000000001
0.6066666666666667
0.6033333333333333
0.565
0.6066666666666667
0.5966666666666668
0.6016666666666667
0.5983333333333334
0.6033333333333334
0.6183333333333334
0.6000000000000001
0.585
0.6083333333333334
0.5783333333333334
0.5716666666666667
0.5816666666666667
0.5733333333333333
0.5783333333333334
0.5900000000000001
0.6050000000000001
0.6066666666666667
0.6183333333333334
0.615
0.6083333333333334
0.5866666666666667
0.5716666666666667
0.6166666666666667
0.5933333333333334
0.6033333333333333
0.5783333333333334
0.5833333333333334
0.5816666666666667
0.58
0.5933333333333332
0.6016666666666668
0.5916666666666667
0.5816666666666667
0.5783333333333334
0.5449999999999999
0.5866666666666667
0.595
0.6066666666666667
0.5800000000000001
0.6100000000000001
0.5650000000000001
0.5516666666666666
0.585
0.575
0.59
0.5800000000000001
0.6116666666666667
0.5883333333333333
0.5833333333333334
0.6083333333333334
0.5783333333333334
0.6050000000000001
0.585
0.5933333333333334
0.5616666666666666
0.5616666666666666
0.5866666666666667
0.5983333333333334
0.6100000000000001
0.54
0.6100000000000001
0.585
0.6116666666666667
0.605
0.5683333333333334
0.5983333333333334
0.5666666666666667
0.5966666666666667
0.5850000000000001
0.5800000000000001
0.595
0.5766666666666667
0.585
0.5866666666666667
0.5933333333333334
0.6116666666666667
0.5783333333333334
0.5733333333333334
0.5883333333333333
0.5866666666666667
0.6033333333333333
0.6233333333333334
0.5666666666666667
0.5850000000000001
0.5816666666666667
0.5583333333333333
0.575
0.5766666666666665
0.5883333333333333
0.6033333333333333
0.5833333333333334
0.6166666666666667
0.5616666666666666
0.5883333333333333
0.57
0.6033333333333333
0.5816666666666667
0.6100000000000001
0.6133333333333333
0.5633333333333334
0.58
0.575
0.5900000000000001
0.6033333333333334
0.5683333333333334
0.5599999999999999
0.5833333333333334
0.5933333333333334
0.6083333333333333
0.5983333333333334
0.5983333333333333
0.6016666666666667
0.5866666666666667
0.5700000000000001
0.6
0.5900000000000001
0.6133333333333334
0.5983333333333333
0.615
0.615
0.6133333333333333
0.5916666666666666
0.5916666666666666
0.5883333333333333
0.6183333333333334
0.575
0.6
0.6016666666666668
0.5966666666666667
0.6083333333333333
0.6216666666666667
0.6116666666666667
0.6016666666666667
0.6016666666666666
0.6116666666666667
0.5683333333333331
0.595
0.5866666666666667
0.6050000000000001
0.5933333333333334
0.5966666666666666
0.5683333333333334
0.57
0.6016666666666668
0.5683333333333334
0.6300000000000001
0.5916666666666666
0.5666666666666667
0.5866666666666667
0.5533333333333333
0.62
0.6016666666666667
0.5883333333333333
0.5683333333333335
0.5816666666666667
0.5883333333333333
0.5833333333333333
0.5983333333333334
0.5933333333333333
0.5983333333333334
0.58
0.5983333333333334
0.605
0.5683333333333334
0.615
0.5783333333333334
0.5866666666666667
0.6083333333333333
0.6083333333333334
0.5783333333333334
0.5933333333333334
0.6133333333333334
0.5966666666666666
0.5733333333333335
0.5833333333333334
0.6133333333333333
0.5950000000000001
0.6166666666666667
0.6016666666666668
0.6183333333333334
0.6133333333333334
0.59
0.5916666666666667
0.5766666666666665
0.5816666666666667
0.615
0.5866666666666667
0.605
0.5900000000000001
0.5933333333333334
0.5866666666666667
0.6016666666666666
0.6033333333333333
0.6166666666666667
0.5616666666666668
0.6316666666666667
0.6133333333333333
0.5783333333333334
0.5866666666666667
0.6316666666666666
0.5866666666666667
0.5833333333333334
0.5999999999999999
0.5766666666666667
0.6016666666666667
0.5966666666666667
0.5933333333333334
0.6016666666666668
0.575
0.6216666666666667
0.5933333333333334
0.6050000000000001
0.5683333333333334
0.5716666666666667
0.5783333333333334
0.6049999999999999
0.5616666666666666
0.5916666666666667
0.5883333333333333
0.5716666666666667
0.6083333333333334
0.5900000000000001
0.5833333333333333
0.6016666666666667
0.6216666666666667
0.585
0.5900000000000001
0.5933333333333334
0.615
0.5866666666666667
0.5800000000000001
0.5816666666666668
0.595
0.6100000000000001
0.62
0.5816666666666667
0.5716666666666667
0.5766666666666665
0.5933333333333334
0.6
0.5516666666666665
0.6
0.5566666666666666
0.615
0.585
0.57
0.5766666666666668
0.58
0.5700000000000001
0.6233333333333333
0.605
0.6066666666666667
0.5850000000000001
0.56
0.6000000000000001
0.6083333333333334
0.62
0.615
0.5950000000000001
0.5616666666666668
0.5933333333333334
0.6016666666666668
0.5966666666666667
0.5716666666666667
0.595
0.6033333333333333
0.5866666666666667
0.6166666666666666
0.615
0.5816666666666668
0.625
0.5549999999999999
0.565
0.5833333333333334
0.5833333333333334
0.5716666666666665
0.585
0.5783333333333334
0.57
0.585
0.5900000000000001
0.5716666666666667
0.5666666666666667
0.5783333333333334
0.5866666666666667
0.6
0.5650000000000001
0.6133333333333333
0.5983333333333334
0.6183333333333334
0.595
0.6016666666666668
0.6166666666666667
0.5983333333333334
0.5933333333333334
0.5933333333333334
0.5666666666666667
0.6083333333333334
0.5766666666666668
0.58
0.5716666666666667
0.565
0.6116666666666667
0.5866666666666667
0.6
0.5533333333333333
0.6049999999999999
0.5983333333333334
0.5883333333333333
0.5916666666666666
0.6
0.585
0.585
0.57
0.6
0.585
0.6066666666666667
0.6066666666666667
0.5599999999999999
0.6100000000000001
0.6166666666666667
0.5633333333333334
0.5866666666666667
0.5933333333333334
0.6083333333333334
0.575
0.575
0.5783333333333334
0.5883333333333333
0.5583333333333333
0.6166666666666667
0.5883333333333335
0.5966666666666667
0.5766666666666665
0.6033333333333333
0.5816666666666667
0.6
0.5766666666666667
0.5900000000000001
0.5983333333333334
0.595
0.61
0.5566666666666666
0.6033333333333333
0.575
0.6016666666666666
0.6
0.6033333333333333
0.5833333333333333
0.6066666666666667
0.5666666666666667
0.6000000000000001
0.6
0.6083333333333334
0.6
0.595
0.5766666666666665
0.58
0.6016666666666667
0.5850000000000001
0.5666666666666667
0.6066666666666667
0.625
0.6066666666666667
0.5766666666666665
0.6016666666666667
0.5633333333333332
0.5650000000000001
0.6033333333333333
0.5816666666666667
0.5916666666666666
0.5700000000000001
0.6
0.5683333333333334
0.5966666666666666
0.5833333333333334
0.615
0.5850000000000001
0.6183333333333334
0.61
0.6033333333333334
0.585
0.5650000000000001
0.5966666666666667
0.5716666666666667
0.5733333333333335
0.6033333333333334
0.5666666666666667
0.565
0.625
0.58
0.595
0.5933333333333334
0.5866666666666667
0.5733333333333334
0.58
0.5549999999999999
0.575
0.6216666666666667
0.6216666666666667
0.6033333333333334
0.6033333333333334
0.5733333333333334
0.5566666666666666
0.6166666666666667
0.5916666666666666
0.6066666666666667
0.615
0.5850000000000001
0.575
0.595
0.5966666666666667
0.585
0.6166666666666667
0.6116666666666667
0.585
0.585
0.5616666666666668
0.6
0.6033333333333333
0.6066666666666667
0.5783333333333334
0.6066666666666667
0.5866666666666667
0.6166666666666667
0.5816666666666668
0.5616666666666668
0.595
0.6050000000000001
0.5650000000000001
0.6216666666666667
0.585
0.5883333333333333
0.62
0.5966666666666667
0.5700000000000001
0.5916666666666666
0.5533333333333333
0.62
0.6066666666666667
0.5900000000000001
0.5466666666666666
0.5800000000000001
0.6183333333333334
0.6166666666666667
0.595
0.5766666666666667
0.6
0.6366666666666666
0.61
0.5883333333333333
0.5583333333333333
0.6033333333333333
0.6033333333333333
0.6083333333333334
0.6050000000000001
0.5683333333333334
0.585
0.6016666666666667
0.5816666666666666
0.61
0.595
0.5850000000000001
0.5833333333333333
0.6066666666666667
0.605
0.5916666666666666
0.595
0.5883333333333333
0.5783333333333334
0.5633333333333332
0.5916666666666667
0.5916666666666667
0.6
0.5616666666666666
0.6066666666666667
0.5816666666666667
0.6066666666666667
0.6183333333333334
0.6116666666666667
0.6083333333333334
0.5766666666666668
0.615
0.575
0.5833333333333334
0.5766666666666668
0.61
0.585
0.61
0.5866666666666667
0.5866666666666667
0.5683333333333334
0.5783333333333334
0.5883333333333333
0.595
0.5983333333333333
0.5866666666666667
0.5433333333333333
0.5883333333333333
0.58
0.6
0.5983333333333334
0.6066666666666667
0.5733333333333335
0.5966666666666667
0.6066666666666667
0.5833333333333333
0.5983333333333334
0.59
0.5766666666666667
0.6083333333333334
0.5983333333333333
0.5966666666666667
0.5833333333333334
0.61
0.6000000000000001
0.595
0.565
0.6016666666666668
0.61
0.5983333333333333
0.5933333333333334
0.6116666666666666
0.625
0.6216666666666667
0.5966666666666667
0.585
0.6066666666666667
0.5983333333333334
0.5883333333333333
0.5933333333333334
0.5583333333333333
0.5233333333333332
0.5333333333333333
0.6116666666666666
0.6050000000000001
0.6016666666666666
0.6066666666666667
0.5633333333333334
0.6066666666666667
0.5800000000000001
0.555
0.5650000000000001
0.5733333333333334
0.6066666666666667
0.6033333333333333
0.6216666666666667
0.6066666666666667
0.5916666666666666
0.6050000000000001
0.5983333333333334
0.5916666666666666
0.585
0.5866666666666667
0.595
0.5783333333333334
0.6216666666666667
0.5933333333333333
0.6166666666666667
0.5933333333333334
0.5833333333333334
0.5716666666666667
0.5733333333333334
0.6049999999999999
0.5900000000000001
0.615
0.5900000000000001
0.5866666666666667
0.585
0.61
0.5766666666666668
0.6050000000000001
0.57
0.5900000000000001
0.5833333333333334
0.59
0.5816666666666667
0.5666666666666667
0.5800000000000001
0.5616666666666666
0.5333333333333334
0.5316666666666666
0.5900000000000001
0.5683333333333334
0.615
0.6016666666666667
0.6066666666666667
0.625
0.5900000000000001
0.5700000000000001
0.5816666666666667
0.595
0.5983333333333333
0.5966666666666668
0.5666666666666667
0.615
0.5816666666666667
0.5816666666666667
0.57
0.6116666666666667
0.5916666666666666
0.6016666666666668
0.6233333333333334
0.6050000000000001
0.61
0.5650000000000001
0.6116666666666667
0.595
0.6
0.585
0.6083333333333334
0.5716666666666667
0.5816666666666667
0.6
0.5816666666666667
0.5633333333333334
0.5916666666666666
0.5916666666666667
0.5900000000000001
0.6100000000000001
0.58
0.5933333333333334
0.6033333333333333
0.5533333333333333
0.6216666666666667
0.5866666666666667
0.57
0.5716666666666667
0.6166666666666667
0.5683333333333332
0.6133333333333333
0.5783333333333334
0.5833333333333333
0.6133333333333334
0.6066666666666667
0.5933333333333333
0.5766666666666667
0.5716666666666667
0.565
0.5533333333333333
0.6133333333333334
0.5983333333333334
0.555
0.6133333333333333
0.6133333333333335
0.5850000000000001
0.5800000000000001
0.5633333333333332
0.5733333333333333
0.58
0.5399999999999999
0.5616666666666668
0.5883333333333334
0.5666666666666667
0.6033333333333333
0.6
0.6083333333333334
0.58
0.6166666666666667
0.5716666666666667
0.6
0.59
0.5616666666666668
0.5616666666666666
0.5599999999999999
0.6166666666666667
0.5633333333333332
0.6283333333333333
0.6033333333333333
0.5583333333333332
0.61
0.6033333333333333
0.5933333333333334
0.6016666666666667
0.595
0.615
0.5633333333333332
0.5900000000000001
0.5916666666666667
0.5716666666666665
0.6050000000000001
0.5616666666666666
0.595
0.5933333333333334
0.5966666666666667
0.5950000000000001
0.5716666666666667
0.5966666666666667
0.5850000000000001
0.6016666666666668
0.6166666666666666
0.5833333333333334
0.6166666666666667
0.61
0.5966666666666667
0.605
0.6033333333333333
0.61
0.6000000000000001
0.6050000000000001
0.605
0.6016666666666667
0.5633333333333332
0.5933333333333334
0.5916666666666667
0.6133333333333334
0.585
0.5933333333333334
0.5800000000000001
0.5800000000000001
0.5766666666666667
0.6083333333333333
0.5783333333333334
0.6033333333333333
0.6116666666666667
0.6
0.5566666666666665
0.595
0.6166666666666667
0.5900000000000001
0.5650000000000001
0.5833333333333334
0.5933333333333334
0.605
0.58
0.5783333333333334
0.5583333333333333
0.605
0.615
0.6
0.6066666666666667
0.61
0.6016666666666668
0.5816666666666667
0.57
0.615
0.5683333333333334
0.5933333333333334
0.5900000000000001
0.5599999999999999
0.6016666666666668
0.5983333333333333
0.6083333333333334
0.585
0.6050000000000001
0.61
0.5800000000000001
0.5700000000000001
0.6100000000000001
0.6
0.5549999999999999
0.5983333333333333
0.6116666666666667
0.6050000000000001
0.6166666666666666
0.5683333333333334
0.5666666666666667
0.5833333333333333
0.5800000000000001
0.6033333333333333
0.6100000000000001
0.5850000000000001
0.5983333333333333
0.5866666666666667
0.6050000000000001
0.6049999999999999
0.5716666666666667
0.6133333333333333
0.5966666666666668
0.5816666666666667
0.5766666666666668
0.6016666666666667
0.6233333333333333
0.6083333333333333
0.5833333333333334
0.615
0.5916666666666668
0.5816666666666667
0.5983333333333334
0.6166666666666667
0.6116666666666667
0.5983333333333334
0.6083333333333334
0.5900000000000001
0.6033333333333333
0.6033333333333333
0.6083333333333334
0.6
0.575
0.5833333333333334
0.575
0.5783333333333334
0.5833333333333333
0.5833333333333334
0.6033333333333333
0.635
0.5716666666666667
0.5983333333333334
0.6183333333333334
0.5933333333333334
0.5733333333333333
0.6183333333333334
0.6000000000000001
0.6033333333333333
0.5583333333333333
0.615
0.5966666666666667
0.5433333333333333
0.5850000000000001
0.5900000000000001
0.5466666666666666
0.615
0.5633333333333332
0.5583333333333333
0.5883333333333333
0.6016666666666667
0.5416666666666666
0.5766666666666665
0.5866666666666667
0.59
0.5933333333333334
0.5816666666666667
0.6133333333333333
0.58
0.5966666666666667
0.5866666666666667
0.6
0.5916666666666666
0.6133333333333333
0.5533333333333333
0.615
0.595
0.6433333333333333
0.5833333333333334
0.5833333333333334
0.5733333333333334
0.5916666666666667
0.6100000000000001
0.5966666666666666
0.615
0.5933333333333334
0.5716666666666667
0.5833333333333333
0.615
0.595
0.5883333333333334
0.58
0.6083333333333334
0.5833333333333333
0.6116666666666667
0.6333333333333333
0.5916666666666666
0.5800000000000001
0.57
0.5733333333333333
0.5983333333333334
0.5883333333333334
0.6166666666666666
0.5766666666666665
0.5866666666666667
0.5766666666666667
0.6266666666666667
0.5950000000000001
0.5966666666666667
0.605
0.6233333333333333
0.6033333333333334
0.61
0.5666666666666667
0.5916666666666667
0.595
0.5900000000000001
0.5933333333333333
0.5933333333333333
0.5866666666666667
0.5783333333333334
0.5883333333333334
0.5716666666666667
0.6333333333333334
0.6
0.5766666666666667
0.5916666666666666
0.6033333333333333
0.5783333333333334
0.5766666666666667
0.61
0.5916666666666666
0.6033333333333333
0.5966666666666667
0.5683333333333334
0.6216666666666667
0.59
0.5716666666666667
0.6016666666666666
0.595
0.5966666666666667
0.6133333333333334
0.6
0.5983333333333334
0.6366666666666666
0.5966666666666667
0.6100000000000001
0.6116666666666666
0.6016666666666666
0.5916666666666666
0.5850000000000001
0.5650000000000001
0.605
0.585
0.6066666666666667
0.6
0.6133333333333333
0.5783333333333334
0.6100000000000001
0.6333333333333333
0.5783333333333334
0.5866666666666667
0.5683333333333334
0.5916666666666668
0.5966666666666667
0.6
0.5900000000000001
0.6166666666666666
0.6166666666666667
0.6266666666666667
0.6066666666666667
0.5766666666666665
0.5666666666666667
0.5833333333333333
0.5966666666666667
0.5733333333333334
0.5700000000000001
0.5483333333333333
0.6016666666666666
0.5833333333333333
0.5900000000000001
0.5950000000000001
0.5916666666666666
0.6233333333333333
0.5766666666666667
0.5883333333333333
0.5666666666666667
0.5866666666666667
0.5900000000000001
0.6166666666666666
0.605
0.5900000000000001
0.5933333333333334
0.6033333333333333
0.5366666666666667
0.6066666666666667
0.5900000000000001
0.6016666666666668
0.5816666666666667
0.5916666666666667
0.5583333333333333
0.55
0.5866666666666667
0.5866666666666667
0.5366666666666666
0.6083333333333334
0.5616666666666666
0.5799999999999998
0.6083333333333334
0.58
0.5683333333333334
0.5599999999999999
0.5933333333333334
0.5566666666666666
0.545
0.5633333333333332
0.6216666666666667
0.5816666666666667
0.6016666666666666
0.5916666666666667
0.6183333333333334
0.5433333333333332
0.5549999999999999
0.5549999999999999
0.6116666666666666
0.6166666666666667
0.5650000000000001
0.575
0.6016666666666667
0.6283333333333334
0.5883333333333334
0.575
0.58
0.6100000000000001
0.5983333333333334
0.58
0.5666666666666667
0.5883333333333333
0.6066666666666667
0.61
0.5566666666666666
0.5933333333333333
0.5883333333333333
0.5883333333333334
0.5866666666666667
0.5766666666666668
0.5766666666666668
0.5883333333333333
0.5966666666666667
0.6083333333333333
0.6100000000000001
0.5866666666666667
0.6000000000000001
0.6033333333333334
0.5733333333333335
0.5933333333333334
0.5800000000000001
0.5966666666666667
0.5716666666666667
0.58
0.6216666666666667
0.5549999999999999
0.5700000000000001
0.5733333333333333
0.5966666666666667
0.615
0.5983333333333334
0.5683333333333334
0.5516666666666666
0.5966666666666667
0.6
0.5716666666666665
0.5883333333333334
0.6
0.5783333333333334
0.6116666666666667
0.5766666666666668
0.5866666666666667
0.5750000000000001
0.59
0.5833333333333333
0.6033333333333333
0.5916666666666666
0.6083333333333333
0.6066666666666667
0.6233333333333333
0.5483333333333333
0.5633333333333334
0.5700000000000001
0.5783333333333334
0.6083333333333333
0.6033333333333334
0.53
0.6199999999999999
0.5683333333333332
0.6300000000000001
0.5883333333333335
0.5883333333333333
0.595
0.5800000000000001
0.5566666666666665
0.575
0.5666666666666667
0.595
0.6066666666666667
0.5583333333333333
0.61
0.6166666666666667
0.6033333333333333
0.6066666666666667
0.5733333333333333
0.5983333333333333
0.6033333333333333
0.5983333333333334
0.5916666666666666
0.5933333333333334
0.6083333333333334
0.62
0.5866666666666667
0.5683333333333332
0.575
0.58
0.6066666666666667
0.6116666666666667
0.58
0.595
0.6166666666666666
0.6033333333333333
0.6166666666666666
0.5883333333333334
0.61
0.5466666666666666
0.5616666666666666
0.5866666666666667
0.6066666666666667
0.5966666666666667
0.6083333333333333
0.5549999999999999
0.62
0.6016666666666667
0.5683333333333334
0.6033333333333333
0.5800000000000001
0.5883333333333333
0.5966666666666667
0.5883333333333334
0.6066666666666667
0.5866666666666667
0.6083333333333334
0.5916666666666667
0.5966666666666667
0.5650000000000001
0.5866666666666667
0.6066666666666667
0.5583333333333333
0.6166666666666666
0.58
0.6100000000000001
0.6066666666666667
0.5983333333333333
0.5816666666666667
0.5516666666666665
0.585
0.5883333333333334
0.615
0.5816666666666667
0.5900000000000001
0.6016666666666668
0.5816666666666668
0.6083333333333334
0.5716666666666665
0.5783333333333334
0.5866666666666667
0.6100000000000001
0.6
0.595
0.5783333333333334
0.6166666666666667
0.6216666666666667
0.5900000000000001
0.585
0.6133333333333333
0.5716666666666667
0.5683333333333332
0.5933333333333334
0.5916666666666667
0.6116666666666667
0.5433333333333333
0.59
0.5850000000000001
0.6050000000000001
0.5633333333333332
0.6116666666666667
0.5933333333333334
0.5866666666666667
0.6133333333333333
0.5516666666666665
0.565
0.6033333333333333
0.5716666666666667
0.5983333333333333
0.6183333333333334
0.5533333333333333
0.5866666666666667
0.58
0.62
0.6166666666666667
0.5766666666666667
0.5616666666666668
0.5816666666666667
0.5816666666666667
0.5666666666666667
0.5983333333333333
0.575
0.5766666666666665
0.58
0.6116666666666667
0.6016666666666667
0.5866666666666667
0.5983333333333334
0.5916666666666666
0.615
0.5916666666666666
0.585
0.6033333333333333
0.5783333333333334
0.585
0.6066666666666667
0.6100000000000001
0.5816666666666667
0.5666666666666667
0.5366666666666666
0.5983333333333333
0.5583333333333332
0.565
0.6066666666666667
0.5816666666666667
0.6033333333333333
0.5283333333333334
0.5783333333333334
0.5549999999999999
0.595
0.6033333333333333
0.5866666666666667
0.5966666666666666
0.5316666666666666
0.6100000000000001
0.585
0.595
0.5783333333333334
0.6266666666666667
0.5983333333333334
0.5766666666666667
0.6016666666666667
0.595
0.585
0.55
0.5466666666666666
0.5783333333333334
0.585
0.6183333333333334
0.5866666666666667
0.5866666666666667
0.5733333333333335
0.59
0.5850000000000001
0.6116666666666667
0.6100000000000001
0.5833333333333334
0.59
0.6016666666666668
0.5983333333333334
0.6066666666666667
0.5916666666666667
0.6016666666666667
0.5816666666666668
0.5783333333333334
0.6083333333333333
0.5783333333333334
0.5799999999999998
0.5833333333333334
0.6050000000000001
0.6000000000000001
0.5783333333333333
0.6066666666666667
0.5966666666666667
0.6100000000000001
0.5800000000000001
0.5866666666666667
0.6083333333333334
0.5966666666666667
0.625
0.5833333333333334
0.5916666666666666
0.5883333333333333
0.6183333333333334
0.5983333333333333
0.5833333333333333
0.575
0.5883333333333334
0.5933333333333334
0.6116666666666666
0.585
0.6016666666666668
0.62
0.5850000000000001
0.6116666666666667
0.5683333333333334
0.5833333333333333
0.6050000000000001
0.6016666666666667
0.5983333333333334
0.5916666666666668
0.5883333333333333
0.5983333333333334
0.6016666666666667
0.6116666666666667
0.585
0.5983333333333334
0.6049999999999999
0.5983333333333334
0.615
0.6166666666666667
0.5783333333333334
0.6116666666666667
0.6183333333333334
0.5883333333333333
0.6016666666666667
0.5783333333333333
0.59
0.61
0.6
0.59
0.5933333333333334
0.5733333333333333
0.5750000000000001
0.6
0.595
0.5966666666666667
0.5583333333333332
0.5700000000000001
0.5549999999999999
0.5950000000000001
0.6100000000000001
0.605
0.6033333333333333
0.6083333333333334
0.5499999999999999
0.6
0.585
0.625
0.5816666666666667
0.5816666666666668
0.6033333333333333
0.5716666666666667
0.5716666666666665
0.5700000000000001
0.615
0.6133333333333333
0.6016666666666668
0.5716666666666665
0.5833333333333334
0.6066666666666667
0.5966666666666667
0.5716666666666667
0.5733333333333334
0.5966666666666667
0.6133333333333333
0.6
0.595
0.6066666666666667
0.5633333333333332
0.6033333333333333
0.6
0.5983333333333333
0.5816666666666667
0.5683333333333334
0.5733333333333335
0.6033333333333333
0.5883333333333333
0.5116666666666667
0.5983333333333334
0.5900000000000001
0.5966666666666667
0.595
0.6049999999999999
0.6083333333333334
0.6016666666666667
0.5900000000000001
0.5599999999999999
0.5783333333333334
0.595
0.5633333333333332
0.6116666666666667
0.5883333333333333
0.5766666666666667
0.585
0.5933333333333333
0.5966666666666667
0.5966666666666667
0.6133333333333333
0.585
0.5766666666666667
0.6216666666666667
0.61
0.6016666666666666
0.6033333333333334
0.575
0.6033333333333333
0.5716666666666667
0.59
0.61
0.595
0.5966666666666667
0.5983333333333333
0.6049999999999999
0.6
0.6083333333333333
0.6100000000000001
0.6016666666666667
0.6100000000000001
0.5833333333333333
0.6050000000000001
0.5833333333333334
0.5883333333333334
0.5983333333333334
0.6049999999999999
0.585
0.6000000000000001
0.5966666666666668
0.5733333333333334
0.5933333333333334
0.6
0.6066666666666667
0.585
0.6316666666666666
0.6216666666666667
0.5783333333333334
0.5966666666666667
0.5850000000000001
0.5900000000000001
0.6050000000000001
0.6216666666666667
0.6083333333333334
0.5983333333333334
0.5866666666666667
0.5816666666666667
0.5916666666666667
0.5983333333333333
0.585
0.6116666666666667
0.5716666666666665
0.6033333333333333
0.6216666666666668
0.5833333333333334
0.615
0.5533333333333333
0.615
0.6116666666666667
0.5966666666666666
0.5733333333333334
0.585
0.5883333333333334
0.61
0.5916666666666667
0.5916666666666666
0.6066666666666667
0.6083333333333334
0.585
0.6050000000000001
0.5933333333333334
0.6183333333333334
0.6083333333333333
0.6100000000000001
0.6016666666666668
0.5783333333333334
0.55
0.585
0.5700000000000001
0.6066666666666667
0.6033333333333333
0.6133333333333333
0.57
0.5883333333333333
0.615
0.585
0.5733333333333333
0.5933333333333333
0.6133333333333333
0.595
0.5783333333333334
0.5966666666666667
0.5666666666666667
0.5800000000000001
0.595
0.6083333333333333
0.6216666666666667
0.5683333333333334
0.5916666666666667
0.5883333333333333
0.5616666666666666
0.5766666666666667
0.595
0.5966666666666667
0.6016666666666666
0.5950000000000001
0.57
0.5583333333333333
0.5716666666666667
0.5983333333333333
0.6
0.525
0.6083333333333334
0.575
0.5716666666666667
0.5950000000000001
0.5616666666666668
0.5933333333333334
0.62
0.5850000000000001
0.63
0.55
0.5683333333333332
0.5383333333333333
0.615
0.5966666666666667
0.5866666666666667
0.6166666666666666
0.58
0.6033333333333334
0.5700000000000001
0.6083333333333333
0.6033333333333333
0.5866666666666667
0.6116666666666667
0.5733333333333334
0.5916666666666666
0.6166666666666666
0.6
0.56
0.5966666666666667
0.6033333333333333
0.6083333333333334
0.5766666666666667
0.605
0.585
0.5783333333333334
0.5683333333333334
0.5866666666666667
0.5983333333333333
0.5833333333333334
0.5800000000000001
0.5766666666666667
0.6
0.6133333333333334
0.5533333333333333
0.5983333333333333
0.595
0.5966666666666667
0.5999999999999999
0.605
0.5666666666666667
0.555
0.6166666666666667
0.605
0.5983333333333334
0.5833333333333333
0.5933333333333334
0.5816666666666667
0.57
0.5800000000000001
0.5916666666666666
0.585
0.6016666666666667
0.575
0.605
0.6166666666666667
0.6133333333333334
0.5850000000000001
0.5466666666666666
0.5616666666666668
0.6050000000000001
0.6016666666666668
0.585
0.6016666666666666
0.59
0.6166666666666666
0.6116666666666666
0.5650000000000001
0.5883333333333334
0.6433333333333333
0.615
0.5616666666666666
0.5716666666666667
0.6083333333333334
0.5700000000000001
0.5733333333333333
0.5650000000000001
0.57
0.5800000000000001
0.62
0.615
0.5800000000000001
0.5966666666666667
0.6049999999999999
0.615
0.6116666666666667
0.5966666666666667
0.58
0.5833333333333333
0.5866666666666667
0.5983333333333334
0.595
0.5816666666666667
0.62
0.5983333333333334
0.6183333333333334
0.5950000000000001
0.62
0.6016666666666668
0.6116666666666667
0.575
0.5599999999999998
0.6183333333333334
0.5983333333333334
0.5900000000000001
0.5766666666666667
0.5483333333333333
0.5583333333333333
0.6283333333333333
0.6083333333333334
0.5900000000000001
0.5933333333333334
0.6116666666666667
0.5633333333333334
0.6066666666666667
0.6
0.6016666666666668
0.5783333333333334
0.5850000000000001
0.6016666666666668
0.5933333333333334
0.5583333333333333
0.59
0.5866666666666667
0.6216666666666667
0.6183333333333334
0.5916666666666667
0.5883333333333334
0.605
0.575
0.605
0.6066666666666667
0.5833333333333333
0.6000000000000001
0.6166666666666666
0.6183333333333334
0.5800000000000001
0.5833333333333334
0.615
0.5983333333333334
0.5833333333333334
0.5933333333333334
0.5733333333333334
0.5883333333333334
0.5866666666666667
0.5900000000000001
0.635
0.6016666666666668
0.595
0.5116666666666666
0.6
0.6133333333333334
0.6266666666666667
0.5600000000000002
0.6033333333333333
0.5683333333333334
0.61
0.6066666666666667
0.6233333333333333
0.6083333333333334
0.6199999999999999
0.585
0.5916666666666666
0.5833333333333334
0.5700000000000001
0.5966666666666667
0.5816666666666667
0.5933333333333334
0.6050000000000001
0.5816666666666667
0.575
0.575
0.585
0.5716666666666667
0.625
0.5966666666666667
0.6
0.62
0.6083333333333334
0.5883333333333333
0.6316666666666666
0.6066666666666667
0.5900000000000001
0.6066666666666667
0.5683333333333334
0.5850000000000001
0.6133333333333334
0.5900000000000001
0.6
0.5833333333333334
0.575
0.6
0.5399999999999999
0.5900000000000001
0.5866666666666667
0.5966666666666667
0.5733333333333334
0.595
0.5816666666666667
0.5916666666666667
0.5983333333333333
0.585
0.6083333333333334
0.5433333333333333
0.615
0.6116666666666666
0.5933333333333333
0.6199999999999999
0.5966666666666666
0.5950000000000001
0.5916666666666666
0.6200000000000001
0.6233333333333333
0.575
0.5683333333333334
0.5933333333333334
0.6016666666666668
0.5916666666666666
0.6199999999999999
0.625
0.5783333333333334
0.6133333333333333
0.61
0.5816666666666667
0.5666666666666667
0.6016666666666667
0.6166666666666667
0.6033333333333334
0.6116666666666667
0.5866666666666666
0.6166666666666666
0.6116666666666666
0.5783333333333334
0.6083333333333334
0.5933333333333334
0.5966666666666667
0.5533333333333333
0.585
0.6233333333333333
0.6000000000000001
0.5599999999999999
0.5833333333333333
0.5733333333333334
0.595
0.5583333333333333
0.6049999999999999
0.5866666666666667
0.5883333333333333
0.5683333333333332
0.5883333333333334
0.5933333333333334
0.5966666666666667
0.6016666666666667
0.575
0.5833333333333334
0.6133333333333334
0.5933333333333334
0.605
0.5933333333333334
0.615
0.5983333333333334
0.605
0.6200000000000001
0.5833333333333334
0.585
0.61
0.6083333333333333
0.5799999999999998
0.5950000000000001
0.5533333333333333
0.5883333333333333
0.575
0.5516666666666665
0.5716666666666667
0.5633333333333332
0.5750000000000001
0.5983333333333334
0.6166666666666666
0.5950000000000001
0.5816666666666667
0.575
0.5700000000000001
0.585
0.5866666666666667
0.5549999999999999
0.5483333333333332
0.6016666666666667
0.5983333333333333
0.5666666666666667
0.5883333333333333
0.6166666666666667
0.6083333333333334
0.5733333333333333
0.6133333333333333
0.5966666666666667
0.565
0.5933333333333334
0.6033333333333333
0.6050000000000001
0.5816666666666668
0.6166666666666667
0.5833333333333334
0.5433333333333332
0.6033333333333334
0.565
0.575
0.5449999999999999
0.5966666666666667
0.6083333333333333
0.585
0.5916666666666666
0.6133333333333334
0.5766666666666667
0.6166666666666667
0.5899999999999999
0.63
0.5983333333333334
0.6033333333333333
0.5833333333333333
0.6233333333333333
0.6066666666666667
0.6166666666666667
0.585
0.5566666666666666
0.5966666666666667
0.5716666666666667
0.5883333333333333
0.5950000000000001
0.5916666666666666
0.5816666666666667
0.6033333333333334
0.5433333333333333
0.5916666666666666
0.5966666666666668
0.6083333333333334
0.6083333333333334
0.5633333333333332
0.6166666666666667
0.595
0.6066666666666667
0.6033333333333333
0.6266666666666666
0.6100000000000001
0.6
0.5900000000000001
0.615
0.5866666666666667
0.6433333333333334
0.5766666666666668
0.6100000000000001
0.6200000000000001
0.5783333333333334
0.5683333333333334
0.57
0.5666666666666667
0.5633333333333332
0.595
0.5900000000000001
0.5583333333333333
0.5916666666666666
0.5866666666666667
0.5816666666666667
0.6116666666666666
0.5733333333333334
0.6183333333333334
0.5933333333333334
0.5783333333333334
0.62
0.58
0.5833333333333333
0.5883333333333333
0.5533333333333333
0.6
0.5733333333333334
0.6116666666666667
0.5716666666666667
0.5933333333333334
0.5516666666666665
0.5516666666666665
0.5850000000000001
0.5516666666666666
0.6316666666666666
0.6233333333333333
0.5983333333333334
0.5900000000000001
0.5816666666666667
0.6
0.5416666666666667
0.575
0.5783333333333334
0.5716666666666667
0.5883333333333333
0.5816666666666667
0.585
0.6300000000000001
0.595
0.6016666666666667
0.6016666666666667
0.6016666666666668
0.5833333333333333
0.5933333333333334
0.6199999999999999
0.6216666666666667
0.6016666666666667
0.5883333333333333
0.5700000000000001
0.5733333333333334
0.575
0.5683333333333334
0.5933333333333334
0.6
0.5833333333333334
0.6016666666666666
0.5766666666666667
0.6066666666666667
0.5566666666666666
0.5666666666666667
0.585
0.5566666666666668
0.5933333333333334
0.5849999999999999
0.5933333333333334
0.6166666666666666
0.5983333333333334
0.5883333333333333
0.6033333333333333
0.605
0.595
0.5900000000000001
0.5716666666666667
0.595
0.6016666666666668
0.6083333333333334
0.6
0.5933333333333333
0.63
0.61
0.6016666666666668
0.6133333333333334
0.6016666666666667
0.5633333333333334
0.5783333333333334
0.5716666666666667
0.54
0.6033333333333333
0.6216666666666667
0.5916666666666667
0.605
0.585
0.6366666666666666
0.5800000000000001
0.5599999999999999
0.6000000000000001
0.6066666666666667
0.5766666666666668
0.5616666666666666
0.5916666666666667
0.5866666666666667
0.61
0.5883333333333333
0.5966666666666667
0.6116666666666667
0.5866666666666667
0.6
0.5716666666666667
0.615
0.5799999999999998
0.5883333333333334
0.575
0.615
0.6066666666666667
0.6133333333333334
0.615
0.5966666666666667
0.6100000000000001
0.5783333333333333
0.62
0.575
0.5316666666666666
0.5916666666666666
0.6050000000000001
0.5850000000000002
0.575
0.575
0.6050000000000001
0.61
0.6066666666666667
0.5900000000000001
0.5900000000000001
0.5783333333333334
0.6033333333333333
0.6116666666666667
0.6266666666666667
0.5733333333333334
0.59
0.6116666666666667
0.6016666666666668
0.6066666666666667
0.6050000000000001
0.5916666666666667
0.5733333333333334
0.6016666666666668
0.61
0.6116666666666667
0.6183333333333334
0.5950000000000001
0.5933333333333333
0.5950000000000001
0.6216666666666667
0.5733333333333335
0.55
0.5783333333333334
0.6016666666666666
0.61
0.6033333333333334
0.5733333333333335
0.5900000000000001
0.575
0.5833333333333333
0.5700000000000001
0.5933333333333334
0.5533333333333333
0.625
0.5650000000000001
0.5783333333333334
0.5616666666666666
0.6133333333333333
0.6183333333333334
0.5850000000000001
0.5983333333333333
0.5900000000000001
0.6116666666666667
0.6116666666666666
0.6000000000000001
0.5933333333333333
0.6216666666666667
0.5666666666666667
0.6066666666666667
0.5683333333333332
0.5566666666666666
0.6
0.5916666666666666
0.59
0.6066666666666667
0.6300000000000001
0.5683333333333332
0.6016666666666667
0.5850000000000001
0.6250000000000001
0.5599999999999999
0.55
0.6133333333333334
0.6016666666666667
0.6366666666666667
0.5883333333333333
0.6100000000000001
0.6
0.5549999999999999
0.6050000000000001
0.5833333333333334
0.5666666666666667
0.6083333333333333
0.6
0.6066666666666667
0.6033333333333334
0.615
0.5599999999999999
0.5716666666666667
0.61
0.5566666666666668
0.5983333333333334
0.6133333333333334
0.5683333333333332
0.6033333333333334
0.61
0.6066666666666667
0.5983333333333334
0.6033333333333333
0.5900000000000001
0.615
0.595
0.5700000000000001
0.58
0.6050000000000001
0.575
0.6066666666666667
0.6
0.6033333333333334
0.5783333333333334
0.575
0.6049999999999999
0.6199999999999999
0.58
0.5816666666666667
0.5883333333333334
0.6066666666666667
0.585
0.5833333333333334
0.5966666666666667
0.6083333333333334
0.5783333333333333
0.6066666666666667
0.6066666666666667
0.6166666666666667
0.59
0.6416666666666667
0.575
0.6133333333333333
0.615
0.5700000000000001
0.6016666666666668
0.5516666666666666
0.5950000000000001
0.6033333333333333
0.5733333333333334
0.5783333333333334
0.565
0.61
0.6083333333333334
0.5966666666666667
0.5866666666666667
0.605
0.6100000000000001
0.5633333333333334
0.5616666666666668
0.5733333333333334
0.6
0.585
0.6200000000000001
0.5900000000000001
0.5800000000000001
0.5816666666666667
0.6
0.6083333333333333
0.565
0.57
0.5866666666666667
0.5983333333333334
0.5633333333333332
0.5866666666666667
0.5833333333333333
0.6050000000000001
0.6066666666666667
0.5883333333333333
0.5533333333333333
0.5599999999999999
0.615
0.6083333333333334
0.6
0.5449999999999999
0.5833333333333333
0.5983333333333334
0.6083333333333334
0.6066666666666667
0.5516666666666665
0.6233333333333333
0.5599999999999999
0.5933333333333333
0.6050000000000001
0.605
0.605
0.5483333333333332
0.5533333333333333
0.5900000000000001
0.5566666666666666
0.5933333333333334
0.5916666666666667
0.615
0.5733333333333335
0.5883333333333333
0.6033333333333333
0.575
0.5766666666666665
0.6016666666666666
0.6016666666666668
0.5966666666666667
0.5966666666666667
0.6050000000000001
0.61
0.6016666666666668
0.5783333333333334
0.585
0.6116666666666667
0.5833333333333333
0.5516666666666665
0.595
0.5783333333333334
0.5333333333333334
0.5716666666666667
0.5800000000000001
0.5700000000000001
0.5683333333333334
0.56
0.6033333333333333
0.5783333333333333
0.5833333333333333
0.5733333333333335
0.5666666666666667
0.5933333333333334
0.5783333333333334
0.6133333333333334
0.6016666666666666
0.5683333333333334
0.5933333333333334
0.575
0.62
0.5900000000000001
0.5633333333333332
0.5783333333333334
0.5866666666666667
0.5966666666666667
0.6066666666666667
0.5666666666666667
0.595
0.6116666666666667
0.6233333333333333
0.5916666666666666
0.6133333333333334
0.5766666666666668
0.6016666666666667
0.595
0.5783333333333334
0.5766666666666668
0.5900000000000001
0.575
0.5533333333333333
0.5883333333333333
0.5700000000000001
0.555
0.5866666666666667
0.5983333333333334
0.5349999999999999
0.6
0.6066666666666667
0.5766666666666665
0.5783333333333334
0.5716666666666667
0.5816666666666667
0.6233333333333333
0.595
0.5866666666666667
0.6083333333333334
0.5533333333333332
0.6000000000000001
0.5966666666666667
0.575
0.625
0.6133333333333333
0.6233333333333333
0.5816666666666667
0.5966666666666667
0.6066666666666667
0.5650000000000001
0.5866666666666667
0.5883333333333334
0.5966666666666667
0.5666666666666667
0.585
0.5650000000000001
0.5900000000000001
0.5650000000000001
0.5883333333333333
0.5966666666666668
0.6116666666666667
0.6083333333333334
0.595
0.5716666666666667
0.61
0.5866666666666667
0.55
0.6066666666666667
0.5549999999999999
0.6016666666666666
0.6016666666666666
0.5816666666666667
0.5766666666666668
0.5816666666666667
0.57
0.6183333333333334
0.5816666666666668
0.6050000000000001
0.6016666666666668
0.6066666666666667
0.6083333333333334
0.6233333333333333
0.6066666666666667
0.5800000000000001
0.5783333333333334
0.58
0.5683333333333334
0.5883333333333334
0.5683333333333334
0.6233333333333333
0.6016666666666667
0.5966666666666667
0.6016666666666667
0.6083333333333334
0.5850000000000001
0.5983333333333334
0.5983333333333333
0.585
0.5833333333333334
0.58
0.61
0.5816666666666667
0.615
0.605
0.5633333333333332
0.5883333333333335
0.5599999999999999
0.615
0.6183333333333334
0.6216666666666667
0.6116666666666666
0.5883333333333333
0.605
0.6216666666666667
0.6016666666666667
0.615
0.605
0.6116666666666667
0.6133333333333333
0.59
0.6066666666666667
0.5633333333333332
0.5883333333333333
0.61
0.6199999999999999
0.6166666666666667
0.575
0.5683333333333334
0.5916666666666667
0.5983333333333334
0.5766666666666667
0.6
0.6116666666666667
0.6133333333333334
0.6133333333333333
0.6316666666666667
0.6066666666666667
0.6116666666666667
0.6050000000000001
0.5933333333333334
0.5783333333333334
0.6016666666666668
0.5933333333333334
0.5916666666666667
0.62
0.5683333333333334
0.5533333333333333
0.6216666666666667
0.5783333333333334
0.6183333333333334
0.6166666666666667
0.5983333333333334
0.61
0.6050000000000001
0.5933333333333334
0.6316666666666666
0.5983333333333334
0.625
0.5599999999999999
0.5883333333333333
0.5916666666666667
0.5966666666666667
0.5616666666666668
0.5966666666666667
0.5833333333333333
0.55
0.575
0.6083333333333334
0.5983333333333333
0.6116666666666667
0.5933333333333333
0.5833333333333333
0.6033333333333333
0.6133333333333335
0.575
0.5883333333333333
0.6050000000000001
0.5933333333333334
0.6050000000000001
0.6033333333333334
0.6016666666666667
0.6116666666666667
0.5833333333333334
0.5833333333333334
0.6
0.575
0.59
0.5783333333333334
0.5566666666666666
0.6116666666666667
0.6166666666666667
0.6016666666666666
0.5983333333333334
0.6033333333333333
0.5900000000000001
0.5866666666666667
0.6083333333333334
0.5866666666666667
0.5783333333333333
0.5516666666666666
0.615
0.6016666666666666
0.5883333333333333
0.555
0.6166666666666667
0.5866666666666667
0.6016666666666668
0.5933333333333334
0.6116666666666667
0.5866666666666667
0.6050000000000001
0.5633333333333334
0.6033333333333333
0.6083333333333334
0.555
0.6
0.5933333333333334
0.5683333333333334
0.5916666666666667
0.5633333333333332
0.5933333333333334
0.5800000000000001
0.5883333333333333
0.6133333333333334
0.6
0.5750000000000001
0.5983333333333334
0.5883333333333334
0.63
0.6183333333333334
0.5916666666666666
0.6083333333333334
0.6
0.5599999999999999
0.5850000000000001
0.5933333333333333
0.5716666666666667
0.5966666666666667
0.5900000000000001
0.5933333333333334
0.57
0.5966666666666667
0.585
0.6050000000000001
0.5900000000000001
0.6033333333333333
0.5983333333333334
0.5883333333333334
0.5633333333333335
0.5633333333333332
0.615
0.5800000000000001
0.6166666666666667
0.615
0.5566666666666665
0.6016666666666667
0.6166666666666667
0.5916666666666666
0.595
0.5916666666666666
0.58
0.5766666666666667
0.5683333333333334
0.5883333333333333
0.5416666666666666
0.6
0.5900000000000001
0.555
0.5883333333333335
0.6216666666666667
0.5833333333333334
0.5933333333333333
0.5599999999999999
0.5766666666666667
0.595
0.5883333333333333
0.5916666666666667
0.5916666666666666
0.5916666666666667
0.5866666666666667
0.6233333333333333
0.6166666666666666
0.61
0.575
0.5866666666666667
0.5966666666666667
0.5816666666666667
0.5866666666666667
0.5816666666666667
0.5983333333333334
0.5983333333333333
0.5783333333333334
0.585
0.5866666666666667
0.5866666666666667
0.5633333333333334
0.5833333333333334
0.575
0.5966666666666666
0.5883333333333334
0.5866666666666667
0.5616666666666668
0.6016666666666668
0.5900000000000001
0.6083333333333334
0.6066666666666667
0.585
0.5866666666666667
0.5850000000000001
0.63
0.6083333333333333
0.5983333333333334
0.5916666666666666
0.6
0.605
0.605
0.575
0.6016666666666666
0.5816666666666668
0.5900000000000001
0.6066666666666667
0.6066666666666667
0.595
0.5633333333333334
0.5866666666666667
0.6066666666666667
0.6100000000000001
0.6066666666666667
0.575
0.6283333333333334
0.5833333333333334
0.5900000000000001
0.5866666666666667
0.6199999999999999
0.5549999999999999
0.595
0.6133333333333333
0.54
0.5733333333333334
0.6183333333333334
0.6016666666666666
0.5483333333333333
0.595
0.6050000000000001
0.6016666666666667
0.6216666666666667
0.5766666666666667
0.585
0.5950000000000001
0.5733333333333333
0.6
0.5950000000000001
0.615
0.5883333333333334
0.6016666666666668
0.6016666666666666
0.5666666666666667
0.6116666666666666
0.6033333333333333
0.6066666666666667
0.6
0.6016666666666668
0.6333333333333334
0.6216666666666667
0.5683333333333331
0.5466666666666666
0.585
0.6316666666666666
0.6116666666666667
0.5616666666666668
0.5566666666666666
0.6016666666666668
0.6050000000000001
0.5983333333333334
0.6083333333333334
0.5966666666666667
0.6216666666666668
0.575
0.6
0.5883333333333334
0.6233333333333333
0.5733333333333333
0.5650000000000001
0.5666666666666667
0.595
0.5850000000000001
0.5933333333333334
