 1  0  0  9 12 10  0  0  3  2  4  0  0  2  3  7  0  0  3 17  7  0  1 14
  6 10  1  1  9 16  4  1  1  6  3  6  0  1 14  9  4  1  1 10  9  9  1  0
  0 13  6  0  0 10 12  9  0  1  6  0  1  0  0  1 17  7  1  1  4  2  0  1
  0 16 12  7  0  0 12 17  8  1  0 16 15  1  1  0  3 12 10  1  0 11 16  0
  1  0  0  6  7  1  1 14  8  4  1  0  3 12  7  0  1 16  1  1  0  0  4 15
  4  0  1  1 14  5  0  0 16  2  4  0  0 17  1  6  0  1  4  9  9  0  1 13
  9  2  1  1 16  6  9  1  0  1  0  8  0  1 11 10  2  0  0  2 10  3  1  0
  3  6 10  1  0 11 12  8  0  0 14  4  0  1  1  8 13  2  0  1  6 15  4  0
  1  3 14  5  1  0  4  8
 0  0  1 11  8  6  0  0 15  4  5  1  0 17 16  8  1  0 12 14  9  1  1  7
 14  9  0  0 12  7  2  0  0  6  2  9  0  1  5  3  6  1  0  7  1  6  0  0
  7  3  2  0  0 16  2  6  1  1  2  8  6  1  1 13  3  5  1  0  4  2  0  1
  0 16  3  7  1  1 12 17  8  1  0 16 15  1  0  1  3 12 10  1  1 11  0 10
  0  1 12  6  7  1  1 14  8  4  0  0  3 12  7  0  1 16  1  1  1  0  4 15
  4  0  1  1 13  5  0  1 16  2  4  0  0 17  1  6  1  1  4 11  2  0  1 13
  9  6  1  0 16  6  9  0  0  1  3  8  0  1 11 10  2  0  0  2 10  3  1  0
 13  6 10  1  0  2 12  8  0  0  2  6  0  1  0  8 13  2  0  0  6 15  4  1
  1  3 14 10  0  0  8  3
 1  0  0  9 12 10  0  0  3  2  4  0  0  2  3  7  0  0  3 17  7  0  1 14
  6 10  1  1  9 16  4  1  1  6  3  6  0  1 14  9  4  1  1 10  9  9  1  0
  0 13  6  0  0 10 12  9  0  1  6  0  1  0  0  1 17  7  1  1  4  2  0  1
  0 16 12  7  0  0 12 17  8  1  0 16 15  1  1  0  3 12 10  1  0 11 16  0
  1  0  0  6  7  1  1 14  8  4  1  0  3 12  7  0  1 16  1  1  0  0  4 15
  4  0  1  1 14  5  0  0 16  2  4  0  0 17  1  6  0  1  4  9  9  0  1 13
  9  2  1  1 16  6  9  1  0  1  0  8  0  1 11 10  2  0  0  2 10  3  1  0
  3  6 10  1  0 11 12  8  0  0 14  4  0  1  1  8 13  2  0  1  6 15  4  0
  1  3 14  5  1  0  4  8
 4  0  1  9 14 10  1  0  3  2  0  0  1  2  3  7  1  0  3 17  7  1  1 14
  0  5  0  1  9 16  4  1  0  6  7  6  1  1 14 14  4  0  1  2  9  4  1  0
  0  4  8  1  0 10 12  9  0  0  6  0  7  0  0  4  1  7  0  1 12  2  0  0
  1 16 12  7  0  0 12 17  8  1  0 16 15  5  1  0  6 12  8  1  1 11 16  1
  0  0 17  0  7  0  1 14  8  9  0  0  3 14  2  1  1 16  3  1  1  1 17 15
  0  1  1  1 14  2  1  1 16  2  4  1  0 17  1  6  0  1  4 14  9  1  1  8
 16  8  1  0 16  5  9  0  0  4  0 10  0  0 11 15  2  1  0  6 10  2  1  0
  2 13  0  0  1 15  5  1  1  1 16  9  2  0  0  7  2  1  1  1 10 11  2  0
  0 17 15  1  1  0  4  8
 7  0  1  0  6  6  0  1 15  1  1  1  0 17 16  8  0  1  2  4  8  1  0  7
 14  9  1  1 13  4  6  0  0 10  0  9  0  1  5  3  6  0  0  5  7  6  0  0
  7 12  3  1  1 16  2  6  0  1  2  2  3  1  0 17  9  5  1  0  4  2  0  0
  0 16  1  2  1  1  3  4  4  0  1 16 15  1  1  0  3 12  5  1  0 11 16  5
  0  1  0  6  7  0  1 14  8 10  1  0  3 13  7  1  1 16  1  1  0  0 15 13
  0  1  1  1 14  9  0  1 16  2  4  1  0 17  1  6  0  0  4 14  4  0  1 13
  7  8  1  1 16  5  9  0  0  9  0  8  1  0  0  3 10  0  0  2 10  9  1  0
  4 13  0  1  1 15  5  1  1  0 16  9  2  1  1  1  3  1  0  0  4  3  1  0
  0  4 14 10  1  0  8  3
 1  0  0  9 12 10  1  1 10  2  8  1  1  2  3  7  0  1  3 17  7  0  1 14
 14  6  1  0 11  9  4  0  1 17  3  6  1  1 14 12  0  1  0  5  5  7  1  1
  0  0  6  0  1 13 12  1  1  1  6  0  1  0  0  5  7  7  1  1  4  4  4  1
  0 16  4  7  0  0 12  5 10  0  1 16 12  1  1  0  3 12 10  1  0 11 16  7
  1  1 11  6  3  0  1 14  9  4  0  1  3 13  0  1  0 16  5  1  0  0  4 15
  4  1  0  1 14  2  1  0 16  1  4  0  1 17 15  3  1  1  4  8  1  0  1 13
  7  2  1  0 16  6  9  0  1  0  0 10  1  1  6  6  1  1  0 17 10  3  1  1
 11  6  9  1  0 11 12  5  0  0  7  4  4  1  1 17 17  2  1  1  3  7  4  0
  0  3 14  7  0  0  9 11
 4  0  1  1  6  8  1  0  1 13  1  0  0 17 16  4  0  1  2  4  7  1  0  0
 14  9  0  1  4  2  9  1  1  4 17  1  1  1  5  3  6  1  1  5  9  3  0  0
 14 16  7  0  1  6  2  6  1  1  2  2  3  1  0 17  0  5  1  0 11  2  0  0
  1 14  1  1  0  1 10  0  6  0  0 11  1  5  0  0  3 12 10  1  0  6 16  9
  1  1  1  2 10  0  1 14  8 10  1  0  3 13  7  1  1 16  1 10  0  0 15  0
  0  0  1  1 14  9  0  1 16  2  4  1  0 17  1  7  0  0  4 14  2  0  1 13
 17  9  1  1 16  5  4  0  0  9  0  8  1  0  0  3 10  0  0  2 10  9  1  0
  4 13  0  1  1 13  5  1  1  0 16 11  6  0  1  5  6  1  1  0  4  3  1  0
  0  4 14 10  1  0  8  3
 4  0  1  1  6  8  1  0  1 13  1  0  0 17 16  4  0  1  2  4  7  1  0  0
 14  9  0  1  4  2  9  1  1  4 17  1  1  1  5  3  6  1  1  5  9  3  0  0
 14 16  7  0  1  6  2  6  1  1  2  2  3  1  0 17  0  5  1  0 11  2  0  0
  1 14  1  1  0  1 10  0  6  0  0 11  1  5  0  0  3 12 10  1  0  6 16  9
  1  1  1  2 10  0  1 14  8 10  1  0  3 13  7  1  1 16  1 10  0  0 15  0
  0  0  1  1 14  9  0  1 16  2  4  1  0 17  1  7  0  0  4 14  2  0  1 13
 17  9  1  1 16  5  4  0  0  9  0  8  1  0  0  3 10  0  0  2 10  9  1  0
  4 13  0  1  1 13  5  1  1  0 16 11  6  0  1  5  6  1  1  0  4  3  1  0
  0  4 14 10  1  0  8  3
