 5  0  0 11 12  6  0  0 12 10  8  0  0  6 10  8  1  1 14  9  7  0  1  9
  1  8  0  1  0  7  4  1  1  0  4  2  1  1  2 11  3  1  0 11  0  1  1  0
 15  0  0  1  0 10 14  1  0  0  7  5  9  0  1 10 13  7  0  1  2  1  3  1
  1  4  9 10  1  0  6 14  9  0  1  5 13  8  1  0  4 13  1  1  0 10  0  6
  1  0  1 14  6  1  0  4 17  0  0  1  3 10 10  1  1 10  2  5  1  1  0 16
  1  1  0  6 10  3  0  1 14 13  3  0  0 14 16  2  0  0 14  2  8  0  0  6
  5  2  1  0 17 16  3  0  0  7  2  6  1  1 10 11  9  0  1 12 13  4  0  1
  4  8  5  0  1  0 14  2  0  0 16  2  0  0  1 11 14 10  1  1 13  2  5  1
  1  8  1  1  0  0 15 11
 9  0  1 13  5  0  1  1  4 14  4  0  1  7 14  6  1  1 10  6  9  0  0  0
 13  0  0  0 10  6  9  1  1 12  9  4  0  0  0 12  9  0  1  8 14  6  0  0
 12 14  5  1  0 11  3  3  1  0 13  1  2  1  1 13 15  9  0  0  7  1  8  1
  0  5  1  8  0  1  9 10  3  1  1 12 16  3  0  0 10  7  3  0  0 13  0  8
  1  1  5  6 10  1  1 11  5  4  0  0 12 13  4  1  1  5  2  0  0  1 17  1
  7  1  1  7  2  1  0  1 12  7  0  0  1  0  1  4  1  0  7 15  4  1  1  4
 16  0  0  0  6 13  1  1  1 11 17  0  1  1  6  6  8  1  0 13  5  8  0  0
  1 15  9  1  1  4  0  9  0  1 12 10  6  1  1  0 10  8  0  1  5 17  1  0
  0 16  1  2  0  1 12 17
 9  0  1 13  5  0  1  1  4 14  4  0  1  7 14  6  1  1 10  6  9  0  0  0
 13  0  0  0 10  6  9  1  1 12  9  4  0  0  0 12  9  0  1  8 14  6  0  0
 12 14  5  1  0 11  3  3  1  0 13  1  2  1  1 13 15  9  0  0  7  1  8  1
  0  5  1  8  0  1  9 10  3  1  1 12 16  3  0  0 10  7  3  0  0 13  0  8
  1  1  5  6 10  1  1 11  5  4  0  0 12 13  4  1  1  5  2  0  0  1 17  1
  7  1  1  7  2  1  0  1 12  7  0  0  1  0  1  4  1  0  7 15  4  1  1  4
 16  0  0  0  6 13  1  1  1 11 17  0  1  1  6  6  8  1  0 13  5  8  0  0
  1 15  9  1  1  4  0  9  0  1 12 10  6  1  1  0 10  8  0  1  5 17  1  0
  0 16  1  2  0  1 12 17
