 1  1  0  1  4  1  0  0 13  3 10  1  1 14  9  2  1  0  5  2  2  1  0 15
  2  8  1  0  0 10  6  0  0 10  8  0  1  0  3  2  0  0  1 15 14  1  1  1
  1  7  4  1  1 10 11 10  1  0 12 12  0  1  1  3  9  7  0  0  5 14  0  1
  1 11 10  1  0  0 15  3  3  0  0 14  9  6  1  0 13 15  0  1  1  0 17  6
  0  0  7  1 10  0  0 17  9  6  1  0  0  6  0  0  1  1 10 10  0  1  3  7
 10  0  0 16  6  0  1  1  9  8  0  1  1  4 13  1  0  0  3 12  4  0  1  7
  8  8  0  0 11  3  7  0  1 13 11  9  1  1 17 14  8  0  0 17 10 10  0  1
 14 12  3  1  1 13 14 10  1  1  7  5  3  0  0 13  3  9  1  0 16 10  7  0
  1  2  5  3  0  0  3  9
 1  1  0  9 13  1  1  0 13  3 10  0  1 14 17  2  1  0  5  2 10  1  0 15
  4  8  1  0  0 10  6  0  0 10  8  0  1  0  3  2  0  0  1  8  3  3  1  0
  1  7  4  1  1  7 11 10  1  0 12 12  0  0  1  3  9  7  1  0  5 16  0  1
  1 11 14  1  0  0  9  3  3  0  0 14  9  6  1  0 13 15  0  0  1  2 17  6
  0  0  7  1 10  0  0  8  9  6  0  0  0  6  0  0  0  1 10  2  0  1  3  0
 10  0  0 16  6  0  1  0  0  8  4  1  1  4 13  1  0  0  3 13  4  0  1  7
  8  8  0  0 11  3  7  1  1  3 11  9  1  0 17  2  8  0  0 17 10 10  0  1
 14  3  3  1  1 13 14 10  1  0  7  5  5  0  0 17  3  5  1  0 15 10  7  0
  1  2  5  3  0  0  2  2
 1  1  0  1  4  1  0  0 13  3 10  1  1 14  9  2  1  0  5  2  2  1  0 15
  2  8  1  0  0 10  6  0  0 10  8  0  1  0  3  2  0  0  1 15 14  1  1  1
  1  7  4  1  1 10 11 10  1  0 12 12  0  1  1  3  9  7  0  0  5 14  0  1
  1 11 10  1  0  0 15  3  3  0  0 14  9  6  1  0 13 15  0  1  1  0 17  6
  0  0  7  1 10  0  0 17  9  6  1  0  0  6  0  0  1  1 10 10  0  1  3  7
 10  0  0 16  6  0  1  1  9  8  0  1  1  4 13  1  0  0  3 12  4  0  1  7
  8  8  0  0 11  3  7  0  1 13 11  9  1  1 17 14  8  0  0 17 10 10  0  1
 14 12  3  1  1 13 14 10  1  1  7  5  3  0  0 13  3  9  1  0 16 10  7  0
  1  2  5  3  0  0  3  9
 1  1  0  1  4  1  0  0 13  3 10  1  1 14  9  2  1  0  5  2  2  1  0 15
  2  8  1  0  0 10  6  0  0 10  8  0  1  0  3  2  0  0  1 15 14  1  1  1
  1  7  4  1  1 10 11 10  1  0 12 12  0  1  1  3  9  7  0  0  5 14  0  1
  1 11 10  1  0  0 15  3  3  0  0 14  9  6  1  0 13 15  0  1  1  0 17  6
  0  0  7  1 10  0  0 17  9  6  1  0  0  6  0  0  1  1 10 10  0  1  3  7
 10  0  0 16  6  0  1  1  9  8  0  1  1  4 13  1  0  0  3 12  4  0  1  7
  8  8  0  0 11  3  7  0  1 13 11  9  1  1 17 14  8  0  0 17 10 10  0  1
 14 12  3  1  1 13 14 10  1  1  7  5  3  0  0 13  3  9  1  0 16 10  7  0
  1  2  5  3  0  0  3  9
 1  1  0  1  4  1  0  0 13  3 10  1  1 14  9  2  1  0  5  2  2  1  0 15
  2  8  1  0  0 10  6  0  0 10  8  0  1  0  3  2  0  0  1 15 14  1  1  1
  1  7  4  1  1 10 11 10  1  0 12 12  0  1  1  3  9  7  0  0  5 14  0  1
  1 11 10  1  0  0 15  3  3  0  0 14  9  6  1  0 13 15  0  1  1  0 17  6
  0  0  7  1 10  0  0 17  9  6  1  0  0  6  0  0  1  1 10 10  0  1  3  7
 10  0  0 16  6  0  1  1  9  8  0  1  1  4 13  1  0  0  3 12  4  0  1  7
  8  8  0  0 11  3  7  0  1 13 11  9  1  1 17 14  8  0  0 17 10 10  0  1
 14 12  3  1  1 13 14 10  1  1  7  5  3  0  0 13  3  9  1  0 16 10  7  0
  1  2  5  3  0  0  3  9
 1  1  0  1  4  1  0  0 13  3 10  1  1 14  9  2  1  0  5  2  2  1  0 15
  2  8  1  0  0 10  6  0  0 10  8  0  1  0  3  2  0  0  1 15 14  1  1  1
  1  7  4  1  1 10 11 10  1  0 12 12  0  1  1  3  9  7  0  0  5 14  0  1
  1 11 10  1  0  0 15  3  3  0  0 14  9  6  1  0 13 15  0  1  1  0 17  6
  0  0  7  1 10  0  0 17  9  6  1  0  0  6  0  0  1  1 10 10  0  1  3  7
 10  0  0 16  6  0  1  1  9  8  0  1  1  4 13  1  0  0  3 12  4  0  1  7
  8  8  0  0 11  3  7  0  1 13 11  9  1  1 17 14  8  0  0 17 10 10  0  1
 14 12  3  1  1 13 14 10  1  1  7  5  3  0  0 13  3  9  1  0 16 10  7  0
  1  2  5  3  0  0  3  9
 1  1  0  1  4  1  0  0 13  3 10  1  1 14  9  2  1  0  5  2  2  1  0 15
  2  8  1  0  0 10  6  0  0 10  8  0  1  0  3  2  0  0  1 15 14  1  1  1
  1  7  4  1  1 10 11 10  1  0 12 12  0  1  1  3  9  7  0  0  5 14  0  1
  1 11 10  1  0  0 15  3  3  0  0 14  9  6  1  0 13 15  0  1  1  0 17  6
  0  0  7  1 10  0  0 17  9  6  1  0  0  6  0  0  1  1 10 10  0  1  3  7
 10  0  0 16  6  0  1  1  9  8  0  1  1  4 13  1  0  0  3 12  4  0  1  7
  8  8  0  0 11  3  7  0  1 13 11  9  1  1 17 14  8  0  0 17 10 10  0  1
 14 12  3  1  1 13 14 10  1  1  7  5  3  0  0 13  3  9  1  0 16 10  7  0
  1  2  5  3  0  0  3  9
 4  0  0 13  9  2  0  0  1  5  8  1  0 17 14  6  1  1  6  6  2  1  1  2
 16  7  1  0  0 12  3  1  1 14  8  3  0  0  3 16  0  1  0  1 12  3  0  1
  4  7  4  0  0 13  5  4  0  0  9  7  3  1  1 17 14  1  0  0 13 14  3  1
  1  2  8  0  1  1 17 11  3  0  0  8  6  0  0  0 13 15 10  0  1 11 16  6
  0  0  7  1 10  0  1 17  9  6  1  0  6  6  6  0  1 11 10  1  0  1  7  7
 10  1  0 16  6 10  1  0  9  1  7  1  0 11 13  1  1  0  3 12  7  0  1  4
  8  8  1  0 11  0  7  1  1 13 11  9  0  0 12  2  2  1  1 10 10 10  0  1
 10  0  4  0  1 13 14 10  0  1  7  5  2  1  0  6  3  2  1  1 12 13  5  1
  1  6  0  0  1  1 11  4
