 6  1  0  9  1  1  0  0 10 12  0  1  0  3 14  9  1  1  9 17  6  1  1 15
 14  3  1  0 16  6 10  0  1  5  0 10  0  0 14 14  8  0  0  0 16  6  1  1
 12 10  6  0  0  6 17 10  0  1 17  4  2  0  1 11  4  2  1  0 15 12  8  0
  1  7  1  3  0  0 11  4 10  1  1  4  8 10  0  1  6  6  0  0  0  8  4  2
  0  0 12  5  4  0  1 15  7  0  0  0  2 17  6  0  1  4  8  4  0  0 16 15
  8  0  1 10 10  6  1  1 11 14  1  1  1 10  5 10  0  0 15  6  3  0  0  2
  1  7  0  0  5  8  8  0  0  7 17  0  1  1  5 15  3  0  1  2  1  4  1  0
  8  0  5  0  1  2 17 10  1  0 13 12  1  1  0  3  0 10  1  1  2 11 10  0
  0  1  2  2  0  1 11 12,
 9  0  0  9 16  1  0  0 12  1  0  1  0  3 14  9  1  1  9 17  6  1  1 15
  0  1  1  0 16  6  0  0  0  5  6  1  1  1 14  7  8  0  0  0  7  0  1  1
 12 10  0  1  0 15 17  3  1  0 10  4 10  0  0 11  9  2  1  0 15  3  8  0
  0  7  1  3  0  0  6  4  7  1  1  4  8 10  1  1  5  6  0  0  0 17  0  2
  0  0  1  5  7  0  1 15  7  0  1  0  2 17  6  0  0  4  8  4  0  0 16 15
  8  1  1  5 16  6  0  0 11 14  1  1  1 10  5 10  0  1  1  3  3  1  1  4
  1  7  1  0  5  8  8  0  0 16 13  0  1  1  2 17  3  0  0  2  4  4  0  0
  8  0  7  0  1  2 17 10  0  1  2 12  1  0  0 16  0  3  1  1  2  6 10  0
  1  1 11  4  0  1 11  3,
