[ 1  1  0  5  0  4  1  0 14 11  1  0  0  1 16  2  0  0 10  1  8  0  0  7
 17  4  1  0  0  2  9  0  0  7  0  9  1  0 16 12 10  1  0  2 14  9  0  1
 14 12 10  1  0 17  1  9  0  1  7  0  0  0  1 10 16  3  1  1 12 11 10  0
  0  7 16  8  0  1 17 10  4  0  1 14  8  8  1  1 12  9  0  0  1  2 15  6
  0  1 13  9  1  0  0 17 15  9  0  0  8  2 10  1  1 17  8  0  0  1 12  6
  2  0  1 12  2  3  1  1  6  2  6  0  0  0  4  2  1  1  0 14  8  1  1  7
  3  3  1  1  8  3  8  1  1  8  3  5  0  1  5  5  4  1  0  2 13  6  1  1
  7 15  0  1  1 15 11  5  0  1  1 17  9  0  0  2  1  2  0  1 14 16  7  1
  0  5  0  5  1  0 17  9],
[ 3  1  0  5  0  4  1  0 14 11  8  0  0  1 16  2  0  0  7  1  8  1  1  7
 17  4  1  1  0  2  3  1  1  7  4  9  1  0 16 12 10  1  0  2 14  9  0  1
  5 12 10  1  0 17  1  9  1  1  7  0  0  0  1 10 16  3  1  1  5  9 10  0
  0  7 16  6  0  1 17 17  4  1  1 14  4  8  1  1 12  9  0  1  1 14 15  6
  0  0 13 17  1  0  0 17 15  9  0  0  8  2 10  1  1 17  8  0  0  1 11  6
  2  0  0 12  2  3  1  0  6  2  1  0  0  0  4  2  1  0  0 14  8  1  1  7
  3  3  1  1  8 10  9  1  1  8  3  5  1  1  5  8  4  1  0  2 13  6  1  0
  7 15  0  1  1 14 11  5  0  0  1 17  8  0  0  1 11 10  1  1 14 16  7  1
  0  5  0 10  1  0 17  9],
[ 3  1  0  5  0  4  1  0 14 11  8  0  0  1 16  2  0  0  7  1  8  1  1  7
 17  4  1  1  0  2  3  1  1  7  4  9  1  0 16 12 10  1  0  2 14  9  0  1
  5 12 10  1  0 17  1  9  1  1  7  0  0  0  1 10 16  3  1  1  5  9 10  0
  0  7 16  6  0  1 17 17  4  1  1 14  4  8  1  1 12  9  0  1  1 14 15  6
  0  0 13 17  1  0  0 17 15  9  0  0  8  2 10  1  1 17  8  0  0  1 11  6
  2  0  0 12  2  3  1  0  6  2  1  0  0  0  4  2  1  0  0 14  8  1  1  7
  3  3  1  1  8 10  9  1  1  8  3  5  1  1  5  8  4  1  0  2 13  6  1  0
  7 15  0  1  1 14 11  5  0  0  1 17  8  0  0  1 11 10  1  1 14 16  7  1
  0  5  0 10  1  0 17  9],
[ 3  1  0  5  0  4  1  0 14 11  8  0  0  1 16  2  0  0  7  1  8  1  1  7
 17  4  1  1  0  2  3  1  1  7  4  9  1  0 16 12 10  1  0  2 14  9  0  1
  5 12 10  1  0 17  1  9  1  1  7  0  0  0  1 10 16  3  1  1  5  9 10  0
  0  7 16  6  0  1 17 17  4  1  1 14  4  8  1  1 12  9  0  1  1 14 15  6
  0  0 13 17  1  0  0 17 15  9  0  0  8  2 10  1  1 17  8  0  0  1 11  6
  2  0  0 12  2  3  1  0  6  2  1  0  0  0  4  2  1  0  0 14  8  1  1  7
  3  3  1  1  8 10  9  1  1  8  3  5  1  1  5  8  4  1  0  2 13  6  1  0
  7 15  0  1  1 14 11  5  0  0  1 17  8  0  0  1 11 10  1  1 14 16  7  1
  0  5  0 10  1  0 17  9],
[ 3  1  0  5  0  4  1  0 14 11  8  0  0  1 16  2  0  0  7  1  8  1  1  7
 17  4  1  1  0  2  3  1  1  7  4  9  1  0 16 12 10  1  0  2 14  9  0  1
  5 12 10  1  0 17  1  9  1  1  7  0  0  0  1 10 16  3  1  1  5  9 10  0
  0  7 16  6  0  1 17 17  4  1  1 14  4  8  1  1 12  9  0  1  1 14 15  6
  0  0 13 17  1  0  0 17 15  9  0  0  8  2 10  1  1 17  8  0  0  1 11  6
  2  0  0 12  2  3  1  0  6  2  1  0  0  0  4  2  1  0  0 14  8  1  1  7
  3  3  1  1  8 10  9  1  1  8  3  5  1  1  5  8  4  1  0  2 13  6  1  0
  7 15  0  1  1 14 11  5  0  0  1 17  8  0  0  1 11 10  1  1 14 16  7  1
  0  5  0 10  1  0 17  9],
[ 7  1  1  2 16  9  0  0 14 16  9  1  0  1  4  9  0  0  1 16  8  1  1 12
  1  7  0  1  0 11  0  0  0  2 10  1  1  1 13 15  8  1  1 15  5  3  0  0
 15  4  6  0  1 15  3  6  0  0  7  4  5  0  1  6  9  6  1  0 15  2  7  1
  1  5 14 10  1  1 17 13  9  1  1  2  5  7  0  0 16 12  0  0  0 17  6  5
  0  0 12  4  0  0  0  0  6  5  0  1 12  3  2  0  0  6  6  2  1  1  4  5
  9  0  1  5  1  5  1  0 16  5  8  1  1 11 11  7  1  0  1 12  2  1  1  0
 14  0  1  1 16  7  5  1  1  8 10  7  1  0  2  0 10  1  1 16 17  4  1  0
  2  6  2  1  1  5  9  8  1  0 13  5  6  0  0 16 12 10  0  1 11 10  9  1
  0  7  4  7  0  0  0 10],
[ 7  1  1  2 16  9  0  0 14 16  9  1  0  1  4  9  0  0  1 16  8  1  1 12
  1  7  0  1  0 11  0  0  0  2 10  1  1  1 13 15  8  1  1 15  5  3  0  0
 15  4  6  0  1 15  3  6  0  0  7  4  5  0  1  6  9  6  1  0 15  2  7  1
  1  5 14 10  1  1 17 13  9  1  1  2  5  7  0  0 16 12  0  0  0 17  6  5
  0  0 12  4  0  0  0  0  6  5  0  1 12  3  2  0  0  6  6  2  1  1  4  5
  9  0  1  5  1  5  1  0 16  5  8  1  1 11 11  7  1  0  1 12  2  1  1  0
 14  0  1  1 16  7  5  1  1  8 10  7  1  0  2  0 10  1  1 16 17  4  1  0
  2  6  2  1  1  5  9  8  1  0 13  5  6  0  0 16 12 10  0  1 11 10  9  1
  0  7  4  7  0  0  0 10],
[ 7  1  1  2 16  9  0  0 14 16  9  1  0  1  4  9  0  0  1 16  8  1  1 12
  1  7  0  1  0 11  0  0  0  2 10  1  1  1 13 15  8  1  1 15  5  3  0  0
 15  4  6  0  1 15  3  6  0  0  7  4  5  0  1  6  9  6  1  0 15  2  7  1
  1  5 14 10  1  1 17 13  9  1  1  2  5  7  0  0 16 12  0  0  0 17  6  5
  0  0 12  4  0  0  0  0  6  5  0  1 12  3  2  0  0  6  6  2  1  1  4  5
  9  0  1  5  1  5  1  0 16  5  8  1  1 11 11  7  1  0  1 12  2  1  1  0
 14  0  1  1 16  7  5  1  1  8 10  7  1  0  2  0 10  1  1 16 17  4  1  0
  2  6  2  1  1  5  9  8  1  0 13  5  6  0  0 16 12 10  0  1 11 10  9  1
  0  7  4  7  0  0  0 10],
