0.036390036190637416
0.05493061443340548
0.04375823576751607
0.037732825197330094
0.02837149904933872
0.027180410095689417
0.04133556687918578
0.02837149904933872
0.03820496270802848
0.0461512051684126
0.044083290891150054
0.03113381386524744
0.05012066118352055
0.026093186172247096
0.03796728440907556
0.03575705748645429
0.05440394132425004
0.04579181003251753
0.03344853224543283
0.02776203212783326
0.021201327388389035
0.026955121064989738
0.0461512051684126
0.029682678011054675
0.029545622828789437
0.030981744171857836
0.03475393915787413
0.026197635437656238
0.026516524540295378
0.04375823576751607
0.020196378505982972
0.040501046551792624
0.04077508226039029
0.02472051252209404
0.030535111398351626
0.03327073192613428
0.04375823576751607
0.030831288026606955
0.02982112889719381
0.055468691578150396
0.03224582823584055
0.03918928102117916
0.025289113989195398
0.03362842479259232
0.029142616886745815
0.030535111398351626
0.03241183208556608
0.027409844733879613
0.030981744171857836
0.037732825197330094
0.06089542681487593
0.026955121064989738
0.037048099456225406
0.03191933217128193
0.03727329711897993
0.046888978062597855
0.060234734070648666
0.036606528197301716
0.03494961007225287
0.04441370565821016
0.03869025525561182
0.03362842479259232
0.03475393915787413
0.03844592925760787
0.030535111398351626
0.028247279317368652
0.03144290247411582
0.03869025525561182
0.037048099456225406
0.046888978062597855
0.030981744171857836
0.03381044801314499
0.04375823576751607
0.029960997642428943
0.036825863157525646
0.030981744171857836
0.023578949660893116
0.056580634112851844
0.04343840631693651
0.03418104511492285
0.03191933217128193
0.029682678011054675
0.05012066118352055
0.04105322357584273
0.04441370565821016
0.032081672165950835
0.03918928102117916
0.029142616886745815
0.03224582823584055
0.044083290891150054
0.036825863157525646
0.028751418160645276
0.03555138433531873
0.03327073192613428
0.030102306881950015
0.036606528197301716
0.03159997723746822
0.028623550290337474
0.03224582823584055
0.04162221165230921
0.04133556687918578
0.05958971446039432
0.030981744171857836
0.03224582823584055
0.03820496270802848
0.03381044801314499
0.03727329711897993
0.034369700839367835
0.049689984363176266
0.03327073192613428
0.03381044801314499
0.05440394132425004
0.037732825197330094
0.036390036190637416
0.03418104511492285
0.04543851949244741
0.03399464131812323
0.037048099456225406
0.04023102304858862
0.04343840631693651
0.036825863157525646
0.03159997723746822
0.056580634112851844
0.043123673080664365
0.032579716175803464
0.024356629601171707
0.05601856221111566
0.042208819809931616
0.042508998840496345
0.048852632067419396
0.03362842479259232
0.02764354435814016
0.0294099416623513
0.04105322357584273
0.03514770962837774
0.03820496270802848
0.037048099456225406
0.05288870543440853
0.03534828493127263
0.03344853224543283
0.04509117377807158
0.048045770436503536
0.03534828493127263
0.03514770962837774
0.05493061443340548
0.03241183208556608
0.046888978062597855
0.03596535536611098
0.03996492121330618
0.03144290247411582
0.032579716175803464
0.03869025525561182
0.037048099456225406
0.036606528197301716
0.03362842479259232
0.028751418160645276
0.03996492121330618
0.03399464131812323
0.036825863157525646
0.026093186172247096
0.027409844733879613
0.03555138433531873
0.04343840631693651
0.04191326060526102
0.046888978062597855
0.03399464131812323
0.036176330336971506
0.04579181003251753
0.029545622828789437
0.042813910921021214
0.03344853224543283
0.03750151787077809
0.03996492121330618
0.04105322357584273
0.030981744171857836
0.036606528197301716
0.04765323935941024
0.03555138433531873
0.04926738579514408
0.04926738579514408
0.0294099416623513
0.04375823576751607
0.039702653262258324
0.029545622828789437
0.034369700839367835
0.03475393915787413
0.055468691578150396
0.03418104511492285
0.036176330336971506
0.049689984363176266
0.05440394132425004
0.03191933217128193
0.06157239481230954
0.032081672165950835
0.028124239875562295
0.02684399507966769
0.03113381386524744
0.024179019652698305
0.03159997723746822
0.034369700839367835
0.04509117377807158
0.0294099416623513
0.03514770962837774
0.04077508226039029
0.03575705748645429
0.03327073192613428
0.029960997642428943
0.036176330336971506
0.029142616886745815
0.02776203212783326
0.03274951374622888
0.05774311120381775
0.029960997642428943
0.0270672546627206
0.02982112889719381
0.040501046551792624
0.029545622828789437
0.03820496270802848
0.03241183208556608
0.03144290247411582
0.02764354435814016
0.031758777281152895
0.03113381386524744
0.02982112889719381
0.02764354435814016
0.026733862751133798
0.03113381386524744
0.0270672546627206
0.03274951374622888
0.03274951374622888
0.025386664808872098
0.029275613278486354
0.04162221165230921
0.027409844733879613
0.04543851949244741
0.029960997642428943
0.03727329711897993
0.042208819809931616
0.03241183208556608
0.04162221165230921
0.04343840631693651
0.028623550290337474
0.03750151787077809
0.03113381386524744
0.040501046551792624
0.030102306881950015
0.03292125883930476
0.03241183208556608
0.028880539062587918
0.030389339864202728
0.06522480109211932
0.03144290247411582
0.03844592925760787
0.030535111398351626
0.030102306881950015
0.021069797391629053
0.029682678011054675
0.02333156202625709
0.028124239875562295
0.02630299989624647
0.046888978062597855
0.0461512051684126
0.027180410095689417
0.029275613278486354
0.03144290247411582
0.04133556687918578
0.02383211405067649
0.04105322357584273
0.029142616886745815
0.029960997642428943
0.03144290247411582
0.029545622828789437
0.03475393915787413
0.03191933217128193
0.04105322357584273
0.03596535536611098
0.0214698132471642
0.0461512051684126
0.022931543612309587
0.03344853224543283
0.03191933217128193
0.05055965921719399
0.02188669670758315
0.032081672165950835
0.026733862751133798
0.04105322357584273
0.028247279317368652
0.042508998840496345
0.032579716175803464
0.034560650989031765
0.05100723147422886
0.05440394132425004
0.04133556687918578
0.04077508226039029
0.040501046551792624
0.05288870543440853
0.05012066118352055
0.0514636415457265
0.03159997723746822
0.03344853224543283
0.03820496270802848
0.036176330336971506
0.03918928102117916
0.03418104511492285
0.03727329711897993
0.055468691578150396
0.03475393915787413
0.030682419038342866
0.0266247103846635
0.029545622828789437
0.04926738579514408
0.03362842479259232
0.03191933217128193
0.032579716175803464
0.040501046551792624
0.03555138433531873
0.02901093212787827
0.027180410095689417
0.03292125883930476
0.030981744171857836
0.039444134060429646
0.03475393915787413
0.03292125883930476
0.04765323935941024
0.028880539062587918
0.030682419038342866
0.07318821255882088
0.048852632067419396
0.036606528197301716
0.03362842479259232
0.037048099456225406
0.03113381386524744
0.036825863157525646
0.031758777281152895
0.02049916459002398
0.02500129491946123
0.029545622828789437
0.027526153780250164
0.03555138433531873
0.027526153780250164
0.04133556687918578
0.032081672165950835
0.031758777281152895
0.04133556687918578
0.036606528197301716
0.03309498632495023
0.04474961875151465
0.042508998840496345
0.05288870543440853
0.036606528197301716
0.024004203617174345
0.04133556687918578
0.028124239875562295
0.029275613278486354
0.03292125883930476
0.028880539062587918
0.058344433966706896
0.028880539062587918
0.05958971446039432
0.038938014010502425
0.05774311120381775
0.034560650989031765
0.03844592925760787
0.02383211405067649
0.031287524097080965
0.036606528197301716
0.03159997723746822
0.03292125883930476
0.03727329711897993
0.03224582823584055
0.02837149904933872
0.026197635437656238
0.031287524097080965
0.03596535536611098
0.03344853224543283
0.032579716175803464
0.024004203617174345
0.048852632067419396
0.02684399507966769
0.053383334925823055
0.029275613278486354
0.03381044801314499
0.044083290891150054
0.042813910921021214
0.03399464131812323
0.03362842479259232
0.03475393915787413
0.039444134060429646
0.06226627212643029
0.030535111398351626
0.03144290247411582
0.027294601860431752
0.03381044801314499
0.030682419038342866
0.026409292026871662
0.030981744171857836
0.03820496270802848
0.03575705748645429
0.030682419038342866
0.03796728440907556
0.04579181003251753
0.02776203212783326
0.027180410095689417
0.03844592925760787
0.024004203617174345
0.03575705748645429
0.03820496270802848
0.028247279317368652
0.03309498632495023
0.034560650989031765
0.04191326060526102
0.03241183208556608
0.04077508226039029
0.02224779393735769
0.03159997723746822
0.036390036190637416
0.05055965921719399
0.039444134060429646
0.04543851949244741
0.040501046551792624
0.030535111398351626
0.05055965921719399
0.04023102304858862
0.03309498632495023
0.04343840631693651
0.037048099456225406
0.028124239875562295
0.042813910921021214
0.028751418160645276
0.022546140207150518
0.028124239875562295
0.039702653262258324
0.03418104511492285
0.03555138433531873
0.028247279317368652
0.025584246558456786
0.04543851949244741
0.02837149904933872
0.03024507974413329
0.03820496270802848
0.032081672165950835
0.03144290247411582
0.03418104511492285
0.030389339864202728
0.04375823576751607
0.03475393915787413
0.046888978062597855
0.040501046551792624
0.04844549884681426
0.034560650989031765
0.03362842479259232
0.025289113989195398
0.024446503990372303
0.024537103188717057
0.02901093212787827
0.030981744171857836
0.03292125883930476
0.03534828493127263
0.03274951374622888
0.02578520811449912
0.02764354435814016
0.025386664808872098
0.025386664808872098
0.0266247103846635
0.034560650989031765
0.03555138433531873
0.039444134060429646
0.060234734070648666
0.023413395344882838
0.029682678011054675
0.030682419038342866
0.05288870543440853
0.04191326060526102
0.039702653262258324
0.030102306881950015
0.036606528197301716
0.02800236343759331
0.048045770436503536
0.03514770962837774
0.04651687056553627
0.030682419038342866
0.04191326060526102
0.03224582823584055
0.026197635437656238
0.03534828493127263
0.034560650989031765
0.028880539062587918
0.05012066118352055
0.022546140207150518
0.030102306881950015
0.04077508226039029
0.03362842479259232
0.029275613278486354
0.028623550290337474
0.05601856221111566
0.03274951374622888
0.03241183208556608
0.037732825197330094
0.056580634112851844
0.0294099416623513
0.030981744171857836
0.03327073192613428
0.029275613278486354
0.03494961007225287
0.04509117377807158
0.03024507974413329
0.030682419038342866
0.036606528197301716
0.03327073192613428
0.027409844733879613
0.043123673080664365
0.028751418160645276
0.032081672165950835
0.03327073192613428
0.04162221165230921
0.036390036190637416
0.036825863157525646
0.02776203212783326
0.028247279317368652
0.039444134060429646
0.02837149904933872
0.026516524540295378
0.03224582823584055
0.04162221165230921
0.03399464131812323
0.030981744171857836
0.03241183208556608
0.04343840631693651
0.039444134060429646
0.032579716175803464
0.037732825197330094
0.03418104511492285
0.04579181003251753
0.03274951374622888
0.03796728440907556
0.03224582823584055
0.039444134060429646
0.027180410095689417
0.036825863157525646
0.028124239875562295
0.03596535536611098
0.026197635437656238
0.030981744171857836
0.037732825197330094
0.04509117377807158
0.034369700839367835
0.04023102304858862
0.03191933217128193
0.036390036190637416
0.04474961875151465
0.04375823576751607
0.03144290247411582
0.04509117377807158
0.05288870543440853
0.04133556687918578
0.021606846633936253
0.034369700839367835
0.07030236972251241
0.027180410095689417
0.04133556687918578
0.04023102304858862
0.036825863157525646
0.03381044801314499
0.03362842479259232
0.04191326060526102
0.04844549884681426
0.025485038730838412
0.03399464131812323
0.029142616886745815
0.04543851949244741
0.03820496270802848
0.03475393915787413
0.03844592925760787
0.04543851949244741
0.03274951374622888
0.058344433966706896
0.04543851949244741
0.03292125883930476
0.029275613278486354
0.038938014010502425
0.03292125883930476
0.04651687056553627
0.034560650989031765
0.03144290247411582
0.03596535536611098
0.03555138433531873
0.029682678011054675
0.03144290247411582
0.03024507974413329
0.02568429928829236
0.034369700839367835
0.03418104511492285
0.028623550290337474
0.03113381386524744
0.04441370565821016
0.03327073192613428
0.03514770962837774
0.03344853224543283
0.034369700839367835
0.039444134060429646
0.02800236343759331
0.055468691578150396
0.03918928102117916
0.032081672165950835
0.0514636415457265
0.03596535536611098
0.03727329711897993
0.042508998840496345
0.03241183208556608
0.024537103188717057
0.03596535536611098
0.04162221165230921
0.042208819809931616
0.03727329711897993
0.03274951374622888
0.030981744171857836
0.040501046551792624
0.03224582823584055
0.0294099416623513
0.032579716175803464
0.02776203212783326
0.044083290891150054
0.04543851949244741
0.0294099416623513
0.03534828493127263
0.029142616886745815
0.048045770436503536
0.028623550290337474
0.02764354435814016
0.046888978062597855
0.030535111398351626
0.02349585540330043
0.02578520811449912
0.060234734070648666
0.03514770962837774
0.03241183208556608
0.03475393915787413
0.025386664808872098
0.04765323935941024
0.03344853224543283
0.028496916708245824
0.025096439383774125
0.03820496270802848
0.028247279317368652
0.038938014010502425
0.04191326060526102
0.03494961007225287
0.030389339864202728
0.052404085838276555
0.039444134060429646
0.044083290891150054
0.04765323935941024
0.02901093212787827
0.03024507974413329
0.03844592925760787
0.05192916417040214
0.03869025525561182
0.029545622828789437
0.03534828493127263
0.029960997642428943
0.03292125883930476
0.03475393915787413
0.036825863157525646
0.03475393915787413
0.037048099456225406
0.030102306881950015
0.028496916708245824
0.034560650989031765
0.02901093212787827
0.039702653262258324
0.03191933217128193
0.039444134060429646
0.029142616886745815
0.02630299989624647
0.037048099456225406
0.03327073192613428
0.030831288026606955
0.024356629601171707
0.03796728440907556
0.03514770962837774
0.04844549884681426
0.026955121064989738
0.03362842479259232
0.03727329711897993
0.03292125883930476
0.03224582823584055
0.03159997723746822
0.03113381386524744
0.029275613278486354
0.029142616886745815
0.03996492121330618
0.03344853224543283
0.04375823576751607
0.042813910921021214
0.04474961875151465
0.034369700839367835
0.03514770962837774
0.03596535536611098
0.036825863157525646
0.037048099456225406
0.025386664808872098
0.030981744171857836
0.039444134060429646
0.03327073192613428
0.03418104511492285
0.0266247103846635
0.03596535536611098
0.02982112889719381
0.039702653262258324
0.03996492121330618
0.03327073192613428
0.027180410095689417
0.04375823576751607
0.030981744171857836
0.036390036190637416
0.024628436284713978
0.027294601860431752
0.05493061443340548
0.03494961007225287
0.03918928102117916
0.025386664808872098
0.03514770962837774
0.03144290247411582
0.02764354435814016
0.026733862751133798
0.032579716175803464
0.024179019652698305
0.03191933217128193
0.03292125883930476
0.03144290247411582
0.04926738579514408
0.037732825197330094
0.037732825197330094
0.03796728440907556
0.03534828493127263
0.03159997723746822
0.02776203212783326
0.036176330336971506
0.03494961007225287
0.032579716175803464
0.03820496270802848
0.026516524540295378
0.037048099456225406
0.02800236343759331
0.05715533449807479
0.02837149904933872
0.025584246558456786
0.03224582823584055
0.023250348106491955
0.04077508226039029
0.032081672165950835
0.02578520811449912
0.03292125883930476
0.028623550290337474
0.02472051252209404
0.02776203212783326
0.03024507974413329
0.03514770962837774
0.029142616886745815
0.028247279317368652
0.02901093212787827
0.03727329711897993
0.03918928102117916
0.02383211405067649
0.0294099416623513
0.03869025525561182
0.030981744171857836
0.025886984433327032
0.03727329711897993
0.030535111398351626
0.029545622828789437
0.029960997642428943
0.020437821329880545
0.021267763481594523
0.03241183208556608
0.03555138433531873
0.03327073192613428
0.02167607845662195
0.034560650989031765
0.025289113989195398
0.03750151787077809
0.028623550290337474
0.038938014010502425
0.039702653262258324
0.021606846633936253
0.02901093212787827
0.03596535536611098
0.02837149904933872
0.030682419038342866
0.03534828493127263
0.028496916708245824
0.036606528197301716
0.02630299989624647
0.026409292026871662
0.03475393915787413
0.04162221165230921
0.0461512051684126
0.03113381386524744
0.024004203617174345
0.052404085838276555
0.03596535536611098
0.04844549884681426
0.037732825197330094
0.024446503990372303
0.023413395344882838
0.030831288026606955
0.03475393915787413
0.021606846633936253
0.0270672546627206
0.02837149904933872
0.019343453592992582
0.04077508226039029
0.03996492121330618
0.02982112889719381
0.022174541838804202
0.029275613278486354
0.02195789479653778
0.029682678011054675
0.029275613278486354
0.023250348106491955
0.03750151787077809
0.030102306881950015
0.029960997642428943
0.02308974967793871
0.036606528197301716
0.03750151787077809
0.030535111398351626
0.04023102304858862
0.03494961007225287
0.029682678011054675
0.044083290891150054
0.03399464131812323
0.030682419038342866
0.02684399507966769
0.028751418160645276
0.037048099456225406
0.036825863157525646
0.03274951374622888
0.03596535536611098
0.03399464131812323
0.021402001566625743
0.036390036190637416
0.028124239875562295
0.023917822153984317
0.03191933217128193
0.039702653262258324
0.0270672546627206
0.028496916708245824
0.02568429928829236
0.03292125883930476
0.02578520811449912
0.036606528197301716
0.027881633058827886
0.04023102304858862
0.06445622680040654
0.037048099456225406
0.023578949660893116
0.03869025525561182
0.024356629601171707
0.03309498632495023
0.031287524097080965
0.036176330336971506
0.039702653262258324
0.04579181003251753
0.025584246558456786
0.03144290247411582
0.039702653262258324
0.028124239875562295
0.02800236343759331
0.02383211405067649
0.048045770436503536
0.03869025525561182
0.0270672546627206
0.03820496270802848
0.03241183208556608
0.039702653262258324
0.06157239481230954
0.02800236343759331
0.037732825197330094
0.026955121064989738
0.027180410095689417
0.02409126666343238
0.042508998840496345
0.039444134060429646
0.02578520811449912
0.03399464131812323
0.042208819809931616
0.04133556687918578
0.02409126666343238
0.0514636415457265
0.03494961007225287
0.04162221165230921
0.03381044801314499
0.03796728440907556
0.03418104511492285
0.03113381386524744
0.0461512051684126
0.025386664808872098
0.02349585540330043
0.04651687056553627
0.05388830009508046
0.03327073192613428
0.03344853224543283
0.037048099456225406
0.029275613278486354
0.029682678011054675
0.03820496270802848
0.029275613278486354
0.038938014010502425
0.027180410095689417
0.027881633058827886
0.025584246558456786
0.03844592925760787
0.037732825197330094
0.03292125883930476
0.03399464131812323
0.023010351058535758
0.02630299989624647
0.027294601860431752
0.03362842479259232
0.03224582823584055
0.032579716175803464
0.031287524097080965
0.03918928102117916
0.0294099416623513
0.04543851949244741
0.02776203212783326
0.039444134060429646
0.03750151787077809
0.028880539062587918
0.044083290891150054
0.031758777281152895
0.03996492121330618
0.0266247103846635
0.03362842479259232
0.019788399355802868
0.029545622828789437
0.029682678011054675
0.025485038730838412
0.03144290247411582
0.036390036190637416
0.029960997642428943
0.053383334925823055
0.021334653271115313
0.028124239875562295
0.03144290247411582
0.03575705748645429
0.03869025525561182
0.030831288026606955
0.028623550290337474
0.03292125883930476
0.036390036190637416
0.028124239875562295
0.028623550290337474
0.04105322357584273
0.04023102304858862
0.03796728440907556
0.05601856221111566
0.04191326060526102
0.028247279317368652
0.034369700839367835
0.028247279317368652
0.03241183208556608
0.024446503990372303
0.042508998840496345
0.020196378505982972
0.04077508226039029
0.03796728440907556
0.03727329711897993
0.036606528197301716
0.05774311120381775
0.03494961007225287
0.036606528197301716
0.030535111398351626
0.038938014010502425
0.03534828493127263
0.027881633058827886
0.04543851949244741
0.04162221165230921
0.026516524540295378
0.036606528197301716
0.029682678011054675
0.03555138433531873
0.04726770596567599
0.02982112889719381
0.05774311120381775
0.04343840631693651
0.04579181003251753
0.04726770596567599
0.02800236343759331
0.029960997642428943
0.02837149904933872
0.02901093212787827
0.04579181003251753
0.02684399507966769
0.0270672546627206
0.042813910921021214
0.038938014010502425
0.04765323935941024
0.022698601005539457
0.0514636415457265
0.08236597895548704
0.03024507974413329
0.03274951374622888
0.04162221165230921
0.02366268569792084
0.036176330336971506
0.0461512051684126
0.04579181003251753
0.036176330336971506
0.02800236343759331
0.032081672165950835
0.030831288026606955
0.04375823576751607
0.03575705748645429
0.036390036190637416
0.03418104511492285
0.034560650989031765
0.05715533449807479
0.03191933217128193
0.03024507974413329
0.03309498632495023
0.036606528197301716
0.04441370565821016
0.029960997642428943
0.028124239875562295
0.02383211405067649
0.03292125883930476
0.022395887547268203
0.04509117377807158
0.04191326060526102
0.03475393915787413
0.040501046551792624
0.03191933217128193
0.034560650989031765
0.031758777281152895
0.026093186172247096
0.026516524540295378
0.04023102304858862
0.03727329711897993
0.022931543612309587
0.03292125883930476
0.032579716175803464
0.03555138433531873
0.048852632067419396
0.022321573871113286
0.0266247103846635
0.04023102304858862
0.042813910921021214
0.03191933217128193
0.03996492121330618
0.039444134060429646
0.04509117377807158
0.04133556687918578
0.036390036190637416
0.030682419038342866
0.027881633058827886
0.026733862751133798
0.04509117377807158
0.03918928102117916
0.032081672165950835
0.03750151787077809
0.03869025525561182
0.06601401719618526
0.043123673080664365
0.04579181003251753
0.04162221165230921
0.0461512051684126
0.04726770596567599
0.03327073192613428
0.03534828493127263
0.027294601860431752
0.03327073192613428
0.06765794073844413
0.022775675212268406
0.05100723147422886
0.02500129491946123
0.03555138433531873
0.028124239875562295
0.04543851949244741
0.034560650989031765
0.036390036190637416
0.02195789479653778
0.04105322357584273
0.03159997723746822
0.046888978062597855
0.03534828493127263
0.027180410095689417
0.034369700839367835
0.04105322357584273
0.024004203617174345
0.036825863157525646
0.037732825197330094
0.025096439383774125
0.028124239875562295
0.02349585540330043
0.02764354435814016
0.031287524097080965
0.03514770962837774
0.040501046551792624
0.04191326060526102
0.03241183208556608
0.029960997642428943
0.03399464131812323
0.043123673080664365
0.0270672546627206
0.02837149904933872
0.04375823576751607
0.03494961007225287
0.027881633058827886
0.029682678011054675
0.027526153780250164
0.043123673080664365
0.028623550290337474
0.027180410095689417
0.026955121064989738
0.026955121064989738
0.03309498632495023
0.052404085838276555
0.04441370565821016
0.02764354435814016
0.030102306881950015
0.03596535536611098
0.024906932192316943
0.03727329711897993
0.029142616886745815
0.030682419038342866
0.039444134060429646
0.03292125883930476
0.030981744171857836
0.03191933217128193
0.04509117377807158
0.03796728440907556
0.027526153780250164
0.04162221165230921
0.039702653262258324
0.025989639847754056
0.025289113989195398
0.03362842479259232
0.042813910921021214
0.030389339864202728
0.03796728440907556
0.03327073192613428
0.026955121064989738
0.029682678011054675
0.03820496270802848
0.03534828493127263
0.0461512051684126
0.03241183208556608
0.03750151787077809
0.03327073192613428
0.034560650989031765
0.02776203212783326
0.02062305807053294
0.030102306881950015
0.02684399507966769
0.031287524097080965
0.048852632067419396
0.03514770962837774
0.029545622828789437
0.02982112889719381
0.030981744171857836
0.030389339864202728
0.029545622828789437
0.029545622828789437
0.03575705748645429
0.023578949660893116
0.02800236343759331
0.03191933217128193
0.03224582823584055
0.028124239875562295
0.03918928102117916
0.036176330336971506
0.027526153780250164
0.02800236343759331
0.03596535536611098
0.036390036190637416
0.0270672546627206
0.02316974636074208
0.032579716175803464
0.026955121064989738
0.03796728440907556
0.029682678011054675
0.026733862751133798
0.03727329711897993
0.03309498632495023
0.031287524097080965
0.04023102304858862
0.02837149904933872
0.030535111398351626
0.02800236343759331
0.02568429928829236
0.028124239875562295
0.029142616886745815
0.026516524540295378
0.026955121064989738
0.05774311120381775
0.029960997642428943
0.04105322357584273
0.025289113989195398
0.029682678011054675
0.024356629601171707
0.03024507974413329
0.02837149904933872
0.02578520811449912
0.031758777281152895
0.03796728440907556
0.02224779393735769
0.024179019652698305
0.03241183208556608
0.048045770436503536
0.02568429928829236
0.02366268569792084
0.04343840631693651
0.024446503990372303
0.029275613278486354
0.05288870543440853
0.03534828493127263
0.027294601860431752
0.0266247103846635
0.029545622828789437
0.030535111398351626
0.03796728440907556
0.03399464131812323
0.03292125883930476
0.03796728440907556
0.029142616886745815
0.03241183208556608
0.03191933217128193
0.040501046551792624
0.03292125883930476
0.028124239875562295
0.039444134060429646
0.028247279317368652
0.04375823576751607
0.03159997723746822
0.03514770962837774
0.02366268569792084
0.058344433966706896
0.027526153780250164
0.031287524097080965
0.03241183208556608
0.03918928102117916
0.03844592925760787
0.034560650989031765
0.03596535536611098
0.031758777281152895
0.03418104511492285
0.03191933217128193
0.042208819809931616
0.02472051252209404
0.034560650989031765
0.028751418160645276
0.04162221165230921
0.03996492121330618
0.03113381386524744
0.04343840631693651
0.03144290247411582
0.032579716175803464
0.03381044801314499
0.031758777281152895
0.027294601860431752
0.036606528197301716
0.027881633058827886
0.02837149904933872
0.03399464131812323
0.03820496270802848
0.043123673080664365
0.027526153780250164
0.02776203212783326
0.022546140207150518
0.03596535536611098
0.030682419038342866
0.04105322357584273
0.03224582823584055
0.03113381386524744
0.04926738579514408
0.05958971446039432
0.0294099416623513
0.026955121064989738
0.030389339864202728
0.038938014010502425
0.026516524540295378
0.03494961007225287
0.030682419038342866
0.03418104511492285
0.06765794073844413
0.03327073192613428
0.0270672546627206
0.02982112889719381
0.034369700839367835
0.037732825197330094
0.03113381386524744
0.029960997642428943
0.036176330336971506
0.03113381386524744
0.025989639847754056
0.032579716175803464
0.03820496270802848
0.07420987380060132
0.027294601860431752
0.022698601005539457
0.04023102304858862
0.037732825197330094
0.022853320556211063
0.03869025525561182
0.03727329711897993
0.03534828493127263
0.03796728440907556
0.032579716175803464
0.03224582823584055
0.039702653262258324
0.056580634112851844
0.03344853224543283
0.03844592925760787
0.027294601860431752
0.030102306881950015
0.032579716175803464
0.039702653262258324
0.02800236343759331
0.02901093212787827
0.030535111398351626
0.05388830009508046
0.02630299989624647
0.03514770962837774
0.03475393915787413
0.03596535536611098
0.02684399507966769
0.025886984433327032
0.043123673080664365
0.02684399507966769
0.04077508226039029
0.04105322357584273
0.03327073192613428
0.03844592925760787
0.05493061443340548
0.026733862751133798
0.03596535536611098
0.036176330336971506
0.03727329711897993
0.022698601005539457
0.03844592925760787
0.02901093212787827
0.02776203212783326
0.030682419038342866
0.029275613278486354
0.025289113989195398
0.037048099456225406
0.04077508226039029
0.05288870543440853
0.02982112889719381
0.048852632067419396
0.03596535536611098
0.034560650989031765
0.049689984363176266
0.03727329711897993
0.028880539062587918
0.03418104511492285
0.025192375657379584
0.042813910921021214
0.028124239875562295
0.026733862751133798
0.0461512051684126
0.04474961875151465
0.030102306881950015
0.04191326060526102
0.04023102304858862
0.02800236343759331
0.032081672165950835
0.029275613278486354
0.05288870543440853
0.03327073192613428
0.042813910921021214
0.032081672165950835
0.04844549884681426
0.04509117377807158
0.026733862751133798
0.03494961007225287
0.03399464131812323
0.036176330336971506
0.048852632067419396
0.027409844733879613
0.02630299989624647
0.025886984433327032
0.03159997723746822
0.046888978062597855
0.03796728440907556
0.04191326060526102
0.030389339864202728
0.03820496270802848
0.06682475365147633
0.03918928102117916
0.044083290891150054
0.030682419038342866
0.03796728440907556
0.03596535536611098
0.024179019652698305
0.049689984363176266
0.026409292026871662
0.025886984433327032
0.0270672546627206
0.028496916708245824
0.0294099416623513
0.03727329711897993
0.06226627212643029
0.04133556687918578
0.036176330336971506
0.026516524540295378
0.04509117377807158
0.03820496270802848
0.056580634112851844
0.02684399507966769
0.04343840631693651
0.04191326060526102
0.05055965921719399
0.03274951374622888
0.05100723147422886
0.04191326060526102
0.037048099456225406
0.044083290891150054
0.03575705748645429
0.02837149904933872
0.06445622680040654
0.029545622828789437
0.04375823576751607
0.026409292026871662
0.03024507974413329
0.03144290247411582
0.03555138433531873
0.03796728440907556
0.036390036190637416
0.03494961007225287
0.04162221165230921
0.046888978062597855
0.04133556687918578
0.02982112889719381
0.05012066118352055
0.028623550290337474
0.03144290247411582
0.029960997642428943
0.03514770962837774
0.048045770436503536
0.037732825197330094
0.03514770962837774
0.03292125883930476
0.030682419038342866
0.04023102304858862
0.04579181003251753
0.023578949660893116
0.030682419038342866
0.039444134060429646
0.055468691578150396
0.031287524097080965
0.0266247103846635
0.032579716175803464
0.04191326060526102
0.03575705748645429
0.03796728440907556
0.03727329711897993
0.04375823576751607
0.03362842479259232
0.048852632067419396
0.03159997723746822
0.029142616886745815
0.024813341303175526
0.025989639847754056
0.036606528197301716
0.03918928102117916
0.06226627212643029
0.03494961007225287
0.028880539062587918
0.05493061443340548
0.02837149904933872
0.03418104511492285
0.03575705748645429
0.03575705748645429
0.04726770596567599
0.030535111398351626
0.03494961007225287
0.030102306881950015
0.04133556687918578
0.0514636415457265
0.029960997642428943
0.02684399507966769
0.03327073192613428
0.06601401719618526
0.02800236343759331
0.042813910921021214
0.03820496270802848
0.02630299989624647
0.029142616886745815
0.05440394132425004
0.026516524540295378
0.0270672546627206
0.03727329711897993
0.05100723147422886
0.056580634112851844
0.030682419038342866
0.02684399507966769
0.036176330336971506
0.027180410095689417
0.04509117377807158
0.04133556687918578
0.0266247103846635
0.034560650989031765
0.03327073192613428
0.052404085838276555
0.03796728440907556
0.04726770596567599
0.046888978062597855
0.03820496270802848
0.028751418160645276
0.038938014010502425
0.03727329711897993
0.03996492121330618
0.028247279317368652
0.03869025525561182
0.034560650989031765
0.05055965921719399
0.03224582823584055
0.03820496270802848
0.030831288026606955
0.02224779393735769
0.024356629601171707
0.03399464131812323
0.02684399507966769
0.03362842479259232
0.029960997642428943
0.029545622828789437
0.029275613278486354
0.03820496270802848
0.03514770962837774
0.0270672546627206
0.03494961007225287
0.034369700839367835
0.04133556687918578
0.037048099456225406
0.04579181003251753
0.02982112889719381
0.02374707121800522
0.04133556687918578
0.036606528197301716
0.042208819809931616
0.037732825197330094
0.04023102304858862
0.02800236343759331
0.04844549884681426
0.028623550290337474
0.028751418160645276
0.03241183208556608
0.04441370565821016
0.03820496270802848
0.03362842479259232
0.032579716175803464
0.025584246558456786
0.025289113989195398
0.023917822153984317
0.03996492121330618
0.03727329711897993
0.026197635437656238
0.042813910921021214
0.036825863157525646
0.03224582823584055
0.06089542681487593
0.03418104511492285
0.036606528197301716
0.03494961007225287
0.03362842479259232
0.021334653271115313
0.024446503990372303
0.03727329711897993
0.028124239875562295
0.03514770962837774
0.05440394132425004
0.03191933217128193
0.04926738579514408
0.03727329711897993
0.04509117377807158
0.026409292026871662
0.03241183208556608
0.031287524097080965
0.02982112889719381
0.03996492121330618
0.036390036190637416
0.029682678011054675
0.034560650989031765
0.03344853224543283
0.039444134060429646
0.034369700839367835
0.039444134060429646
0.03309498632495023
0.04077508226039029
0.05192916417040214
0.030389339864202728
0.048045770436503536
0.028124239875562295
0.039702653262258324
0.04191326060526102
0.03399464131812323
0.046888978062597855
0.023250348106491955
0.03820496270802848
0.05388830009508046
0.040501046551792624
0.031287524097080965
0.03534828493127263
0.042208819809931616
0.032579716175803464
0.03727329711897993
0.04133556687918578
0.048045770436503536
0.04651687056553627
0.03159997723746822
0.03494961007225287
0.031287524097080965
0.04543851949244741
0.023250348106491955
0.031287524097080965
0.04343840631693651
0.04191326060526102
0.02982112889719381
0.04105322357584273
0.03596535536611098
0.04133556687918578
0.03241183208556608
0.03918928102117916
0.03327073192613428
0.029275613278486354
0.04926738579514408
0.03575705748645429
0.042813910921021214
0.028880539062587918
0.03362842479259232
0.032579716175803464
0.03596535536611098
0.03191933217128193
0.025584246558456786
0.032579716175803464
0.037048099456225406
0.030981744171857836
0.05958971446039432
0.04651687056553627
0.02366268569792084
0.024356629601171707
0.055468691578150396
0.04441370565821016
0.03796728440907556
0.042813910921021214
0.03309498632495023
0.037732825197330094
0.04509117377807158
0.03224582823584055
0.0270672546627206
0.027881633058827886
0.02349585540330043
0.027180410095689417
0.028496916708245824
0.028124239875562295
0.024813341303175526
0.02901093212787827
0.040501046551792624
0.04441370565821016
0.04077508226039029
0.036176330336971506
0.026955121064989738
0.029682678011054675
0.032579716175803464
0.02800236343759331
0.0266247103846635
0.03844592925760787
0.029142616886745815
0.03514770962837774
0.03309498632495023
0.05288870543440853
0.03555138433531873
0.022931543612309587
0.03418104511492285
0.025386664808872098
0.03796728440907556
0.03596535536611098
0.04133556687918578
0.032081672165950835
0.030102306881950015
0.03224582823584055
0.029275613278486354
0.03309498632495023
0.026516524540295378
0.027294601860431752
0.034369700839367835
0.048045770436503536
0.03399464131812323
0.03327073192613428
0.03113381386524744
0.03159997723746822
0.032081672165950835
0.03292125883930476
0.036825863157525646
0.027180410095689417
0.046888978062597855
0.03274951374622888
0.03750151787077809
0.048852632067419396
0.024179019652698305
0.036390036190637416
0.024267471084551746
0.03224582823584055
0.03274951374622888
0.03596535536611098
0.042813910921021214
0.031287524097080965
0.02901093212787827
0.04441370565821016
0.04509117377807158
0.029275613278486354
0.022470740962989233
0.030102306881950015
0.03727329711897993
0.03475393915787413
0.022931543612309587
0.03575705748645429
0.037048099456225406
0.032081672165950835
0.03159997723746822
0.048045770436503536
0.039702653262258324
0.029682678011054675
0.03274951374622888
0.048852632067419396
0.03292125883930476
0.03024507974413329
0.030102306881950015
0.030831288026606955
0.03191933217128193
0.026733862751133798
0.04162221165230921
0.03327073192613428
0.037732825197330094
0.03918928102117916
0.029545622828789437
0.029275613278486354
0.03750151787077809
0.03362842479259232
0.042508998840496345
0.02982112889719381
0.029545622828789437
0.036606528197301716
0.04579181003251753
0.025192375657379584
0.03418104511492285
0.037732825197330094
0.024267471084551746
0.039702653262258324
0.03241183208556608
0.03113381386524744
0.037048099456225406
0.029275613278486354
0.03362842479259232
0.028124239875562295
0.030682419038342866
0.03327073192613428
0.042813910921021214
0.042508998840496345
0.03224582823584055
0.03918928102117916
0.039444134060429646
0.03159997723746822
0.044083290891150054
0.0266247103846635
0.034560650989031765
0.0270672546627206
0.03144290247411582
0.04105322357584273
0.042508998840496345
0.03869025525561182
0.048852632067419396
0.048852632067419396
0.032579716175803464
0.030389339864202728
0.03750151787077809
0.04474961875151465
0.04105322357584273
0.03575705748645429
0.039702653262258324
0.030535111398351626
0.04105322357584273
0.04077508226039029
0.03844592925760787
0.04105322357584273
0.03399464131812323
0.06522480109211932
0.036606528197301716
0.0294099416623513
0.03381044801314499
0.03555138433531873
0.02764354435814016
0.03534828493127263
0.04543851949244741
0.027881633058827886
0.046888978062597855
0.029275613278486354
0.02901093212787827
0.04844549884681426
0.036825863157525646
0.029142616886745815
0.03224582823584055
0.031287524097080965
0.04765323935941024
0.034560650989031765
0.05895979579731739
0.058344433966706896
0.030102306881950015
0.030535111398351626
0.03292125883930476
0.03024507974413329
0.02764354435814016
0.04133556687918578
0.03844592925760787
0.027409844733879613
0.03475393915787413
0.02684399507966769
0.03381044801314499
0.03514770962837774
0.036390036190637416
0.03274951374622888
0.03596535536611098
0.02472051252209404
0.04441370565821016
0.03381044801314499
0.03024507974413329
0.05055965921719399
0.037048099456225406
0.026516524540295378
0.046888978062597855
0.05493061443340548
0.02901093212787827
0.025192375657379584
0.053383334925823055
0.026093186172247096
0.02982112889719381
0.06297772694292697
0.04023102304858862
0.03113381386524744
0.03596535536611098
0.032081672165950835
0.034560650989031765
0.02684399507966769
0.03344853224543283
0.03327073192613428
0.04509117377807158
0.03575705748645429
0.037732825197330094
0.04474961875151465
0.03309498632495023
0.03344853224543283
0.02800236343759331
0.027409844733879613
0.05012066118352055
0.02578520811449912
0.02568429928829236
0.037732825197330094
0.027294601860431752
0.06370746393016614
0.04105322357584273
0.04343840631693651
0.02007796110654133
0.05100723147422886
0.03575705748645429
0.05601856221111566
0.042813910921021214
0.03274951374622888
0.030981744171857836
0.02982112889719381
0.043123673080664365
0.03796728440907556
0.04375823576751607
0.042208819809931616
0.03159997723746822
0.03381044801314499
0.03399464131812323
0.04105322357584273
0.03596535536611098
0.02630299989624647
0.03024507974413329
0.03996492121330618
0.021606846633936253
0.048045770436503536
0.027409844733879613
0.046888978062597855
0.036176330336971506
0.032081672165950835
0.031287524097080965
0.03918928102117916
0.07123584229028805
0.04726770596567599
0.03918928102117916
0.03327073192613428
0.02472051252209404
0.06157239481230954
0.04543851949244741
0.038938014010502425
0.028496916708245824
0.034369700839367835
0.042208819809931616
0.023250348106491955
0.04926738579514408
0.0461512051684126
0.044083290891150054
0.026516524540295378
0.0270672546627206
0.03727329711897993
0.026733862751133798
0.02837149904933872
0.02383211405067649
0.029142616886745815
0.05493061443340548
0.040501046551792624
0.03996492121330618
0.03750151787077809
0.05440394132425004
0.03596535536611098
0.03494961007225287
0.024628436284713978
0.04375823576751607
0.036390036190637416
0.04844549884681426
0.04023102304858862
0.04375823576751607
0.03727329711897993
0.05192916417040214
0.040501046551792624
0.03869025525561182
0.02630299989624647
0.031758777281152895
0.03327073192613428
0.042208819809931616
0.02113534024994781
0.04343840631693651
0.046888978062597855
0.03796728440907556
0.02366268569792084
0.03869025525561182
0.04726770596567599
0.03494961007225287
0.03820496270802848
0.04543851949244741
0.040501046551792624
0.03494961007225287
0.027881633058827886
0.048045770436503536
0.04133556687918578
0.03191933217128193
0.03475393915787413
0.028124239875562295
0.03144290247411582
0.037048099456225406
0.037048099456225406
0.05601856221111566
0.09458665266958811
0.058344433966706896
0.03996492121330618
0.03399464131812323
0.04726770596567599
0.03327073192613428
0.023413395344882838
0.03844592925760787
0.03575705748645429
0.03844592925760787
0.038938014010502425
0.03750151787077809
0.029545622828789437
0.03555138433531873
0.03750151787077809
0.03309498632495023
0.022931543612309587
0.040501046551792624
0.03344853224543283
0.037732825197330094
0.03024507974413329
0.03727329711897993
0.02776203212783326
0.037048099456225406
0.05055965921719399
0.038938014010502425
0.030831288026606955
0.030682419038342866
0.03575705748645429
0.03144290247411582
0.046888978062597855
0.03309498632495023
0.04375823576751607
0.02568429928829236
0.04191326060526102
0.036390036190637416
0.022853320556211063
0.031287524097080965
0.029142616886745815
0.039702653262258324
0.04509117377807158
0.028880539062587918
0.05100723147422886
0.03918928102117916
0.044083290891150054
0.039444134060429646
0.03224582823584055
0.039702653262258324
0.02776203212783326
0.02982112889719381
0.03514770962837774
0.029682678011054675
0.05288870543440853
0.03024507974413329
0.029682678011054675
0.07318821255882088
0.03399464131812323
0.03399464131812323
0.02409126666343238
0.031758777281152895
0.026197635437656238
0.030981744171857836
0.03494961007225287
0.0461512051684126
0.03274951374622888
0.03555138433531873
0.037048099456225406
0.043123673080664365
0.036176330336971506
0.030102306881950015
0.024179019652698305
0.042208819809931616
0.036390036190637416
0.05440394132425004
0.030981744171857836
0.029545622828789437
0.037048099456225406
0.042508998840496345
0.04077508226039029
0.04162221165230921
0.026733862751133798
0.02800236343759331
0.02982112889719381
0.023917822153984317
0.03596535536611098
0.02568429928829236
0.043123673080664365
0.04162221165230921
0.02776203212783326
0.03534828493127263
0.028124239875562295
0.025386664808872098
0.03475393915787413
0.029960997642428943
0.03144290247411582
0.039702653262258324
0.044083290891150054
0.05100723147422886
0.042813910921021214
0.037732825197330094
0.039444134060429646
0.029275613278486354
0.04191326060526102
0.03918928102117916
0.031287524097080965
0.03844592925760787
0.034560650989031765
0.03159997723746822
0.036825863157525646
0.04133556687918578
0.042813910921021214
0.029142616886745815
0.036825863157525646
0.03514770962837774
0.03820496270802848
0.03796728440907556
0.048852632067419396
0.029682678011054675
0.036825863157525646
0.02007796110654133
0.027526153780250164
0.044083290891150054
0.03596535536611098
0.02776203212783326
0.042508998840496345
0.04441370565821016
0.030682419038342866
0.03918928102117916
0.031287524097080965
0.039702653262258324
0.03241183208556608
0.02800236343759331
0.04474961875151465
0.030682419038342866
0.03575705748645429
0.043123673080664365
0.03144290247411582
0.036825863157525646
0.04162221165230921
0.026733862751133798
0.04844549884681426
0.04441370565821016
0.029142616886745815
0.03224582823584055
0.03381044801314499
0.03869025525561182
0.03309498632495023
0.03514770962837774
0.031758777281152895
0.036825863157525646
0.04077508226039029
0.036176330336971506
0.03514770962837774
0.028247279317368652
0.038938014010502425
0.03596535536611098
0.039702653262258324
0.038938014010502425
0.05012066118352055
0.034369700839367835
0.042813910921021214
0.03274951374622888
0.036390036190637416
0.036390036190637416
0.03159997723746822
0.036390036190637416
0.03241183208556608
0.034560650989031765
0.04162221165230921
0.034560650989031765
0.03274951374622888
0.03596535536611098
0.038938014010502425
0.04162221165230921
0.02167607845662195
0.029142616886745815
0.027180410095689417
0.025289113989195398
0.03224582823584055
0.027409844733879613
0.028623550290337474
0.030102306881950015
0.03575705748645429
0.030831288026606955
0.022546140207150518
0.04162221165230921
0.03024507974413329
0.03418104511492285
0.032081672165950835
0.07526384993517499
0.036825863157525646
0.026409292026871662
0.03596535536611098
0.0266247103846635
0.049689984363176266
0.021201327388389035
0.02776203212783326
0.026197635437656238
0.020376875022417893
0.043123673080664365
0.03399464131812323
0.044083290891150054
0.03292125883930476
0.031287524097080965
0.03475393915787413
0.029275613278486354
0.030102306881950015
0.03514770962837774
0.052404085838276555
0.02578520811449912
0.031758777281152895
0.027526153780250164
0.029682678011054675
0.03292125883930476
0.03514770962837774
0.025584246558456786
0.03191933217128193
0.036606528197301716
0.048045770436503536
0.039702653262258324
0.028124239875562295
0.05055965921719399
0.026516524540295378
0.02764354435814016
0.02800236343759331
0.025289113989195398
0.03344853224543283
0.03381044801314499
0.03869025525561182
0.03869025525561182
0.03418104511492285
0.03159997723746822
0.02764354435814016
0.024813341303175526
0.030535111398351626
0.053383334925823055
0.02982112889719381
0.03191933217128193
0.034560650989031765
0.040501046551792624
0.03274951374622888
0.03596535536611098
0.026733862751133798
0.036825863157525646
0.02472051252209404
0.03327073192613428
0.026955121064989738
0.03555138433531873
0.05012066118352055
0.022853320556211063
0.040501046551792624
0.037048099456225406
0.028623550290337474
0.032081672165950835
0.03820496270802848
0.039702653262258324
0.03399464131812323
0.04133556687918578
0.03727329711897993
0.023010351058535758
0.02195789479653778
0.0266247103846635
0.03494961007225287
0.042508998840496345
0.025192375657379584
0.058344433966706896
0.03344853224543283
0.03534828493127263
0.03241183208556608
0.027294601860431752
0.034369700839367835
0.031287524097080965
0.049689984363176266
0.022698601005539457
0.030981744171857836
0.038938014010502425
0.03292125883930476
0.032579716175803464
0.029545622828789437
0.026093186172247096
0.036176330336971506
0.0270672546627206
0.02308974967793871
0.03381044801314499
0.03241183208556608
0.030535111398351626
0.029275613278486354
0.03344853224543283
0.03727329711897993
0.03796728440907556
0.05055965921719399
0.03144290247411582
0.05100723147422886
0.030389339864202728
0.03514770962837774
0.02982112889719381
0.02837149904933872
0.03555138433531873
0.03514770962837774
0.03514770962837774
0.04651687056553627
0.03113381386524744
0.028751418160645276
0.036606528197301716
0.03418104511492285
0.03575705748645429
0.03727329711897993
0.03241183208556608
0.024813341303175526
0.028751418160645276
0.036825863157525646
0.03727329711897993
0.027294601860431752
0.03514770962837774
0.039702653262258324
0.02764354435814016
0.030389339864202728
0.03381044801314499
0.042813910921021214
0.04579181003251753
0.03796728440907556
0.02366268569792084
0.032579716175803464
0.03514770962837774
0.0294099416623513
0.036825863157525646
0.037048099456225406
0.040501046551792624
0.03475393915787413
0.0461512051684126
0.02764354435814016
0.04023102304858862
0.03418104511492285
0.03534828493127263
0.030682419038342866
0.02333156202625709
0.03869025525561182
0.03024507974413329
0.031287524097080965
0.03362842479259232
0.03918928102117916
0.039702653262258324
0.03918928102117916
0.03494961007225287
0.044083290891150054
0.032081672165950835
0.03344853224543283
0.02568429928829236
0.04191326060526102
0.039702653262258324
0.031287524097080965
0.04343840631693651
0.034369700839367835
0.029275613278486354
0.03144290247411582
0.04441370565821016
0.032579716175803464
0.03820496270802848
0.032579716175803464
0.03309498632495023
0.026733862751133798
0.036825863157525646
0.03144290247411582
0.04474961875151465
0.028496916708245824
0.03274951374622888
0.036390036190637416
0.048852632067419396
0.04509117377807158
0.03750151787077809
0.039444134060429646
0.03996492121330618
0.03418104511492285
0.030682419038342866
0.036606528197301716
0.04765323935941024
0.028623550290337474
0.028880539062587918
0.038938014010502425
0.03996492121330618
0.03191933217128193
0.025584246558456786
0.04023102304858862
0.058344433966706896
0.027180410095689417
0.05774311120381775
0.03309498632495023
0.027409844733879613
0.039702653262258324
0.02764354435814016
0.030831288026606955
0.037048099456225406
0.049689984363176266
0.058344433966706896
0.026733862751133798
0.024267471084551746
0.02684399507966769
0.03159997723746822
0.028124239875562295
0.04343840631693651
0.05601856221111566
0.034560650989031765
0.029275613278486354
0.03274951374622888
0.027294601860431752
0.04343840631693651
0.044083290891150054
0.030389339864202728
0.036825863157525646
0.03344853224543283
0.030102306881950015
0.019563183679901695
0.030102306881950015
0.02800236343759331
0.04162221165230921
0.03327073192613428
0.03241183208556608
0.044083290891150054
0.03869025525561182
0.03144290247411582
0.03918928102117916
0.05895979579731739
0.024446503990372303
0.032579716175803464
0.04926738579514408
0.027409844733879613
0.031758777281152895
0.02333156202625709
0.036606528197301716
0.03475393915787413
0.03918928102117916
0.027409844733879613
0.030682419038342866
0.042508998840496345
0.048852632067419396
0.024906932192316943
0.029275613278486354
0.027294601860431752
0.031287524097080965
0.036825863157525646
0.03844592925760787
0.027881633058827886
0.034369700839367835
0.02982112889719381
0.03918928102117916
0.03844592925760787
0.04105322357584273
0.04579181003251753
0.02578520811449912
0.03327073192613428
0.031287524097080965
0.0266247103846635
0.027294601860431752
0.022174541838804202
0.03727329711897993
0.03292125883930476
0.031758777281152895
0.028751418160645276
0.03918928102117916
0.03475393915787413
0.02202959795821284
0.028124239875562295
0.025192375657379584
0.042208819809931616
0.03344853224543283
0.027409844733879613
0.04191326060526102
0.034560650989031765
0.030389339864202728
0.03309498632495023
0.02578520811449912
0.02800236343759331
0.03224582823584055
0.024179019652698305
0.044083290891150054
0.04926738579514408
0.02800236343759331
0.04105322357584273
0.03727329711897993
0.02630299989624647
0.025289113989195398
0.027526153780250164
0.042508998840496345
0.03159997723746822
0.03344853224543283
0.032081672165950835
0.02982112889719381
0.03534828493127263
0.028124239875562295
0.042508998840496345
0.03596535536611098
0.03159997723746822
0.03555138433531873
0.028124239875562295
0.024906932192316943
0.03844592925760787
0.036606528197301716
0.027294601860431752
0.046888978062597855
0.036606528197301716
0.03596535536611098
0.042508998840496345
0.03309498632495023
0.03144290247411582
0.029960997642428943
0.024446503990372303
0.02409126666343238
0.034560650989031765
0.03159997723746822
0.03475393915787413
0.04023102304858862
0.028247279317368652
0.034560650989031765
0.03241183208556608
0.04105322357584273
0.036390036190637416
0.036390036190637416
0.04343840631693651
0.030102306881950015
0.03514770962837774
0.03344853224543283
0.03292125883930476
0.031287524097080965
0.04191326060526102
0.02333156202625709
0.04343840631693651
0.030831288026606955
0.02901093212787827
0.034369700839367835
0.037732825197330094
0.03534828493127263
0.040501046551792624
0.036176330336971506
0.04133556687918578
0.04191326060526102
0.02383211405067649
0.026516524540295378
0.027180410095689417
0.03596535536611098
0.040501046551792624
0.03555138433531873
0.02800236343759331
0.04343840631693651
0.028751418160645276
0.029960997642428943
0.03514770962837774
0.025989639847754056
0.03750151787077809
0.048045770436503536
0.02374707121800522
0.024628436284713978
0.04343840631693651
0.031287524097080965
0.027526153780250164
0.04023102304858862
0.03820496270802848
0.029960997642428943
0.032081672165950835
0.03144290247411582
0.05012066118352055
0.03292125883930476
0.030831288026606955
0.03191933217128193
0.034369700839367835
0.02630299989624647
0.029275613278486354
0.03241183208556608
0.048852632067419396
0.02901093212787827
0.03555138433531873
0.03475393915787413
0.025386664808872098
0.03292125883930476
0.02630299989624647
0.053383334925823055
0.031758777281152895
0.03555138433531873
0.04765323935941024
0.03996492121330618
0.039702653262258324
0.042508998840496345
0.021069797391629053
0.029142616886745815
0.05012066118352055
0.03514770962837774
0.03575705748645429
0.036176330336971506
0.03274951374622888
0.030102306881950015
0.029682678011054675
0.044083290891150054
0.021538093262401307
0.03113381386524744
0.03144290247411582
0.02800236343759331
0.03750151787077809
0.03274951374622888
0.031758777281152895
0.048852632067419396
0.03292125883930476
0.03918928102117916
0.039702653262258324
0.026955121064989738
0.034369700839367835
0.032081672165950835
0.04133556687918578
0.031758777281152895
0.055468691578150396
0.03144290247411582
0.019618965131420484
0.027526153780250164
0.048852632067419396
0.028247279317368652
0.036390036190637416
0.03381044801314499
0.02472051252209404
0.034369700839367835
0.031758777281152895
0.02630299989624647
0.030389339864202728
0.01817681824220876
0.03727329711897993
0.028124239875562295
0.039702653262258324
0.04844549884681426
0.030535111398351626
0.03996492121330618
0.02901093212787827
0.042813910921021214
0.03418104511492285
0.037732825197330094
0.04133556687918578
0.02764354435814016
0.042813910921021214
0.049689984363176266
0.03144290247411582
0.029142616886745815
0.029545622828789437
0.03399464131812323
0.039444134060429646
0.043123673080664365
0.027294601860431752
0.04023102304858862
0.032081672165950835
0.055468691578150396
0.028880539062587918
0.06522480109211932
0.02982112889719381
0.036390036190637416
0.036390036190637416
0.036390036190637416
0.04023102304858862
0.04375823576751607
0.03191933217128193
0.03362842479259232
0.02901093212787827
0.06765794073844413
0.030389339864202728
0.039702653262258324
0.03191933217128193
0.043123673080664365
0.04579181003251753
0.03996492121330618
0.027409844733879613
0.024356629601171707
0.039444134060429646
0.04162221165230921
0.027294601860431752
0.026516524540295378
0.03727329711897993
0.027526153780250164
0.042813910921021214
0.036390036190637416
0.03224582823584055
0.03844592925760787
0.03024507974413329
0.04765323935941024
0.04375823576751607
0.03191933217128193
0.03144290247411582
0.032081672165950835
0.03514770962837774
0.03113381386524744
0.05055965921719399
0.04474961875151465
0.042813910921021214
0.023917822153984317
0.026516524540295378
0.048852632067419396
0.029545622828789437
0.05055965921719399
0.03191933217128193
0.036390036190637416
0.04509117377807158
0.04765323935941024
0.049689984363176266
0.025485038730838412
0.03399464131812323
0.026197635437656238
0.03327073192613428
0.03575705748645429
0.03399464131812323
0.04765323935941024
0.025386664808872098
0.030535111398351626
0.07123584229028805
0.030389339864202728
0.02901093212787827
0.04105322357584273
0.028247279317368652
0.038938014010502425
0.028623550290337474
0.036606528197301716
0.03844592925760787
0.04651687056553627
0.06601401719618526
0.05493061443340548
0.04375823576751607
0.06089542681487593
0.04105322357584273
0.032081672165950835
0.031287524097080965
0.05055965921719399
0.040501046551792624
0.026409292026871662
0.03494961007225287
0.03381044801314499
0.038938014010502425
0.02049916459002398
0.027409844733879613
0.04077508226039029
0.05493061443340548
0.036176330336971506
0.03575705748645429
0.029275613278486354
0.034369700839367835
0.03596535536611098
0.05012066118352055
0.034369700839367835
0.03494961007225287
0.031758777281152895
0.03399464131812323
0.043123673080664365
0.04077508226039029
0.03344853224543283
0.03418104511492285
0.027180410095689417
0.024356629601171707
0.02764354435814016
0.06297772694292697
0.034560650989031765
0.05100723147422886
0.031758777281152895
0.04474961875151465
0.05493061443340548
0.025989639847754056
0.03309498632495023
0.04509117377807158
0.03575705748645429
0.034560650989031765
0.03274951374622888
0.049689984363176266
0.03113381386524744
0.03494961007225287
0.03575705748645429
0.032081672165950835
0.03292125883930476
0.03475393915787413
0.03399464131812323
0.030831288026606955
0.02568429928829236
0.02409126666343238
0.025584246558456786
0.03274951374622888
0.03996492121330618
0.024004203617174345
0.02472051252209404
0.034369700839367835
0.03494961007225287
0.025289113989195398
0.02982112889719381
0.024537103188717057
0.03113381386524744
0.0461512051684126
0.031287524097080965
0.029275613278486354
0.03292125883930476
0.04375823576751607
0.03399464131812323
0.038938014010502425
0.04543851949244741
0.025096439383774125
0.03575705748645429
0.04105322357584273
0.027180410095689417
0.04375823576751607
0.04133556687918578
0.027881633058827886
0.037732825197330094
0.03113381386524744
0.037732825197330094
0.030102306881950015
0.028751418160645276
0.02837149904933872
0.026733862751133798
0.02982112889719381
0.040501046551792624
0.030831288026606955
0.04441370565821016
0.03494961007225287
0.03159997723746822
0.024813341303175526
0.044083290891150054
0.024004203617174345
0.02776203212783326
0.02982112889719381
0.042208819809931616
0.029682678011054675
0.03534828493127263
0.028880539062587918
0.036390036190637416
0.03362842479259232
0.024446503990372303
0.03475393915787413
0.03514770962837774
0.039444134060429646
0.04023102304858862
0.03381044801314499
0.037732825197330094
0.02349585540330043
0.028623550290337474
0.024813341303175526
0.02049916459002398
0.03224582823584055
0.031287524097080965
0.034560650989031765
0.04133556687918578
0.036390036190637416
0.029545622828789437
0.023917822153984317
0.03274951374622888
0.027526153780250164
0.03224582823584055
0.034369700839367835
0.034560650989031765
0.03514770962837774
0.03596535536611098
0.03918928102117916
0.03534828493127263
0.03727329711897993
0.052404085838276555
0.04765323935941024
0.03399464131812323
0.030535111398351626
0.030981744171857836
0.038938014010502425
0.03113381386524744
0.03274951374622888
0.029142616886745815
0.039702653262258324
0.028247279317368652
0.029275613278486354
0.042813910921021214
0.04133556687918578
0.0266247103846635
0.0294099416623513
0.031287524097080965
0.03399464131812323
0.037048099456225406
0.037732825197330094
0.027180410095689417
0.025192375657379584
0.04162221165230921
0.030535111398351626
0.048852632067419396
0.03869025525561182
0.03555138433531873
0.023413395344882838
0.04926738579514408
0.03596535536611098
0.04133556687918578
0.030981744171857836
0.056580634112851844
0.03750151787077809
0.02901093212787827
0.040501046551792624
0.03362842479259232
0.037048099456225406
0.03727329711897993
0.03844592925760787
0.0514636415457265
0.030389339864202728
0.03596535536611098
0.03113381386524744
0.03381044801314499
0.028124239875562295
0.03596535536611098
0.02901093212787827
0.036390036190637416
0.046888978062597855
0.03274951374622888
0.039702653262258324
0.03309498632495023
0.02982112889719381
0.04191326060526102
0.030831288026606955
0.025886984433327032
0.028880539062587918
0.03750151787077809
0.037732825197330094
0.03159997723746822
0.026409292026871662
0.03362842479259232
0.03494961007225287
0.04651687056553627
0.030535111398351626
0.024179019652698305
0.03918928102117916
0.03418104511492285
0.03292125883930476
0.042813910921021214
0.026516524540295378
0.036825863157525646
0.039444134060429646
0.03514770962837774
0.02316974636074208
0.02568429928829236
0.03144290247411582
0.044083290891150054
0.03796728440907556
0.029142616886745815
0.03191933217128193
0.024628436284713978
0.030981744171857836
0.034560650989031765
0.025289113989195398
0.037048099456225406
0.03159997723746822
0.05440394132425004
0.030102306881950015
0.03191933217128193
0.04343840631693651
0.03024507974413329
0.055468691578150396
0.060234734070648666
0.04579181003251753
0.034369700839367835
0.032579716175803464
0.03534828493127263
0.030535111398351626
0.03844592925760787
0.024446503990372303
0.02837149904933872
0.024537103188717057
0.03113381386524744
0.03820496270802848
0.028124239875562295
0.034369700839367835
0.027881633058827886
0.024267471084551746
0.034369700839367835
0.03596535536611098
0.030389339864202728
0.03399464131812323
0.029960997642428943
0.03224582823584055
0.03241183208556608
0.026733862751133798
0.028880539062587918
0.03555138433531873
0.03820496270802848
0.03750151787077809
0.030831288026606955
0.029960997642428943
0.027409844733879613
0.030831288026606955
0.030682419038342866
0.028751418160645276
0.028880539062587918
0.027294601860431752
0.025886984433327032
0.0294099416623513
0.03475393915787413
0.037048099456225406
0.026733862751133798
0.03418104511492285
0.05958971446039432
0.03309498632495023
0.036606528197301716
0.034369700839367835
0.04133556687918578
0.036176330336971506
0.028247279317368652
0.026516524540295378
0.030981744171857836
0.0461512051684126
0.027294601860431752
0.03224582823584055
0.03475393915787413
0.030102306881950015
0.032081672165950835
0.03241183208556608
0.03418104511492285
0.05100723147422886
0.029275613278486354
0.03159997723746822
0.052404085838276555
0.03381044801314499
0.04343840631693651
0.0270672546627206
0.04023102304858862
0.04105322357584273
0.030981744171857836
0.04726770596567599
0.025192375657379584
0.029142616886745815
0.03918928102117916
0.02374707121800522
0.029545622828789437
0.03575705748645429
0.027180410095689417
0.04133556687918578
0.04844549884681426
0.030831288026606955
0.037732825197330094
0.03555138433531873
0.02630299989624647
0.03494961007225287
0.046888978062597855
0.022546140207150518
0.030682419038342866
0.03534828493127263
0.040501046551792624
0.024813341303175526
0.0270672546627206
0.02578520811449912
0.03727329711897993
0.02308974967793871
0.03159997723746822
0.029275613278486354
0.04343840631693651
0.027881633058827886
0.04509117377807158
0.027180410095689417
0.024446503990372303
0.049689984363176266
0.034560650989031765
0.042208819809931616
0.025886984433327032
0.03309498632495023
0.029682678011054675
0.029682678011054675
0.028880539062587918
0.028124239875562295
0.03750151787077809
0.03381044801314499
0.03418104511492285
0.03918928102117916
0.028247279317368652
0.03241183208556608
0.03555138433531873
0.03494961007225287
0.044083290891150054
0.037048099456225406
0.029960997642428943
0.0514636415457265
0.024906932192316943
0.030102306881950015
0.03381044801314499
0.04133556687918578
0.036606528197301716
0.025584246558456786
0.022853320556211063
0.04474961875151465
0.03191933217128193
0.04579181003251753
0.03844592925760787
0.03844592925760787
0.031758777281152895
0.03144290247411582
0.03575705748645429
0.031758777281152895
0.032081672165950835
0.023917822153984317
0.03750151787077809
0.03475393915787413
0.02500129491946123
0.026955121064989738
0.048045770436503536
0.032081672165950835
0.04023102304858862
0.03844592925760787
0.03534828493127263
0.02630299989624647
0.03292125883930476
0.03191933217128193
0.03494961007225287
0.03024507974413329
0.03191933217128193
0.029682678011054675
0.04651687056553627
0.05192916417040214
0.044083290891150054
0.036390036190637416
0.02472051252209404
0.03869025525561182
0.03494961007225287
0.039444134060429646
0.03362842479259232
0.029275613278486354
0.031758777281152895
0.027294601860431752
0.03796728440907556
0.038938014010502425
0.03274951374622888
0.028623550290337474
0.0266247103846635
0.031758777281152895
0.036176330336971506
0.04105322357584273
0.03418104511492285
0.03274951374622888
0.03820496270802848
0.028496916708245824
0.03820496270802848
0.046888978062597855
0.03327073192613428
0.03344853224543283
0.034560650989031765
0.03224582823584055
0.02366268569792084
0.025485038730838412
0.03292125883930476
0.024004203617174345
0.02684399507966769
0.03820496270802848
0.02630299989624647
0.04191326060526102
0.028496916708245824
0.03534828493127263
0.03514770962837774
0.034369700839367835
0.0461512051684126
0.03918928102117916
0.03555138433531873
0.043123673080664365
0.02800236343759331
0.02472051252209404
0.026955121064989738
0.03159997723746822
0.036825863157525646
0.025192375657379584
0.034369700839367835
0.03144290247411582
0.03918928102117916
0.026733862751133798
0.027180410095689417
0.04343840631693651
0.037048099456225406
0.02776203212783326
0.04926738579514408
0.025192375657379584
0.038938014010502425
0.036825863157525646
0.027526153780250164
0.029275613278486354
0.05288870543440853
0.028623550290337474
0.026409292026871662
0.03727329711897993
0.03494961007225287
0.028496916708245824
0.034560650989031765
0.028124239875562295
0.030831288026606955
0.03996492121330618
0.043123673080664365
0.032081672165950835
0.03113381386524744
0.026955121064989738
0.024446503990372303
0.024813341303175526
0.04543851949244741
0.03159997723746822
0.036176330336971506
0.024537103188717057
0.06297772694292697
0.053383334925823055
0.02366268569792084
0.03727329711897993
0.030831288026606955
0.0270672546627206
0.03514770962837774
0.027881633058827886
0.04023102304858862
0.03327073192613428
0.03024507974413329
0.042508998840496345
0.036176330336971506
0.04343840631693651
0.03327073192613428
0.020875788729857608
0.03475393915787413
0.029682678011054675
0.020875788729857608
0.02982112889719381
0.020685616480797038
0.023917822153984317
0.039444134060429646
0.032081672165950835
0.04105322357584273
0.02568429928829236
0.02901093212787827
0.022174541838804202
0.031287524097080965
0.032081672165950835
0.028124239875562295
0.030981744171857836
0.04651687056553627
0.03796728440907556
0.024267471084551746
0.039444134060429646
0.03327073192613428
0.029682678011054675
0.029275613278486354
0.024267471084551746
0.029275613278486354
0.02578520811449912
0.02776203212783326
0.03534828493127263
0.03224582823584055
0.028496916708245824
0.025886984433327032
0.032081672165950835
0.027526153780250164
0.03274951374622888
0.036825863157525646
0.017626421442129257
0.026733862751133798
0.03327073192613428
0.03418104511492285
0.031758777281152895
0.031758777281152895
0.03750151787077809
0.030831288026606955
0.03024507974413329
0.03024507974413329
0.037048099456225406
0.03796728440907556
0.06851456440288853
0.03727329711897993
0.038938014010502425
0.028751418160645276
0.03514770962837774
0.04726770596567599
0.03224582823584055
0.039444134060429646
0.036390036190637416
0.04726770596567599
0.02800236343759331
0.046888978062597855
0.032081672165950835
0.03381044801314499
0.03344853224543283
0.02630299989624647
0.0266247103846635
0.028623550290337474
0.023010351058535758
0.048852632067419396
0.04375823576751607
0.036825863157525646
0.022174541838804202
0.026197635437656238
0.03575705748645429
0.03344853224543283
0.024446503990372303
0.026516524540295378
0.04023102304858862
0.039444134060429646
0.036825863157525646
0.01836866768660784
0.01822437270214329
0.030831288026606955
0.028751418160645276
0.03224582823584055
0.04077508226039029
0.020256157488566063
0.03534828493127263
0.04023102304858862
0.03534828493127263
0.04441370565821016
0.022470740962989233
0.03727329711897993
0.0270672546627206
0.036176330336971506
0.022853320556211063
0.029275613278486354
0.027526153780250164
0.022101811756527135
0.023413395344882838
0.0203163217100745
0.026409292026871662
0.02776203212783326
0.02500129491946123
0.03869025525561182
0.02316974636074208
0.03191933217128193
0.030831288026606955
0.02630299989624647
0.022395887547268203
0.030682419038342866
0.0514636415457265
0.022101811756527135
0.0270672546627206
0.024537103188717057
0.02837149904933872
0.022546140207150518
0.03113381386524744
0.022395887547268203
0.027180410095689417
0.02181599820928514
0.029545622828789437
0.03918928102117916
0.020256157488566063
0.03224582823584055
0.027180410095689417
0.02374707121800522
0.028247279317368652
0.023413395344882838
0.031758777281152895
0.02578520811449912
0.05774311120381775
0.03159997723746822
0.020875788729857608
0.02195789479653778
0.029142616886745815
0.029275613278486354
0.025289113989195398
0.056580634112851844
0.02007796110654133
0.037048099456225406
0.03274951374622888
0.02181599820928514
0.02568429928829236
0.025289113989195398
0.02578520811449912
0.024537103188717057
0.03344853224543283
0.021606846633936253
0.027180410095689417
0.03727329711897993
0.027881633058827886
0.028880539062587918
0.04844549884681426
0.025386664808872098
0.03844592925760787
0.0214698132471642
0.03144290247411582
0.03113381386524744
0.026516524540295378
0.032081672165950835
0.030102306881950015
0.026733862751133798
0.036390036190637416
0.03750151787077809
0.03241183208556608
0.027526153780250164
0.03191933217128193
0.025584246558456786
0.034560650989031765
0.026197635437656238
0.020256157488566063
0.025192375657379584
0.0294099416623513
0.026955121064989738
0.03844592925760787
0.03381044801314499
0.026955121064989738
0.02776203212783326
0.05388830009508046
0.02800236343759331
0.03820496270802848
0.027881633058827886
0.03327073192613428
0.022470740962989233
0.029545622828789437
0.031758777281152895
0.025289113989195398
0.02982112889719381
0.04509117377807158
0.030981744171857836
0.021334653271115313
0.02982112889719381
0.022698601005539457
0.04509117377807158
0.02333156202625709
0.02764354435814016
0.030682419038342866
0.03381044801314499
0.03241183208556608
0.026093186172247096
0.026409292026871662
0.03475393915787413
0.03113381386524744
0.02982112889719381
0.04077508226039029
0.027294601860431752
0.025584246558456786
0.03514770962837774
0.021538093262401307
0.03159997723746822
0.03362842479259232
0.02578520811449912
0.02800236343759331
0.05493061443340548
0.02568429928829236
0.030389339864202728
0.028751418160645276
0.034560650989031765
0.03534828493127263
0.03820496270802848
0.030682419038342866
0.02366268569792084
0.03399464131812323
0.029960997642428943
0.03475393915787413
0.02472051252209404
0.0266247103846635
0.03596535536611098
0.025386664808872098
0.030535111398351626
0.03399464131812323
0.03344853224543283
0.03575705748645429
0.036390036190637416
0.02684399507966769
0.027881633058827886
0.039444134060429646
0.03514770962837774
0.06522480109211932
0.03241183208556608
0.026409292026871662
0.03144290247411582
0.031287524097080965
0.023250348106491955
0.04023102304858862
0.029545622828789437
0.029142616886745815
0.03327073192613428
0.028124239875562295
0.0266247103846635
0.024813341303175526
0.03418104511492285
0.030682419038342866
0.024004203617174345
0.02982112889719381
0.024179019652698305
0.037048099456225406
0.032081672165950835
0.04343840631693651
0.030102306881950015
0.040501046551792624
0.02800236343759331
0.03494961007225287
0.03144290247411582
0.032579716175803464
0.04579181003251753
0.042508998840496345
0.027881633058827886
0.030682419038342866
0.029275613278486354
0.024537103188717057
0.031287524097080965
0.024267471084551746
0.02776203212783326
0.036390036190637416
0.02578520811449912
0.029275613278486354
0.03224582823584055
0.028496916708245824
0.03362842479259232
0.04077508226039029
0.027881633058827886
0.04651687056553627
0.024906932192316943
0.04844549884681426
0.04105322357584273
0.04105322357584273
0.025386664808872098
0.04077508226039029
0.05958971446039432
0.025192375657379584
0.036606528197301716
0.03399464131812323
0.0270672546627206
0.042208819809931616
0.036176330336971506
0.02800236343759331
0.030831288026606955
0.029682678011054675
0.036606528197301716
0.02224779393735769
0.048045770436503536
0.03292125883930476
0.023578949660893116
0.028124239875562295
0.02500129491946123
0.04543851949244741
0.03024507974413329
0.038938014010502425
0.0294099416623513
0.042508998840496345
0.02568429928829236
0.03113381386524744
0.02366268569792084
0.030102306881950015
0.03292125883930476
0.04133556687918578
0.02684399507966769
0.031758777281152895
0.030535111398351626
0.028751418160645276
0.03555138433531873
0.025289113989195398
0.03224582823584055
0.04023102304858862
0.025386664808872098
0.04375823576751607
0.034369700839367835
0.02982112889719381
0.03309498632495023
0.02982112889719381
0.022931543612309587
0.02568429928829236
0.02181599820928514
0.03309498632495023
0.03292125883930476
0.032081672165950835
0.030535111398351626
0.03475393915787413
0.029545622828789437
0.03399464131812323
0.038938014010502425
0.026955121064989738
0.03555138433531873
0.044083290891150054
0.03727329711897993
0.03514770962837774
0.03727329711897993
0.030535111398351626
0.03514770962837774
0.03918928102117916
0.032579716175803464
0.03344853224543283
0.03362842479259232
0.03327073192613428
0.04509117377807158
0.039444134060429646
0.04375823576751607
0.03344853224543283
0.03514770962837774
0.03475393915787413
0.042813910921021214
0.028623550290337474
0.030981744171857836
0.034560650989031765
0.03113381386524744
0.04844549884681426
0.04191326060526102
0.032579716175803464
0.03750151787077809
0.02374707121800522
0.07747536703100838
0.036825863157525646
0.04077508226039029
0.025289113989195398
0.02982112889719381
0.03274951374622888
0.04926738579514408
0.03596535536611098
0.030102306881950015
0.03869025525561182
0.044083290891150054
0.03750151787077809
0.03796728440907556
0.03996492121330618
0.032081672165950835
0.046888978062597855
0.03996492121330618
0.038938014010502425
0.03241183208556608
0.055468691578150396
0.036390036190637416
0.056580634112851844
0.03750151787077809
0.03191933217128193
0.046888978062597855
0.03820496270802848
0.02366268569792084
0.022853320556211063
0.04105322357584273
0.02901093212787827
0.03475393915787413
0.042508998840496345
0.03274951374622888
0.03820496270802848
0.03475393915787413
0.036825863157525646
0.03399464131812323
0.03159997723746822
0.02776203212783326
0.030389339864202728
0.036825863157525646
0.030831288026606955
0.05100723147422886
0.06601401719618526
0.03844592925760787
0.026197635437656238
0.03381044801314499
0.026733862751133798
0.04105322357584273
0.03727329711897993
0.04077508226039029
0.025886984433327032
0.03514770962837774
0.02578520811449912
0.031287524097080965
0.030389339864202728
0.04191326060526102
0.023010351058535758
0.03399464131812323
0.03191933217128193
0.03144290247411582
0.03534828493127263
0.03292125883930476
0.03113381386524744
0.032579716175803464
0.02409126666343238
0.03344853224543283
0.02837149904933872
0.04077508226039029
0.03555138433531873
0.029545622828789437
0.04375823576751607
0.031758777281152895
0.032081672165950835
0.05012066118352055
0.04441370565821016
0.029960997642428943
0.03475393915787413
0.030682419038342866
0.020437821329880545
0.02800236343759331
0.049689984363176266
0.01996103971081698
0.038938014010502425
0.06851456440288853
0.034560650989031765
0.04765323935941024
0.02837149904933872
0.030389339864202728
0.027409844733879613
0.03381044801314499
0.05288870543440853
0.03796728440907556
0.04579181003251753
0.03362842479259232
0.03750151787077809
0.034369700839367835
0.04441370565821016
0.02366268569792084
0.039702653262258324
0.0461512051684126
0.026093186172247096
0.03159997723746822
0.03869025525561182
0.032579716175803464
0.032081672165950835
0.03399464131812323
0.031287524097080965
0.03113381386524744
0.04077508226039029
0.036825863157525646
0.024356629601171707
0.028496916708245824
0.03418104511492285
0.023917822153984317
0.03575705748645429
0.028124239875562295
0.04441370565821016
0.025989639847754056
0.028751418160645276
0.028623550290337474
0.02901093212787827
0.030682419038342866
0.03418104511492285
0.03144290247411582
0.02366268569792084
0.04375823576751607
0.03555138433531873
0.027409844733879613
0.03475393915787413
0.048045770436503536
0.032579716175803464
0.03362842479259232
0.02901093212787827
0.039702653262258324
0.032081672165950835
0.031287524097080965
0.029545622828789437
0.027526153780250164
0.03575705748645429
0.028623550290337474
0.03475393915787413
0.02113534024994781
0.042813910921021214
0.03996492121330618
0.03327073192613428
0.02578520811449912
0.02630299989624647
0.03024507974413329
0.0461512051684126
0.03224582823584055
0.03224582823584055
0.03224582823584055
0.03399464131812323
0.03844592925760787
0.03418104511492285
0.036825863157525646
0.037732825197330094
0.029142616886745815
0.02982112889719381
0.04844549884681426
0.03362842479259232
0.03327073192613428
0.03820496270802848
0.024356629601171707
0.03844592925760787
0.03796728440907556
0.042813910921021214
0.03224582823584055
0.03918928102117916
0.02383211405067649
0.03555138433531873
0.04105322357584273
0.027294601860431752
0.02568429928829236
0.03344853224543283
0.02630299989624647
0.0461512051684126
0.028124239875562295
0.03596535536611098
0.02366268569792084
0.03555138433531873
0.05774311120381775
0.02776203212783326
0.032081672165950835
0.04023102304858862
0.027409844733879613
0.028124239875562295
0.03344853224543283
0.03344853224543283
0.043123673080664365
0.03327073192613428
0.03292125883930476
0.03224582823584055
0.03475393915787413
0.039444134060429646
0.030981744171857836
0.036390036190637416
0.042813910921021214
0.03475393915787413
0.036390036190637416
0.03918928102117916
0.021606846633936253
0.04162221165230921
0.03362842479259232
0.03869025525561182
0.06522480109211932
0.03024507974413329
0.038938014010502425
0.02630299989624647
0.04509117377807158
0.03113381386524744
0.02374707121800522
0.037732825197330094
0.029275613278486354
0.03224582823584055
0.03113381386524744
0.037732825197330094
0.03918928102117916
0.028751418160645276
0.04765323935941024
0.03144290247411582
0.027409844733879613
0.029960997642428943
0.03381044801314499
0.03494961007225287
0.03869025525561182
0.036176330336971506
0.030831288026606955
0.037048099456225406
0.03534828493127263
0.0294099416623513
0.04162221165230921
0.046888978062597855
0.028751418160645276
0.030102306881950015
0.02684399507966769
0.03820496270802848
0.02982112889719381
0.024906932192316943
0.02982112889719381
0.036825863157525646
0.06226627212643029
0.026955121064989738
0.025096439383774125
0.025289113989195398
0.043123673080664365
0.04077508226039029
0.03399464131812323
0.053383334925823055
0.05192916417040214
0.03309498632495023
0.026516524540295378
0.03224582823584055
0.03191933217128193
0.03727329711897993
0.024267471084551746
0.038938014010502425
0.03596535536611098
0.02764354435814016
0.030981744171857836
0.037048099456225406
0.04651687056553627
0.028496916708245824
0.04441370565821016
0.042813910921021214
0.026955121064989738
0.03844592925760787
0.042813910921021214
0.04023102304858862
0.03309498632495023
0.040501046551792624
0.037048099456225406
0.03596535536611098
0.039702653262258324
0.03820496270802848
0.031287524097080965
0.04375823576751607
0.049689984363176266
0.02901093212787827
0.03327073192613428
0.02764354435814016
0.030682419038342866
0.03224582823584055
0.039702653262258324
0.024446503990372303
0.028623550290337474
0.027881633058827886
0.04651687056553627
0.03727329711897993
0.027526153780250164
0.032081672165950835
0.04343840631693651
0.030102306881950015
0.037048099456225406
0.026197635437656238
0.03274951374622888
0.03727329711897993
0.03191933217128193
0.03918928102117916
0.028751418160645276
0.03475393915787413
0.036606528197301716
0.03596535536611098
0.03996492121330618
0.03796728440907556
0.03144290247411582
0.028751418160645276
0.036825863157525646
0.02982112889719381
0.034369700839367835
0.05055965921719399
0.03191933217128193
0.034369700839367835
0.027881633058827886
0.03996492121330618
0.04926738579514408
0.02262209146211194
0.03514770962837774
0.03750151787077809
0.04543851949244741
0.02333156202625709
0.042813910921021214
0.042813910921021214
0.03344853224543283
0.03575705748645429
0.036606528197301716
0.039444134060429646
0.06157239481230954
0.07318821255882088
0.03418104511492285
0.036825863157525646
0.046888978062597855
0.03327073192613428
0.024628436284713978
0.032081672165950835
0.032579716175803464
0.048045770436503536
0.03309498632495023
0.042813910921021214
0.036606528197301716
0.03534828493127263
0.026093186172247096
0.04579181003251753
0.04509117377807158
0.046888978062597855
0.034560650989031765
0.03555138433531873
0.10456906063204158
0.027294601860431752
0.030102306881950015
0.03750151787077809
0.03555138433531873
0.03224582823584055
0.032579716175803464
0.04191326060526102
0.09831313945206448
0.04926738579514408
0.032579716175803464
0.02837149904933872
0.055468691578150396
0.03327073192613428
0.039702653262258324
0.03418104511492285
0.03344853224543283
0.03750151787077809
0.02837149904933872
0.04509117377807158
0.026197635437656238
0.05440394132425004
0.034369700839367835
0.034369700839367835
0.04844549884681426
0.03224582823584055
0.025192375657379584
0.04343840631693651
0.023578949660893116
0.040501046551792624
0.048852632067419396
0.06601401719618526
0.03292125883930476
0.027526153780250164
0.048045770436503536
0.03596535536611098
0.022931543612309587
0.02568429928829236
0.052404085838276555
0.03327073192613428
0.028880539062587918
0.03399464131812323
0.03534828493127263
0.03159997723746822
0.04191326060526102
0.06682475365147633
0.04375823576751607
0.03869025525561182
0.03575705748645429
0.03575705748645429
0.02800236343759331
0.03475393915787413
0.058344433966706896
0.03555138433531873
0.022698601005539457
0.06682475365147633
0.039444134060429646
0.03399464131812323
0.036390036190637416
0.03362842479259232
0.04509117377807158
0.03309498632495023
0.02982112889719381
0.03144290247411582
0.04765323935941024
0.03575705748645429
0.028623550290337474
0.05493061443340548
0.027881633058827886
0.029545622828789437
0.04105322357584273
0.03159997723746822
0.029142616886745815
0.034369700839367835
0.02684399507966769
0.02837149904933872
0.04651687056553627
0.03869025525561182
0.03418104511492285
0.04105322357584273
0.032081672165950835
0.04343840631693651
0.028751418160645276
0.03820496270802848
0.03534828493127263
0.03344853224543283
0.03024507974413329
0.03274951374622888
0.03144290247411582
0.029142616886745815
0.027294601860431752
0.03241183208556608
0.037048099456225406
0.03159997723746822
0.03494961007225287
0.037048099456225406
0.024446503990372303
0.05440394132425004
0.04375823576751607
0.02837149904933872
0.04726770596567599
0.036825863157525646
0.039444134060429646
0.028751418160645276
0.034560650989031765
0.02764354435814016
0.025386664808872098
0.029275613278486354
0.025192375657379584
0.04105322357584273
0.032579716175803464
0.03727329711897993
0.03241183208556608
0.04191326060526102
0.027881633058827886
0.029960997642428943
0.04191326060526102
0.028751418160645276
0.03918928102117916
0.030535111398351626
0.049689984363176266
0.03224582823584055
0.03024507974413329
0.02901093212787827
0.04162221165230921
0.03381044801314499
0.024179019652698305
0.03534828493127263
0.04579181003251753
0.025584246558456786
0.024179019652698305
0.03418104511492285
0.022546140207150518
0.030831288026606955
0.03418104511492285
0.03292125883930476
0.027526153780250164
0.030682419038342866
0.027526153780250164
0.04375823576751607
0.03309498632495023
0.02630299989624647
0.03024507974413329
0.03418104511492285
0.03820496270802848
0.026733862751133798
0.04343840631693651
0.03418104511492285
0.02630299989624647
0.02800236343759331
0.0270672546627206
0.02684399507966769
0.026197635437656238
0.042508998840496345
0.03274951374622888
0.03159997723746822
0.02578520811449912
0.027409844733879613
0.029545622828789437
0.03475393915787413
0.03191933217128193
0.03796728440907556
0.03113381386524744
0.03475393915787413
0.044083290891150054
0.036176330336971506
0.028623550290337474
0.03820496270802848
0.036176330336971506
0.03159997723746822
0.0294099416623513
0.029682678011054675
0.0266247103846635
0.037048099456225406
0.023010351058535758
0.030102306881950015
0.024813341303175526
0.03796728440907556
0.03869025525561182
0.029142616886745815
0.028751418160645276
0.02837149904933872
0.032081672165950835
0.02764354435814016
0.04105322357584273
0.04105322357584273
0.030981744171857836
0.03113381386524744
0.043123673080664365
0.04441370565821016
0.03596535536611098
0.025989639847754056
0.03418104511492285
0.036606528197301716
0.03241183208556608
0.03534828493127263
0.044083290891150054
0.029682678011054675
0.0294099416623513
0.03159997723746822
0.030682419038342866
0.03796728440907556
0.04133556687918578
0.028751418160645276
0.03309498632495023
0.029142616886745815
0.026197635437656238
0.03796728440907556
0.024906932192316943
0.03796728440907556
0.03820496270802848
0.03241183208556608
0.03750151787077809
0.0294099416623513
0.030535111398351626
0.039702653262258324
0.02684399507966769
0.030981744171857836
0.036606528197301716
0.028751418160645276
0.032579716175803464
0.03362842479259232
0.024537103188717057
0.036825863157525646
0.036825863157525646
0.029682678011054675
0.03113381386524744
0.029682678011054675
0.042208819809931616
0.03869025525561182
0.027180410095689417
0.036390036190637416
0.03309498632495023
0.03869025525561182
0.037048099456225406
0.03274951374622888
0.031287524097080965
0.02684399507966769
0.028880539062587918
0.03274951374622888
0.03475393915787413
0.027294601860431752
0.037048099456225406
0.03113381386524744
0.034369700839367835
0.031758777281152895
0.07030236972251241
0.04133556687918578
0.030389339864202728
0.03869025525561182
0.030831288026606955
0.02800236343759331
0.02837149904933872
0.025989639847754056
0.025584246558456786
0.02764354435814016
0.02901093212787827
0.05601856221111566
0.04105322357584273
0.03362842479259232
0.04474961875151465
0.032081672165950835
0.03241183208556608
0.03144290247411582
0.02684399507966769
0.03113381386524744
0.042813910921021214
0.030831288026606955
0.03399464131812323
0.03241183208556608
0.03750151787077809
0.03144290247411582
0.037732825197330094
0.036825863157525646
0.046888978062597855
0.026409292026871662
0.0461512051684126
0.03796728440907556
0.029142616886745815
0.04726770596567599
0.029960997642428943
0.02901093212787827
0.029682678011054675
0.02837149904933872
0.04077508226039029
0.03996492121330618
0.023250348106491955
0.028496916708245824
0.029545622828789437
0.0294099416623513
0.03750151787077809
0.040501046551792624
0.02837149904933872
0.03224582823584055
0.03475393915787413
0.03191933217128193
0.03844592925760787
0.026409292026871662
0.020748588225480376
0.030535111398351626
0.03555138433531873
0.03869025525561182
0.03555138433531873
0.04191326060526102
0.028751418160645276
0.036825863157525646
0.04441370565821016
0.03024507974413329
0.036176330336971506
0.06682475365147633
