121
146
242
221
137
199
228
100
149
187
238
129
136
206
135
211
233
173
266
239
136
167
223
152
129
250
134
207
211
109
230
213
196
148
165
140
158
159
142
228
267
151
127
178
193
155
229
135
216
210
220
201
84
112
230
180
212
247
198
168
213
108
134
243
202
196
156
237
180
205
138
222
204
203
183
184
194
264
229
228
154
209
195
212
194
104
93
155
168
141
147
217
162
189
107
192
191
197
131
205
174
151
227
137
109
174
249
211
144
142
164
159
148
171
157
189
160
120
157
160
123
243
148
203
161
129
197
182
155
109
237
191
177
209
148
247
201
281
101
122
198
158
187
112
189
271
253
83
188
142
184
211
109
187
