199
134
108
142
168
221
179
164
151
180
156
245
203
177
173
182
143
155
121
150
157
160
172
96
151
139
165
267
187
228
199
176
178
141
183
166
200
190
150
223
153
191
129
163
114
148
201
178
156
105
191
176
194
125
121
119
235
192
174
201
160
158
197
150
127
164
152
151
144
174
165
153
208
120
141
113
100
149
123
183
179
124
133
164
146
117
156
150
247
191
165
147
135
114
132
169
154
127
132
195
141
150
157
186
125
118
212
189
154
121
134
190
124
111
163
171
197
152
166
221
102
150
161
201
196
220
180
141
142
217
161
142
131
148
145
166
192
153
129
172
209
149
151
163
221
173
159
196
145
188
151
194
202
145
133
153
191
146
205
245
134
149
149
176
148
212
189
204
144
183
113
209
161
171
176
188
109
215
178
147
145
149
161
181
121
155
210
143
149
120
144
139
124
134
171
144
183
196
189
185
199
123
185
218
138
191
176
156
205
227
167
172
222
156
177
176
206
183
186
208
219
185
223
174
246
173
154
185
130
172
191
206
223
201
199
199
75
220
116
140
209
140
224
169
155
165
170
215
172
161
202
131
140
196
227
152
181
144
273
188
208
117
214
216
140
159
157
250
165
171
134
172
216
148
118
122
150
136
214
181
150
176
202
144
196
167
106
156
152
132
135
157
158
108
170
92
152
131
177
152
127
132
163
117
151
161
150
179
171
197
227
159
181
94
156
147
241
213
152
166
90
146
161
158
163
153
167
152
184
200
141
197
170
201
187
169
225
167
191
150
219
202
144
243
174
234
156
187
219
79
160
225
152
148
148
179
219
124
151
154
153
175
202
175
218
220
183
194
191
169
167
193
189
205
143
146
174
156
166
132
239
266
136
135
175
184
131
149
202
128
190
198
158
199
156
214
278
152
186
127
211
122
159
199
178
154
150
149
122
160
139
169
136
78
173
151
142
247
169
181
165
223
148
151
158
258
233
114
195
206
208
204
171
193
193
188
123
168
181
132
149
108
191
199
113
132
196
204
113
157
201
162
150
152
110
113
196
223
200
262
213
135
205
137
192
218
179
141
191
109
189
155
221
181
226
278
215
129
183
197
147
188
218
174
166
219
208
170
153
170
172
167
199
220
188
213
293
172
173
149
171
167
161
227
194
187
184
192
197
164
160
159
117
197
151
196
130
147
150
184
186
167
183
232
164
122
160
154
162
173
149
179
128
196
244
159
154
81
133
138
185
68
185
117
139
220
247
177
167
169
218
261
120
109
103
117
96
128
83
162
123
175
98
173
148
240
126
151
165
93
102
137
160
166
145
99
131
207
176
196
174
149
177
165
154
151
175
269
134
116
265
220
113
104
238
82
89
105
176
209
173
109
140
159
132
163
144
174
136
172
280
132
223
211
203
192
173
165
192
176
232
160
176
231
205
176
197
196
199
202
182
169
193
215
138
188
166
156
154
219
148
162
206
158
141
186
96
145
173
174
172
145
160
155
185
198
185
163
119
114
186
132
216
167
183
193
181
273
118
180
240
200
244
172
237
92
235
135
168
160
99
224
180
191
177
192
272
168
177
192
150
186
152
180
175
208
118
166
138
200
264
125
155
150
284
149
180
137
195
110
173
168
149
203
224
113
152
226
124
209
187
160
121
148
169
119
175
131
207
217
191
167
182
162
215
198
254
186
273
178
94
109
182
139
125
152
185
199
142
132
115
149
212
100
110
229
185
217
143
168
142
131
208
179
152
204
185
143
137
195
228
194
203
214
139
198
197
152
169
138
161
232
133
231
224
168
160
217
139
195
276
96
197
218
157
148
156
233
167
150
192
168
135
138
154
210
216
179
180
160
177
160
134
105
154
183
204
223
153
163
171
116
177
205
172
182
121
140
170
229
243
276
109
213
151
175
169
211
158
199
193
102
198
161
152
152
90
150
155
121
136
161
122
153
123
132
178
99
122
174
148
245
168
181
126
126
127
139
119
191
156
142
133
148
85
141
138
165
218
194
171
157
164
186
189
230
145
95
194
78
196
148
204
142
118
240
187
159
146
159
209
135
142
131
122
163
187
128
161
153
203
140
128
161
150
242
157
211
157
246
258
181
159
196
193
186
156
214
192
167
195
160
135
176
194
147
135
223
144
128
155
245
161
147
134
216
133
154
137
125
196
189
165
275
119
112
200
179
210
184
174
201
182
285
157
200
191
202
194
136
151
201
189
162
141
163
210
104
174
169
224
150
163
169
141
130
152
184
218
223
110
127
231
203
185
224
186
150
191
234
233
176
150
264
170
128
188
173
222
240
204
185
209
234
143
216
136
142
162
171
152
141
161
169
176
203
180
207
178
221
248
148
159
175
167
203
219
125
143
183
195
168
231
185
168
191
179
120
177
196
135
228
159
120
220
156
186
151
200
169
130
207
223
183
129
135
196
200
172
191
162
183
180
162
111
168
131
197
159
163
186
266
196
77
193
183
146
229
137
232
163
227
345
159
225
204
173
186
164
150
212
198
142
164
157
195
160
126
202
230
172
165
220
165
181
192
174
195
156
166
145
204
158
121
195
192
239
136
140
195
136
269
124
229
186
146
134
143
142
136
188
127
145
165
152
197
163
212
199
192
158
154
104
142
284
140
144
190
223
176
185
167
199
136
168
249
179
162
226
195
245
224
171
158
190
174
228
166
170
198
211
164
142
118
198
185
132
163
180
237
126
141
226
136
135
156
229
251
126
135
189
143
238
177
195
173
166
83
168
136
128
197
173
128
224
198
140
167
142
138
128
108
186
185
189
151
200
105
234
88
168
153
178
197
177
203
174
202
176
147
262
194
189
170
157
228
216
147
93
135
213
139
186
224
109
219
177
138
146
131
126
194
193
92
141
147
88
153
212
121
101
154
105
156
155
148
111
189
131
130
198
140
177
212
162
145
92
139
177
206
127
157
98
194
140
117
111
191
117
181
120
105
115
129
248
200
111
124
138
130
143
239
101
129
154
162
89
147
224
111
196
114
135
143
189
117
167
161
165
175
233
144
132
131
119
154
169
117
101
195
151
143
133
208
174
136
186
166
173
124
123
146
159
87
187
105
167
131
171
130
162
194
109
165
107
192
98
203
139
189
142
140
164
174
184
124
161
122
142
88
209
114
136
155
125
129
152
90
143
139
109
141
174
130
147
187
143
139
111
187
114
148
118
159
202
109
190
141
185
120
111
208
153
174
208
126
139
192
190
191
143
91
200
165
128
123
289
208
71
220
199
129
129
143
127
133
260
155
199
149
191
197
141
201
173
201
141
145
130
155
158
171
110
142
202
113
145
137
177
158
152
120
167
169
104
114
168
143
141
203
192
84
118
129
155
161
118
102
174
133
191
131
152
148
147
104
166
128
77
101
103
176
149
94
180
137
92
99
141
161
126
122
129
99
164
99
190
152
167
120
213
96
76
116
175
171
123
97
183
194
143
159
167
149
111
177
134
119
122
172
180
130
146
179
240
126
166
120
244
145
139
168
98
116
211
219
168
204
140
176
155
105
156
142
140
192
215
195
115
110
188
133
187
144
184
125
116
137
142
156
172
183
143
194
232
189
150
155
190
176
134
217
145
212
309
139
119
151
196
268
201
224
189
132
185
187
116
179
130
131
168
160
215
167
209
258
155
169
190
124
157
116
149
169
106
217
132
175
205
118
236
202
83
195
176
177
188
161
104
122
145
157
180
234
190
150
138
115
288
185
113
211
165
195
181
160
193
186
167
165
165
132
143
127
150
149
157
199
142
168
218
324
169
150
149
187
228
166
198
188
136
129
109
204
133
190
171
197
138
179
164
213
169
165
169
157
236
157
152
212
221
182
215
138
194
169
244
181
178
206
160
152
238
129
205
236
190
131
275
201
288
303
160
231
160
180
183
198
227
306
222
214
169
157
150
240
154
173
163
152
212
182
119
216
198
198
206
214
199
193
129
143
211
170
197
247
135
192
175
187
223
204
135
148
218
201
278
218
189
149
194
124
113
187
237
253
188
150
229
187
72
170
194
196
209
147
187
209
168
236
168
177
265
181
134
115
129
202
190
128
227
179
174
197
203
179
173
199
118
119
148
83
166
109
265
133
162
149
171
183
206
114
148
124
195
136
105
156
136
174
164
123
158
118
203
209
130
149
194
188
144
184
84
99
215
178
182
179
181
171
160
140
164
94
144
150
152
152
155
124
144
111
185
201
121
110
148
129
231
199
115
160
205
126
150
147
121
181
214
210
167
159
108
283
157
220
147
199
223
164
232
154
122
124
139
179
131
117
165
165
168
108
132
182
211
162
130
76
162
219
184
178
153
185
182
141
137
127
198
194
132
122
106
92
128
168
194
145
96
150
97
152
185
140
95
164
159
148
140
147
93
224
89
124
133
156
114
119
138
117
146
164
148
144
99
136
131
59
141
115
127
138
231
147
85
139
114
101
91
161
151
106
140
192
111
110
82
64
89
101
178
136
164
113
210
142
92
182
188
156
176
125
185
136
160
206
160
104
118
113
107
139
135
112
147
168
118
103
186
243
169
104
182
189
127
126
156
172
151
115
181
135
91
128
181
197
65
111
189
215
92
167
130
96
113
219
103
146
178
99
160
94
150
166
153
110
98
141
169
112
149
89
148
194
132
197
110
140
145
75
237
111
171
103
129
157
164
94
98
137
139
225
152
210
159
157
113
231
146
119
133
229
134
174
214
120
117
160
144
173
158
147
133
178
121
155
160
147
187
161
109
125
102
181
120
139
160
168
198
134
181
187
161
204
167
231
187
141
214
151
169
92
137
142
116
126
162
114
152
166
128
150
143
150
153
144
151
134
180
177
163
131
135
131
186
166
233
167
218
177
161
77
162
195
173
143
211
146
127
219
108
190
194
212
89
111
138
144
94
209
137
195
152
152
223
229
135
146
154
191
204
151
167
216
145
120
139
124
154
167
78
148
205
155
166
106
140
176
185
190
141
133
230
108
187
90
120
146
165
209
166
157
111
153
139
170
247
146
116
110
170
144
187
151
167
126
152
164
214
122
206
143
178
240
174
165
165
227
188
168
170
109
103
212
102
157
115
90
204
180
106
224
138
123
155
144
142
136
167
131
75
152
153
128
182
200
195
116
172
95
143
112
177
56
122
119
185
170
165
167
195
124
143
154
133
98
193
154
171
84
124
108
169
159
145
135
116
179
167
171
104
108
182
114
112
105
117
139
115
192
124
107
153
156
156
92
110
146
127
129
103
120
220
153
172
167
153
176
134
176
138
166
114
192
178
125
165
189
135
144
144
123
204
122
116
187
127
157
108
195
114
87
125
130
196
131
156
126
175
219
68
98
179
108
121
106
84
155
147
200
178
62
98
163
128
123
95
218
125
154
92
136
135
179
97
145
164
127
140
94
108
100
197
87
141
125
138
188
135
163
135
113
148
140
120
125
159
95
196
224
221
243
109
103
138
131
133
244
133
146
143
136
204
175
140
138
108
121
111
133
120
150
149
201
153
229
130
165
243
118
197
169
145
128
148
102
188
173
175
186
112
144
196
95
164
177
100
171
155
114
96
114
183
159
96
169
176
219
173
155
133
140
104
156
151
147
152
182
139
95
101
147
169
192
144
117
89
243
173
196
126
131
230
194
103
126
208
185
147
154
98
218
100
173
119
87
191
134
145
173
79
194
126
165
190
116
116
160
163
150
128
154
190
182
179
152
191
195
244
184
123
91
148
173
131
157
144
119
160
238
164
214
140
147
128
93
148
209
112
161
161
159
108
233
137
209
153
152
166
172
145
132
102
155
134
102
140
188
200
151
155
214
154
218
132
96
124
167
98
201
127
202
155
135
101
154
133
124
127
117
175
116
86
90
190
195
84
123
202
131
127
173
187
137
176
135
163
151
78
140
209
123
143
171
127
171
184
119
278
160
130
137
83
194
164
137
147
127
126
190
208
127
204
185
143
166
136
199
188
119
125
204
82
135
103
88
171
119
124
121
140
185
151
229
241
143
142
149
114
169
107
155
199
150
83
95
168
240
174
124
171
179
139
101
153
149
157
160
97
160
154
157
120
175
154
207
118
158
109
184
98
296
167
139
151
214
212
131
135
137
235
209
172
169
141
92
154
141
123
122
294
218
190
194
176
235
227
196
176
137
135
194
163
129
137
175
192
190
199
104
198
167
184
174
141
206
251
252
179
188
196
159
188
140
122
143
162
198
263
159
113
125
167
152
164
157
161
92
92
169
178
165
118
69
129
193
169
139
158
176
203
135
90
102
150
122
205
125
94
189
142
129
114
176
142
84
80
143
125
165
150
162
109
123
127
120
106
84
122
157
148
138
96
72
162
128
199
162
130
129
140
98
166
145
135
130
174
103
142
137
166
169
135
115
206
129
147
111
117
207
142
160
155
154
156
96
114
177
90
98
112
155
190
127
189
194
132
116
147
131
100
168
145
130
197
159
164
126
171
168
131
143
151
154
162
142
110
124
178
186
128
94
143
160
173
145
179
133
160
137
184
129
178
146
148
112
96
163
128
115
139
127
155
137
116
104
121
186
152
70
189
154
109
75
187
203
98
193
212
186
120
137
135
174
123
116
161
184
132
155
142
182
249
227
105
119
87
182
193
258
124
120
235
149
107
138
160
145
106
174
148
140
107
99
113
122
221
181
121
163
173
138
153
126
133
191
214
105
208
140
127
138
207
127
229
138
180
141
170
183
182
81
125
145
173
114
174
133
107
134
107
139
119
196
145
117
89
144
128
187
194
153
151
163
192
177
153
147
96
157
118
127
152
151
149
113
96
165
115
153
120
46
161
120
133
138
160
166
127
111
151
207
89
157
161
243
161
149
118
125
166
204
205
66
136
177
156
167
144
112
161
158
141
148
240
102
110
140
167
110
166
181
164
157
132
154
142
125
156
100
195
135
145
160
136
130
104
175
179
172
168
172
153
158
152
195
163
150
154
109
157
148
162
194
114
126
161
179
198
107
193
140
197
289
120
147
123
153
196
168
236
187
108
143
196
137
116
132
174
159
89
176
291
173
151
147
164
187
158
192
159
200
155
233
155
148
179
138
150
136
135
127
123
221
163
182
201
240
208
129
215
168
125
185
211
190
179
118
154
210
179
223
159
173
211
211
177
176
177
177
137
174
231
213
124
180
193
195
139
239
121
145
152
134
107
231
101
188
121
114
186
122
149
150
131
92
163
157
148
189
203
243
155
159
204
125
78
204
176
124
207
259
160
170
163
153
213
203
110
185
198
158
136
337
165
162
170
112
170
133
149
152
153
152
245
83
92
96
126
183
228
107
141
158
227
116
57
169
100
101
132
95
191
259
172
123
65
180
135
145
196
120
102
125
181
116
120
198
108
143
143
97
143
120
143
174
141
162
118
159
83
154
178
126
172
182
146
111
138
201
117
135
161
134
130
123
149
175
211
135
150
84
145
79
138
227
100
196
142
129
96
105
188
140
123
124
175
145
132
174
191
211
182
140
134
146
209
169
197
162
142
133
166
159
110
161
187
122
173
109
154
119
169
153
167
134
130
103
196
124
188
171
128
111
157
194
87
117
141
117
98
111
143
166
157
117
202
166
114
108
119
173
182
164
110
222
84
143
120
147
126
164
106
139
166
107
106
137
102
131
118
140
201
117
117
151
149
207
214
155
127
202
128
171
202
130
133
153
135
144
149
192
192
111
182
85
165
130
151
97
179
117
205
103
139
76
104
105
128
121
109
136
119
127
149
175
125
113
156
201
243
138
60
239
158
85
108
175
106
136
124
129
128
188
157
170
82
131
119
121
139
92
85
132
155
130
103
169
157
91
172
179
122
133
171
146
147
112
140
232
204
99
131
160
172
202
166
196
163
121
153
171
186
159
183
128
116
217
194
182
95
217
184
181
145
120
175
130
233
167
153
179
163
193
147
210
118
220
180
124
180
110
155
177
193
141
169
223
174
107
163
108
238
230
128
130
99
129
123
163
149
164
138
119
224
162
184
216
170
222
146
143
153
115
190
243
120
146
116
198
240
142
181
72
123
127
179
135
148
148
195
150
112
177
144
143
92
249
115
125
202
183
155
142
266
179
99
128
174
149
206
146
140
139
184
138
133
157
102
187
159
153
110
164
167
185
109
179
170
176
200
131
126
188
151
92
105
121
79
172
189
131
178
151
142
200
198
161
156
113
260
151
184
246
195
174
194
168
133
205
121
181
170
200
151
204
230
209
179
70
214
105
207
211
248
148
116
224
124
173
176
229
118
204
175
194
103
149
122
218
168
167
216
267
232
160
189
141
119
200
195
133
166
166
101
146
179
116
101
216
282
159
225
220
121
130
128
139
113
124
183
156
98
159
130
187
122
218
136
189
168
98
165
205
133
138
100
107
183
206
141
119
151
101
182
191
128
236
165
172
142
237
217
100
130
115
108
193
174
125
139
172
144
179
128
197
167
103
166
156
174
162
192
155
222
147
137
169
191
160
184
198
167
108
174
126
128
113
131
157
135
231
119
219
136
171
121
183
80
144
157
207
144
157
189
185
186
172
155
196
223
103
219
159
189
178
117
246
156
102
173
136
185
134
135
170
96
175
202
203
98
125
152
148
108
150
156
112
211
67
183
106
135
165
84
110
130
166
184
163
135
109
153
117
65
106
101
132
141
186
153
181
171
176
216
194
168
134
134
170
180
175
164
190
168
172
140
195
139
185
235
155
209
171
156
164
187
193
203
187
133
174
130
174
105
162
187
80
175
150
218
135
192
217
145
244
146
192
158
165
226
185
129
196
173
170
211
126
122
157
147
123
162
130
200
150
127
193
149
138
138
131
121
116
153
129
114
155
156
201
131
156
142
145
131
101
219
152
168
268
229
223
150
210
120
100
133
129
171
185
136
193
146
198
155
136
145
151
146
226
158
180
142
113
206
211
182
166
158
107
130
110
147
126
191
102
174
141
165
227
110
157
83
129
174
104
174
129
292
270
138
154
112
181
208
201
107
207
198
168
176
154
217
177
136
143
200
214
166
215
160
206
175
107
133
176
168
138
118
129
111
143
151
224
134
246
149
94
149
137
188
85
188
158
207
200
190
246
130
147
225
147
130
205
172
270
183
158
238
192
156
143
252
128
181
160
171
167
164
119
246
246
144
266
142
221
147
146
186
113
143
157
152
203
94
159
232
160
129
134
180
182
171
193
158
162
182
67
178
150
202
149
195
183
185
158
183
211
143
169
179
123
108
133
209
235
146
171
146
230
123
193
228
119
208
172
156
170
161
141
221
177
111
240
224
123
147
129
149
123
234
107
131
185
154
150
204
273
113
142
150
127
170
185
160
109
179
125
184
