94
58
76
72
57
83
113
42
75
97
92
88
113
47
35
133
113
81
112
101
99
27
52
82
105
35
53
82
35
95
134
106
71
87
152
115
86
101
89
95
88
79
52
104
89
113
104
74
93
123
70
100
68
101
54
58
105
117
93
141
97
86
127
71
46
115
75
77
88
107
70
108
120
116
36
71
72
109
132
100
81
79
114
106
100
50
34
64
69
120
70
28
95
81
102
57
84
70
149
114
98
95
104
69
97
37
123
108
98
116
88
135
84
82
61
32
51
36
70
88
117
58
69
124
89
140
48
74
100
35
64
69
46
54
96
106
100
80
78
27
56
50
98
99
138
108
134
47
80
102
49
43
137
86
46
86
96
70
103
40
116
78
113
60
85
42
88
47
41
52
33
104
74
83
72
75
93
82
91
108
111
73
52
90
82
49
93
105
111
62
92
92
65
