119
168
199
90
140
194
197
121
185
183
150
161
256
187
184
160
185
93
141
183
163
227
188
211
176
220
112
195
154
203
172
179
265
173
195
179
133
145
178
158
143
188
96
154
203
139
174
240
179
101
273
169
152
193
153
217
206
153
174
238
170
208
211
196
159
140
258
293
127
166
159
142
137
136
149
174
225
153
132
147
171
138
221
158
129
150
141
200
276
219
215
231
151
130
118
113
221
241
111
230
118
150
150
135
206
206
202
144
108
164
128
166
92
152
315
134
138
157
162
210
126
167
148
165
226
166
116
219
141
132
162
197
192
230
106
97
189
132
139
153
189
200
255
213
219
154
161
172
133
191
141
216
159
215
