173
153
195
155
156
179
186
137
193
146
170
113
85
171
85
247
86
164
138
310
168
216
191
185
96
159
188
182
131
181
56
82
130
227
196
149
246
208
161
111
112
191
181
110
211
178
107
148
122
171
135
220
96
140
141
197
267
196
130
121
69
124
203
181
121
202
185
131
126
170
225
191
90
247
153
133
182
112
198
140
125
97
147
166
214
251
167
130
147
167
146
169
177
104
164
148
112
133
143
153
158
171
134
152
180
165
167
167
158
141
146
230
113
146
131
131
118
116
169
135
161
151
163
136
164
155
216
128
206
170
170
179
153
162
186
105
105
137
129
175
149
98
