157
166
174
237
121
155
133
236
175
232
158
184
217
145
134
173
141
145
152
151
232
223
137
155
185
195
164
156
175
169
152
203
204
150
184
208
200
181
206
162
154
197
255
125
217
255
236
163
193
157
174
263
195
175
150
171
170
185
164
191
236
254
185
134
137
208
128
147
195
146
123
263
133
214
198
161
136
217
163
157
198
114
153
141
152
91
155
128
89
149
171
124
183
167
78
150
152
119
173
131
193
88
157
143
154
183
120
105
180
137
118
95
129
164
133
150
169
159
140
184
162
133
159
131
119
178
184
181
141
149
111
132
165
176
155
190
172
237
138
146
163
128
164
229
110
203
205
119
142
129
127
141
171
138
