0.03796728440907556
0.030981744171857836
0.03918928102117916
0.022470740962989233
0.025584246558456786
0.024356629601171707
0.026955121064989738
0.031758777281152895
0.032081672165950835
0.021402001566625743
0.027294601860431752
0.022546140207150518
0.02366268569792084
0.02113534024994781
0.026733862751133798
0.029682678011054675
0.02409126666343238
0.036825863157525646
0.02333156202625709
0.025096439383774125
0.028623550290337474
0.029275613278486354
0.029682678011054675
0.04441370565821016
0.02181599820928514
0.03596535536611098
0.042208819809931616
0.02224779393735769
0.03144290247411582
0.02630299989624647
0.027881633058827886
0.036825863157525646
0.042813910921021214
0.02684399507966769
0.02764354435814016
0.03309498632495023
0.02472051252209404
0.031287524097080965
0.02837149904933872
0.046888978062597855
0.02383211405067649
0.023413395344882838
0.02113534024994781
0.025989639847754056
0.02776203212783326
0.022931543612309587
0.04844549884681426
0.03475393915787413
0.021606846633936253
0.027180410095689417
0.025485038730838412
0.02500129491946123
0.030682419038342866
0.026093186172247096
0.03362842479259232
0.023413395344882838
0.02800236343759331
0.03274951374622888
0.030102306881950015
0.022101811756527135
0.036390036190637416
0.028124239875562295
0.023413395344882838
0.027409844733879613
0.022395887547268203
0.030535111398351626
0.025096439383774125
0.021606846633936253
0.02500129491946123
0.027294601860431752
0.022853320556211063
0.025584246558456786
0.02308974967793871
0.024813341303175526
0.026733862751133798
0.01907619556741204
0.03144290247411582
0.032081672165950835
0.030831288026606955
0.029275613278486354
0.022174541838804202
0.04105322357584273
0.029960997642428943
0.03292125883930476
0.04579181003251753
0.02188669670758315
0.030981744171857836
0.028880539062587918
0.02982112889719381
0.023578949660893116
0.02049916459002398
0.021606846633936253
0.028623550290337474
0.025386664808872098
0.022931543612309587
0.02800236343759331
0.026409292026871662
0.02901093212787827
0.036606528197301716
0.028496916708245824
0.029142616886745815
0.024906932192316943
0.03113381386524744
0.029545622828789437
0.029275613278486354
0.029682678011054675
0.028880539062587918
0.02776203212783326
0.02316974636074208
0.02800236343759331
0.03418104511492285
0.027409844733879613
0.029682678011054675
0.028496916708245824
0.026516524540295378
0.03475393915787413
0.048045770436503536
0.030535111398351626
0.022546140207150518
0.026409292026871662
0.04474961875151465
0.027180410095689417
0.02366268569792084
0.027180410095689417
0.025886984433327032
0.028623550290337474
0.028751418160645276
0.028623550290337474
0.022321573871113286
0.03159997723746822
0.025289113989195398
0.03727329711897993
0.0514636415457265
0.039702653262258324
0.046888978062597855
0.024537103188717057
0.025289113989195398
0.027526153780250164
0.030831288026606955
0.026093186172247096
0.028623550290337474
0.03309498632495023
0.024004203617174345
0.02764354435814016
0.02776203212783326
0.032579716175803464
0.036606528197301716
0.030389339864202728
0.03399464131812323
0.04133556687918578
0.031758777281152895
0.03596535536611098
0.023010351058535758
0.020136980961906234
0.030831288026606955
0.03418104511492285
0.026197635437656238
0.029275613278486354
0.024813341303175526
0.03362842479259232
0.03113381386524744
0.02982112889719381
0.029275613278486354
0.021745793899919853
0.028124239875562295
0.023917822153984317
0.02167607845662195
0.03575705748645429
0.025386664808872098
0.02202959795821284
0.03113381386524744
0.044083290891150054
0.031758777281152895
0.0461512051684126
0.0266247103846635
0.022853320556211063
0.023917822153984317
0.027409844733879613
0.03327073192613428
0.03534828493127263
0.024356629601171707
0.039444134060429646
0.036176330336971506
0.0270672546627206
0.030535111398351626
0.032081672165950835
0.02181599820928514
0.042208819809931616
0.048045770436503536
0.030981744171857836
0.04343840631693651
0.03274951374622888
0.028751418160645276
0.030389339864202728
0.030389339864202728
0.03918928102117916
0.028751418160645276
0.028623550290337474
0.02316974636074208
0.05388830009508046
0.030535111398351626
0.03113381386524744
0.03575705748645429
0.029545622828789437
0.026733862751133798
0.02181599820928514
0.025386664808872098
0.030535111398351626
0.025386664808872098
0.03274951374622888
0.030535111398351626
0.037048099456225406
0.027881633058827886
0.030102306881950015
0.025584246558456786
0.026197635437656238
0.029960997642428943
0.03494961007225287
0.03224582823584055
0.042508998840496345
0.021004694204512217
0.029960997642428943
0.024446503990372303
0.02188669670758315
0.025584246558456786
0.029682678011054675
0.03362842479259232
0.02982112889719381
0.028124239875562295
0.025584246558456786
0.019618965131420484
0.03159997723746822
0.029142616886745815
0.027881633058827886
0.023413395344882838
0.030102306881950015
0.02837149904933872
0.02684399507966769
0.02349585540330043
0.020256157488566063
0.032579716175803464
0.01866482013997907
0.02764354435814016
0.026093186172247096
0.029682678011054675
0.021745793899919853
0.028623550290337474
0.028623550290337474
0.04133556687918578
0.03159997723746822
0.02383211405067649
0.03869025525561182
0.028124239875562295
0.030535111398351626
0.05440394132425004
0.02316974636074208
0.032081672165950835
0.030831288026606955
0.042208819809931616
0.020875788729857608
0.02568429928829236
0.02630299989624647
0.044083290891150054
0.02837149904933872
0.03327073192613428
0.02366268569792084
0.023578949660893116
0.032579716175803464
0.037048099456225406
0.025485038730838412
0.028623550290337474
0.0294099416623513
0.03327073192613428
0.02262209146211194
0.025289113989195398
0.037732825197330094
0.024628436284713978
0.044083290891150054
0.03418104511492285
0.02568429928829236
0.03224582823584055
0.02837149904933872
0.02901093212787827
0.02800236343759331
0.03475393915787413
0.039444134060429646
0.03750151787077809
0.0461512051684126
0.03362842479259232
0.021745793899919853
0.029275613278486354
0.02308974967793871
0.03820496270802848
0.027881633058827886
0.024446503990372303
0.03514770962837774
0.025485038730838412
0.024004203617174345
0.025386664808872098
0.030389339864202728
0.024267471084551746
0.029960997642428943
0.036176330336971506
0.03381044801314499
0.02472051252209404
0.03191933217128193
0.03274951374622888
0.03191933217128193
0.025485038730838412
0.0270672546627206
0.03399464131812323
0.03113381386524744
0.024628436284713978
0.026409292026871662
0.02837149904933872
0.03418104511492285
0.03344853224543283
0.04162221165230921
0.039702653262258324
0.03844592925760787
0.03381044801314499
0.024813341303175526
0.036176330336971506
0.03113381386524744
0.025386664808872098
0.03113381386524744
0.03596535536611098
0.04765323935941024
0.02383211405067649
0.03514770962837774
0.024906932192316943
0.03344853224543283
0.02901093212787827
0.034560650989031765
0.02308974967793871
0.029142616886745815
0.018868078222462777
0.036390036190637416
0.026516524540295378
0.028496916708245824
0.030535111398351626
0.025192375657379584
0.025386664808872098
0.026197635437656238
0.029682678011054675
0.042208819809931616
0.020748588225480376
0.029545622828789437
0.027881633058827886
0.024813341303175526
0.02181599820928514
0.030102306881950015
0.025584246558456786
0.028496916708245824
0.03475393915787413
0.03381044801314499
0.026733862751133798
0.029545622828789437
0.030535111398351626
0.03362842479259232
0.030389339864202728
0.03996492121330618
0.02764354435814016
0.026733862751133798
0.025485038730838412
0.027409844733879613
0.02764354435814016
0.028751418160645276
0.031758777281152895
0.037732825197330094
0.0203163217100745
0.02630299989624647
0.026955121064989738
0.026197635437656238
0.025886984433327032
0.029682678011054675
0.0514636415457265
0.029545622828789437
0.03327073192613428
0.02837149904933872
0.027881633058827886
0.02500129491946123
0.024356629601171707
0.02113534024994781
0.02195789479653778
0.02630299989624647
0.027409844733879613
0.03996492121330618
0.030535111398351626
0.027881633058827886
0.03159997723746822
0.030389339864202728
0.03555138433531873
0.0266247103846635
0.028623550290337474
0.02202959795821284
0.025096439383774125
0.03024507974413329
0.04579181003251753
0.02578520811449912
0.03274951374622888
0.037732825197330094
0.0270672546627206
0.036390036190637416
0.03534828493127263
0.024179019652698305
0.049689984363176266
0.026409292026871662
0.03274951374622888
0.038938014010502425
0.02262209146211194
0.03309498632495023
0.028751418160645276
0.029960997642428943
0.024813341303175526
0.022321573871113286
0.028751418160645276
0.048045770436503536
0.024446503990372303
0.02684399507966769
0.02374707121800522
0.027526153780250164
0.036390036190637416
0.022546140207150518
0.02333156202625709
0.024267471084551746
0.023413395344882838
0.04105322357584273
0.02764354435814016
0.02113534024994781
0.038938014010502425
0.024446503990372303
0.02383211405067649
0.02776203212783326
0.030682419038342866
0.040501046551792624
0.028880539062587918
0.028496916708245824
0.028496916708245824
0.030981744171857836
0.03381044801314499
0.022546140207150518
0.03555138433531873
0.020019315239869637
0.029545622828789437
0.023578949660893116
0.03844592925760787
0.029545622828789437
0.022321573871113286
0.025096439383774125
0.02308974967793871
0.02188669670758315
0.023250348106491955
0.029545622828789437
0.043123673080664365
0.03191933217128193
0.028247279317368652
0.02837149904933872
0.030389339864202728
0.028247279317368652
0.025192375657379584
0.02837149904933872
0.03418104511492285
0.03555138433531873
0.022321573871113286
0.029960997642428943
0.02500129491946123
0.04343840631693651
0.03224582823584055
0.024446503990372303
0.02374707121800522
0.024906932192316943
0.026733862751133798
0.030981744171857836
0.043123673080664365
0.023917822153984317
0.024446503990372303
0.02764354435814016
0.02195789479653778
0.03727329711897993
0.02982112889719381
0.027294601860431752
0.032579716175803464
0.027526153780250164
0.029682678011054675
0.0461512051684126
0.036176330336971506
0.036176330336971506
0.025192375657379584
0.03344853224543283
0.030389339864202728
0.02776203212783326
0.02224779393735769
0.022321573871113286
0.037048099456225406
0.02630299989624647
0.030831288026606955
0.052404085838276555
0.02800236343759331
0.025485038730838412
0.03344853224543283
0.026955121064989738
0.025584246558456786
0.02472051252209404
0.025096439383774125
0.02776203212783326
0.028247279317368652
0.026733862751133798
0.024004203617174345
0.02262209146211194
0.020685616480797038
0.02568429928829236
0.04023102304858862
0.025485038730838412
0.026516524540295378
0.026733862751133798
0.0294099416623513
0.022546140207150518
0.02308974967793871
0.02049916459002398
0.026197635437656238
0.02472051252209404
0.027180410095689417
0.040501046551792624
0.026409292026871662
0.026093186172247096
0.030981744171857836
0.02684399507966769
0.02764354435814016
0.02500129491946123
0.025289113989195398
0.026409292026871662
0.026516524540295378
0.03555138433531873
0.024179019652698305
0.031287524097080965
0.023917822153984317
0.026093186172247096
0.02982112889719381
0.028880539062587918
0.03996492121330618
0.02776203212783326
0.03844592925760787
0.022101811756527135
0.03159997723746822
0.032579716175803464
0.024179019652698305
0.03191933217128193
0.031758777281152895
0.028623550290337474
0.03475393915787413
0.025584246558456786
0.025096439383774125
0.03224582823584055
0.03113381386524744
0.02333156202625709
0.036606528197301716
0.030682419038342866
0.0270672546627206
0.022174541838804202
0.05100723147422886
0.03327073192613428
0.026733862751133798
0.03224582823584055
0.025584246558456786
0.03191933217128193
0.030102306881950015
0.026955121064989738
0.026955121064989738
0.042813910921021214
0.027526153780250164
0.037048099456225406
0.03191933217128193
0.022321573871113286
0.027409844733879613
0.022698601005539457
0.04474961875151465
0.02800236343759331
0.034369700839367835
0.04077508226039029
0.024356629601171707
0.020811977542744886
0.025584246558456786
0.027526153780250164
0.03869025525561182
0.025386664808872098
0.02202959795821284
0.029960997642428943
0.029682678011054675
0.024356629601171707
0.03796728440907556
0.026516524540295378
0.02472051252209404
0.03024507974413329
0.026955121064989738
0.03344853224543283
0.031287524097080965
0.022395887547268203
0.03534828493127263
0.03475393915787413
0.025584246558456786
0.02472051252209404
0.030102306881950015
0.02500129491946123
0.028496916708245824
0.024813341303175526
0.026516524540295378
0.04926738579514408
0.04191326060526102
0.023250348106491955
0.029142616886745815
0.02837149904933872
0.026516524540295378
0.029545622828789437
0.023917822153984317
0.022546140207150518
0.02776203212783326
0.03750151787077809
0.038938014010502425
0.030535111398351626
0.027180410095689417
0.022931543612309587
0.019452645921291326
0.03327073192613428
0.032579716175803464
0.03494961007225287
0.055468691578150396
0.03750151787077809
0.023578949660893116
0.020437821329880545
0.027294601860431752
0.02195789479653778
0.025989639847754056
0.04162221165230921
0.03555138433531873
0.02837149904933872
0.025192375657379584
0.028751418160645276
0.02308974967793871
0.027294601860431752
0.042508998840496345
0.026409292026871662
0.025096439383774125
0.02630299989624647
0.026955121064989738
0.02684399507966769
0.036825863157525646
0.022174541838804202
0.020437821329880545
0.02049916459002398
0.022931543612309587
0.022101811756527135
0.02094002614423542
0.03224582823584055
0.028496916708245824
0.02800236343759331
0.022395887547268203
0.02630299989624647
0.0270672546627206
0.03381044801314499
0.029545622828789437
0.028496916708245824
0.04191326060526102
0.03869025525561182
0.026197635437656238
0.02333156202625709
0.022931543612309587
0.018868078222462777
0.027294601860431752
0.036176330336971506
0.028496916708245824
0.025584246558456786
0.03327073192613428
0.02224779393735769
0.027409844733879613
0.026409292026871662
0.03241183208556608
0.030535111398351626
0.03344853224543283
0.027881633058827886
0.0214698132471642
0.02195789479653778
0.026516524540295378
0.028124239875562295
0.022698601005539457
0.02188669670758315
0.022174541838804202
0.03750151787077809
0.02837149904933872
0.029142616886745815
0.020376875022417893
0.024446503990372303
0.05055965921719399
0.030102306881950015
0.026409292026871662
0.024356629601171707
0.022101811756527135
0.0266247103846635
0.030102306881950015
0.018919645051355526
0.024004203617174345
0.04844549884681426
0.03274951374622888
0.02630299989624647
0.028496916708245824
0.03113381386524744
0.030389339864202728
0.03024507974413329
0.029682678011054675
0.03475393915787413
0.02982112889719381
0.025289113989195398
0.03596535536611098
0.026093186172247096
0.02837149904933872
0.03534828493127263
0.026093186172247096
0.021745793899919853
0.025289113989195398
0.027294601860431752
0.03534828493127263
0.026093186172247096
0.01907619556741204
0.04579181003251753
0.029142616886745815
0.021606846633936253
0.02500129491946123
0.02764354435814016
0.029960997642428943
0.018868078222462777
0.01996103971081698
0.025485038730838412
0.034560650989031765
0.028496916708245824
0.02568429928829236
0.026516524540295378
0.019903130916438912
0.039702653262258324
0.02684399507966769
0.037732825197330094
0.02007796110654133
0.02383211405067649
0.030535111398351626
0.02349585540330043
0.02195789479653778
0.025096439383774125
0.025289113989195398
0.02901093212787827
0.030389339864202728
0.02901093212787827
0.02113534024994781
0.028880539062587918
0.02374707121800522
0.0270672546627206
0.028247279317368652
0.03514770962837774
0.02188669670758315
0.031287524097080965
0.022395887547268203
0.03918928102117916
0.01928935408245444
0.02195789479653778
0.0294099416623513
0.025886984433327032
0.022698601005539457
0.02202959795821284
0.03381044801314499
0.02333156202625709
0.02568429928829236
0.030535111398351626
0.026409292026871662
0.037732825197330094
0.022853320556211063
0.02308974967793871
0.024813341303175526
0.03575705748645429
0.025386664808872098
0.021538093262401307
0.024356629601171707
0.02188669670758315
0.030535111398351626
0.030981744171857836
0.021745793899919853
0.031287524097080965
0.024356629601171707
0.029142616886745815
0.027526153780250164
0.030535111398351626
0.024179019652698305
0.027526153780250164
0.026733862751133798
0.03191933217128193
0.039702653262258324
0.028124239875562295
0.02472051252209404
0.03381044801314499
0.028124239875562295
0.03399464131812323
0.02982112889719381
0.03292125883930476
0.02374707121800522
0.022395887547268203
0.038938014010502425
0.02901093212787827
0.02094002614423542
0.027294601860431752
0.02366268569792084
0.02837149904933872
0.029682678011054675
0.025096439383774125
0.021606846633936253
0.025584246558456786
0.022470740962989233
0.02374707121800522
0.023578949660893116
0.026516524540295378
0.04133556687918578
0.06089542681487593
0.026409292026871662
0.025192375657379584
0.02316974636074208
0.020437821329880545
0.036606528197301716
0.024356629601171707
0.03144290247411582
0.025096439383774125
0.036176330336971506
0.029545622828789437
0.023413395344882838
0.024813341303175526
0.042508998840496345
0.060234734070648666
0.03555138433531873
0.02349585540330043
0.02113534024994781
0.02776203212783326
0.022775675212268406
0.029142616886745815
0.04651687056553627
0.026093186172247096
0.03844592925760787
0.027409844733879613
0.03274951374622888
0.029682678011054675
0.02837149904933872
0.034560650989031765
0.02630299989624647
0.03309498632495023
0.03362842479259232
0.0214698132471642
0.039702653262258324
0.03144290247411582
0.036606528197301716
0.03274951374622888
0.02366268569792084
0.02333156202625709
0.03144290247411582
0.027294601860431752
0.028623550290337474
0.03144290247411582
0.029960997642428943
0.031758777281152895
0.02062305807053294
0.028880539062587918
0.02500129491946123
0.05288870543440853
0.02578520811449912
0.03144290247411582
0.0270672546627206
0.02630299989624647
0.024446503990372303
0.03362842479259232
0.027409844733879613
0.03534828493127263
0.03996492121330618
0.027526153780250164
0.03113381386524744
0.03534828493127263
0.0294099416623513
0.030102306881950015
0.026197635437656238
0.028880539062587918
0.030389339864202728
0.03362842479259232
0.032081672165950835
0.028623550290337474
0.02901093212787827
0.04133556687918578
0.03292125883930476
0.02982112889719381
0.027409844733879613
0.024356629601171707
0.03796728440907556
0.028247279317368652
0.029545622828789437
0.024446503990372303
0.022546140207150518
0.0294099416623513
0.02094002614423542
0.0270672546627206
0.025096439383774125
0.03844592925760787
0.028623550290337474
0.029275613278486354
0.02349585540330043
0.03362842479259232
0.030102306881950015
0.02901093212787827
0.02578520811449912
0.025989639847754056
0.028751418160645276
0.023250348106491955
0.03534828493127263
0.03362842479259232
0.028880539062587918
0.024004203617174345
0.022174541838804202
0.028496916708245824
0.03475393915787413
0.025096439383774125
0.02188669670758315
0.026093186172247096
0.02316974636074208
0.03191933217128193
0.04077508226039029
0.024004203617174345
0.024906932192316943
0.024906932192316943
0.027180410095689417
0.0266247103846635
0.03191933217128193
0.024179019652698305
0.03292125883930476
0.02308974967793871
0.02500129491946123
0.02188669670758315
0.039702653262258324
0.023413395344882838
0.0294099416623513
0.030389339864202728
0.027180410095689417
0.025192375657379584
0.03494961007225287
0.027409844733879613
0.03596535536611098
0.024356629601171707
0.025485038730838412
0.01984558530112229
0.03918928102117916
0.02500129491946123
0.04343840631693651
0.028496916708245824
0.01871518871760522
0.02568429928829236
0.028880539062587918
0.028247279317368652
0.0266247103846635
0.026409292026871662
0.029960997642428943
0.02837149904933872
0.04105322357584273
0.02262209146211194
0.025386664808872098
0.028623550290337474
0.03191933217128193
0.042813910921021214
0.03750151787077809
0.03159997723746822
0.018515461007029787
0.024179019652698305
0.030389339864202728
0.02224779393735769
0.03796728440907556
0.02764354435814016
0.024446503990372303
0.0214698132471642
0.024813341303175526
0.02383211405067649
0.03113381386524744
0.032579716175803464
0.030831288026606955
0.04133556687918578
0.022775675212268406
0.025096439383774125
0.025584246558456786
0.030981744171857836
0.028247279317368652
0.02901093212787827
0.02568429928829236
0.026409292026871662
0.029275613278486354
0.025886984433327032
0.026733862751133798
0.024267471084551746
0.03381044801314499
0.026516524540295378
0.026093186172247096
0.03381044801314499
0.03494961007225287
0.02901093212787827
0.029142616886745815
0.02568429928829236
0.03309498632495023
0.024446503990372303
0.026516524540295378
0.034560650989031765
0.03514770962837774
0.03159997723746822
0.02383211405067649
0.03381044801314499
0.02316974636074208
0.03555138433531873
0.021402001566625743
0.02262209146211194
0.036390036190637416
0.02181599820928514
0.030389339864202728
0.020875788729857608
0.030981744171857836
0.02684399507966769
0.030981744171857836
0.028496916708245824
0.04509117377807158
0.03309498632495023
0.027881633058827886
0.025989639847754056
0.03869025525561182
0.032579716175803464
0.025989639847754056
0.03996492121330618
0.037048099456225406
0.025485038730838412
0.029960997642428943
0.037048099456225406
0.02776203212783326
0.03534828493127263
0.03494961007225287
0.03191933217128193
0.03241183208556608
0.020875788729857608
0.022395887547268203
0.03327073192613428
0.02262209146211194
0.028247279317368652
0.021402001566625743
0.022395887547268203
0.03274951374622888
0.02383211405067649
0.030981744171857836
0.022698601005539457
0.026197635437656238
0.034369700839367835
0.04543851949244741
0.02776203212783326
0.02333156202625709
0.01745087385278288
0.03869025525561182
0.02800236343759331
0.03381044801314499
0.036606528197301716
0.03191933217128193
0.02062305807053294
0.02374707121800522
0.024446503990372303
0.025096439383774125
0.029275613278486354
0.037732825197330094
0.022931543612309587
0.02684399507966769
0.029682678011054675
0.02500129491946123
0.03241183208556608
0.020437821329880545
0.03555138433531873
0.03381044801314499
0.024356629601171707
0.03996492121330618
0.025989639847754056
0.024813341303175526
0.03144290247411582
0.029275613278486354
0.02195789479653778
0.025289113989195398
0.029142616886745815
0.029142616886745815
0.0266247103846635
0.02316974636074208
0.022470740962989233
0.03309498632495023
0.03362842479259232
0.025886984433327032
0.02800236343759331
0.03191933217128193
0.03475393915787413
0.02049916459002398
0.03159997723746822
0.02764354435814016
0.03144290247411582
0.04105322357584273
0.042208819809931616
0.030682419038342866
0.025096439383774125
0.026093186172247096
0.031287524097080965
0.025096439383774125
0.02764354435814016
0.021267763481594523
0.0214698132471642
0.028124239875562295
0.036390036190637416
0.025989639847754056
0.02316974636074208
0.027409844733879613
0.04105322357584273
0.03475393915787413
0.02374707121800522
0.025485038730838412
0.030831288026606955
0.02308974967793871
0.022931543612309587
0.02764354435814016
0.04105322357584273
0.03191933217128193
0.026409292026871662
0.020136980961906234
0.029682678011054675
0.03399464131812323
0.027409844733879613
0.026733862751133798
0.058344433966706896
0.026409292026871662
0.02837149904933872
0.024446503990372303
0.02837149904933872
0.0294099416623513
0.026093186172247096
0.025192375657379584
0.030831288026606955
0.021402001566625743
0.02007796110654133
0.020376875022417893
0.029960997642428943
0.030682419038342866
0.029275613278486354
0.027526153780250164
0.02094002614423542
0.027294601860431752
0.030535111398351626
0.03750151787077809
0.030981744171857836
0.03191933217128193
0.036606528197301716
0.024628436284713978
0.02374707121800522
0.02901093212787827
0.026955121064989738
0.02007796110654133
0.024906932192316943
0.024446503990372303
0.05012066118352055
0.04844549884681426
0.028880539062587918
0.037048099456225406
0.028880539062587918
0.02316974636074208
0.036176330336971506
0.02333156202625709
0.028880539062587918
0.030535111398351626
0.04844549884681426
0.02982112889719381
0.024537103188717057
0.030535111398351626
0.03224582823584055
0.022174541838804202
0.029142616886745815
0.03144290247411582
0.023010351058535758
0.027294601860431752
0.03344853224543283
0.029545622828789437
0.027526153780250164
0.03144290247411582
0.02982112889719381
0.024628436284713978
0.04105322357584273
0.02764354435814016
0.021069797391629053
0.030389339864202728
0.03274951374622888
0.03292125883930476
0.0266247103846635
0.04105322357584273
0.03869025525561182
0.01856495889151842
0.029960997642428943
0.023413395344882838
0.026516524540295378
0.039444134060429646
0.04343840631693651
0.03344853224543283
0.02409126666343238
0.03327073192613428
0.025584246558456786
0.03344853224543283
0.03113381386524744
0.03555138433531873
0.024446503990372303
0.029960997642428943
0.024906932192316943
0.039702653262258324
0.0266247103846635
0.03418104511492285
0.04023102304858862
0.03514770962837774
0.023413395344882838
0.03024507974413329
0.032081672165950835
0.03344853224543283
0.03514770962837774
0.04105322357584273
0.040501046551792624
0.032081672165950835
0.02409126666343238
0.025485038730838412
0.027294601860431752
0.02500129491946123
0.02764354435814016
0.029960997642428943
0.0266247103846635
0.02062305807053294
0.022101811756527135
0.030682419038342866
0.026093186172247096
0.02167607845662195
0.027409844733879613
0.0266247103846635
0.026197635437656238
0.02383211405067649
0.038938014010502425
0.025989639847754056
0.03918928102117916
0.03024507974413329
0.032579716175803464
0.030831288026606955
0.024813341303175526
0.03555138433531873
0.02195789479653778
0.028247279317368652
0.03418104511492285
0.038938014010502425
0.032579716175803464
0.029682678011054675
0.027526153780250164
0.03494961007225287
0.028880539062587918
0.03292125883930476
0.029142616886745815
0.02568429928829236
0.03399464131812323
0.03381044801314499
0.028880539062587918
0.03575705748645429
0.025289113989195398
0.032081672165950835
0.03869025525561182
0.024906932192316943
0.025584246558456786
0.029545622828789437
0.027526153780250164
0.02383211405067649
0.025886984433327032
0.036825863157525646
0.03362842479259232
0.027294601860431752
0.030535111398351626
0.023413395344882838
0.030535111398351626
0.04105322357584273
0.024004203617174345
0.025584246558456786
0.03514770962837774
0.03796728440907556
0.028751418160645276
0.022470740962989233
0.02800236343759331
0.04133556687918578
0.02578520811449912
0.02409126666343238
0.036390036190637416
0.028496916708245824
0.030682419038342866
0.016626903436639588
0.028880539062587918
0.027294601860431752
0.03327073192613428
0.029545622828789437
0.02374707121800522
0.028496916708245824
0.02982112889719381
0.0461512051684126
0.024356629601171707
0.03144290247411582
0.020875788729857608
0.02262209146211194
0.028623550290337474
0.026197635437656238
0.039702653262258324
0.025289113989195398
0.02409126666343238
0.03494961007225287
0.025289113989195398
0.03241183208556608
0.03309498632495023
0.028880539062587918
0.028247279317368652
0.04343840631693651
0.03241183208556608
0.042813910921021214
0.03113381386524744
0.02800236343759331
0.03494961007225287
0.03144290247411582
0.02568429928829236
0.030389339864202728
0.029275613278486354
0.026197635437656238
0.031758777281152895
0.03750151787077809
0.030981744171857836
0.031287524097080965
0.023010351058535758
0.0270672546627206
0.0294099416623513
0.03241183208556608
0.030981744171857836
0.02472051252209404
0.031287524097080965
0.017407576442590018
0.02383211405067649
0.026955121064989738
0.0266247103846635
0.02500129491946123
0.028496916708245824
0.03344853224543283
0.0266247103846635
0.05055965921719399
0.025584246558456786
0.031758777281152895
0.023010351058535758
0.025096439383774125
0.0461512051684126
0.025886984433327032
0.03555138433531873
0.02764354435814016
0.02349585540330043
0.03159997723746822
0.024446503990372303
0.02472051252209404
0.03575705748645429
0.02901093212787827
0.036176330336971506
0.027409844733879613
0.04579181003251753
0.034560650989031765
0.029545622828789437
0.022470740962989233
0.025886984433327032
0.03514770962837774
0.02776203212783326
0.026955121064989738
0.031758777281152895
0.019731569617198418
0.03996492121330618
0.04651687056553627
0.03113381386524744
0.029682678011054675
0.0270672546627206
0.023010351058535758
0.03494961007225287
0.039444134060429646
0.03514770962837774
0.02202959795821284
0.025096439383774125
0.026409292026871662
0.04441370565821016
0.029275613278486354
0.028124239875562295
0.02800236343759331
0.02113534024994781
0.03024507974413329
0.028880539062587918
0.025989639847754056
0.02500129491946123
0.0294099416623513
0.03292125883930476
0.025096439383774125
0.026409292026871662
0.03113381386524744
0.026955121064989738
0.02409126666343238
0.02901093212787827
0.04441370565821016
0.036390036190637416
0.029682678011054675
0.0461512051684126
0.03796728440907556
0.029682678011054675
0.028751418160645276
0.03996492121330618
0.025192375657379584
0.02500129491946123
0.027294601860431752
0.03274951374622888
0.02764354435814016
0.030389339864202728
0.02383211405067649
0.02409126666343238
0.02901093212787827
0.03241183208556608
0.030831288026606955
0.03224582823584055
0.02837149904933872
0.025584246558456786
0.02195789479653778
0.027881633058827886
0.042813910921021214
0.02181599820928514
0.03292125883930476
0.024179019652698305
0.024267471084551746
0.024004203617174345
0.03494961007225287
0.05440394132425004
0.029275613278486354
0.029275613278486354
0.03750151787077809
0.03575705748645429
