57
43
187
44
67
122
81
34
35
74
85
62
57
80
95
99
108
72
50
70
98
135
143
78
63
105
63
67
106
68
139
109
95
97
140
94
57
61
65
70
120
159
100
116
61
175
104
65
58
72
98
111
74
100
99
139
105
64
54
71
100
64
58
44
103
80
150
147
111
142
54
77
91
111
131
86
119
102
76
113
106
114
124
56
44
81
87
74
71
125
55
32
74
80
102
46
105
164
108
50
103
81
88
32
63
70
65
74
94
106
69
69
76
116
91
103
61
43
112
72
42
99
45
81
108
116
82
54
86
104
79
80
57
76
91
116
84
66
117
146
99
50
113
84
85
113
52
71
43
46
46
91
96
75
48
70
53
61
73
105
45
83
83
81
131
54
125
110
104
47
95
43
87
57
68
103
43
113
79
70
70
52
41
42
60
90
33
92
164
38
59
77
100
89
26
92
118
88
54
88
72
117
44
46
123
75
69
65
65
53
81
71
86
88
41
66
79
68
73
45
74
34
64
90
102
66
70
60
52
79
65
77
114
62
101
108
68
117
102
31
128
132
40
44
60
101
66
75
40
38
47
124
86
92
57
73
79
60
87
99
100
68
70
82
133
121
41
21
36
73
102
111
97
67
71
119
101
97
86
45
79
77
43
64
65
90
112
48
94
47
79
100
25
70
42
83
84
76
33
87
44
52
46
85
80
70
119
112
72
133
53
52
45
129
120
102
64
79
105
40
77
97
92
75
50
129
51
94
80
111
87
79
121
53
75
96
91
49
86
53
119
66
104
35
71
130
90
76
67
79
65
112
108
70
106
69
63
78
79
136
65
72
143
104
90
59
80
149
40
59
71
38
103
41
47
39
93
107
82
55
85
113
79
43
64
107
78
43
53
115
126
50
55
102
78
88
78
90
90
52
124
73
90
60
121
88
52
100
62
61
110
70
80
48
79
61
77
105
92
101
53
63
62
65
30
88
66
116
95
103
127
52
68
74
33
88
52
91
64
72
109
86
111
120
59
96
103
52
93
125
67
76
44
109
79
120
148
43
93
76
132
90
99
86
30
109
136
105
90
68
154
72
70
62
93
79
101
66
69
126
69
41
38
102
58
114
118
123
54
101
49
91
44
56
53
63
107
42
79
97
146
69
50
64
97
110
76
80
115
84
82
36
71
104
65
90
84
99
97
100
72
53
94
112
116
78
51
69
59
114
70
91
106
118
85
121
84
68
87
110
69
117
86
52
86
123
65
92
106
88
169
82
101
132
118
80
103
128
76
86
61
90
117
38
99
93
67
160
69
53
83
114
106
56
107
43
78
76
68
53
87
85
113
94
82
137
83
133
78
136
59
91
146
53
86
130
73
129
79
82
71
90
130
89
69
78
68
99
56
93
82
36
84
131
68
85
130
73
133
61
104
131
99
152
91
129
67
91
104
90
137
87
49
43
84
156
113
100
83
139
119
75
67
86
76
53
96
105
57
102
71
54
104
120
105
53
87
154
66
49
82
39
110
77
68
83
80
76
116
64
96
55
65
93
118
91
80
59
104
142
80
114
70
113
107
71
70
80
101
82
96
132
87
78
101
64
96
37
120
85
101
118
119
81
94
143
83
119
86
79
60
100
85
55
109
87
61
104
114
127
71
115
83
72
72
101
97
40
84
73
111
147
66
90
40
98
102
98
91
115
83
126
77
64
108
117
94
111
162
133
116
83
110
112
88
93
158
70
100
117
127
78
66
103
107
77
72
140
79
72
87
81
61
64
72
92
63
68
102
114
75
108
102
70
85
101
97
115
132
88
76
59
44
42
131
117
126
99
67
86
130
117
77
112
71
75
76
68
53
68
124
132
120
78
74
140
71
96
66
80
74
94
92
123
75
106
39
78
83
127
126
123
101
89
100
76
57
90
112
112
119
110
81
112
54
73
99
125
106
80
91
101
97
85
114
110
108
51
132
85
104
86
86
115
56
106
141
84
57
81
103
85
50
76
108
133
109
119
97
75
105
84
117
97
120
103
47
100
62
94
93
138
149
96
70
126
70
69
67
90
96
71
107
74
132
119
43
61
68
113
113
51
94
81
181
105
83
89
60
64
129
95
46
99
54
88
96
73
76
100
133
63
97
41
105
100
65
58
67
92
88
132
31
115
56
103
74
59
56
80
33
86
118
104
122
74
175
39
53
181
117
114
86
110
79
91
25
127
86
56
49
80
71
49
43
161
144
86
97
61
102
92
69
103
72
105
61
80
148
70
107
71
99
99
64
107
54
58
117
159
59
60
113
141
66
67
124
123
94
45
75
157
139
104
106
103
91
74
64
99
133
55
110
109
98
60
111
115
61
121
62
128
90
96
127
124
89
122
72
74
124
163
93
114
182
34
99
68
144
99
92
139
97
100
84
78
34
109
105
126
73
36
101
95
80
116
67
88
77
84
109
57
139
174
123
94
30
71
34
101
149
116
144
53
75
141
80
16
62
63
71
144
145
28
48
123
49
117
103
122
70
131
79
26
118
83
163
80
49
74
73
105
47
195
147
105
48
82
60
67
70
46
62
114
80
61
80
127
125
120
92
125
97
195
108
73
96
132
67
81
96
149
110
101
75
129
106
144
73
106
95
68
64
74
104
150
68
178
117
101
109
121
76
95
136
103
136
75
113
140
36
64
143
114
98
84
64
53
57
23
78
84
100
87
53
80
120
80
135
108
89
62
42
99
106
114
74
73
65
36
63
52
72
211
96
55
84
71
141
61
85
53
56
104
96
93
92
91
55
80
65
63
121
65
72
113
70
126
42
75
75
111
110
67
61
36
67
40
66
51
72
36
59
64
84
86
92
143
27
84
57
85
42
111
87
52
28
66
75
106
93
106
109
86
92
30
64
83
96
38
41
95
95
85
57
41
20
125
71
34
100
45
71
48
55
89
42
92
58
57
117
50
105
59
33
119
58
88
87
51
62
29
70
14
86
44
78
67
61
49
71
63
101
102
104
36
102
69
80
67
99
82
71
83
122
63
50
33
65
61
32
56
116
54
34
96
63
63
67
58
64
66
89
91
50
65
74
125
69
47
46
39
45
76
119
84
77
107
42
70
59
47
91
74
81
54
30
83
31
51
83
65
101
113
92
120
165
83
99
45
77
27
58
55
85
91
70
145
90
100
89
48
105
68
27
100
49
115
79
74
43
59
35
130
121
75
56
64
116
97
113
62
70
65
66
50
25
54
48
74
22
92
76
121
115
88
98
93
81
66
56
87
113
107
67
88
86
43
126
85
70
94
96
62
76
58
108
99
78
82
73
94
70
75
95
106
132
73
47
59
113
52
82
136
74
78
92
107
38
65
64
65
133
67
48
85
108
99
103
118
60
122
73
83
122
60
74
100
55
78
44
112
90
95
51
62
119
30
49
33
50
80
36
40
53
101
64
71
61
54
46
127
33
66
95
57
70
92
105
86
77
69
102
59
58
103
84
129
71
48
83
50
130
64
96
87
44
104
83
106
56
74
93
134
103
53
115
86
75
76
117
62
81
67
67
155
126
79
83
42
52
103
72
101
116
89
56
64
71
62
151
63
153
94
63
92
121
100
87
90
89
73
54
41
91
63
141
72
72
37
61
99
48
89
121
51
54
98
71
70
71
96
70
132
106
69
108
96
76
104
77
122
90
72
88
81
120
82
77
143
87
102
90
57
78
57
69
54
79
52
164
90
56
71
89
92
68
87
70
82
82
88
68
42
33
102
87
120
95
117
90
52
66
98
90
111
159
73
78
48
73
80
75
70
100
76
79
66
102
56
89
54
76
134
91
55
38
94
43
123
86
70
64
60
139
58
75
58
61
67
78
66
32
85
98
83
58
74
29
94
80
56
57
127
82
119
75
108
44
113
120
117
62
82
105
73
43
44
48
50
82
45
63
35
57
89
39
18
70
86
38
83
51
82
77
122
46
56
65
117
103
99
59
65
62
113
94
98
44
67
104
60
126
63
57
43
113
72
96
108
75
49
45
69
56
81
58
49
42
53
37
89
85
75
78
89
40
61
124
43
96
104
54
45
61
47
32
78
93
89
97
35
157
54
44
115
84
59
98
75
50
90
79
69
157
91
70
48
102
45
80
117
125
144
35
89
152
124
71
46
79
83
73
86
89
83
88
117
43
135
105
110
95
149
52
89
125
76
118
95
71
104
77
75
93
71
92
62
93
127
60
73
121
133
122
109
92
116
99
80
73
111
116
84
167
48
137
107
127
52
66
99
92
100
131
105
100
89
103
75
93
102
55
49
32
108
122
81
66
123
100
54
22
47
52
94
104
61
64
90
138
101
75
110
63
98
57
60
155
68
149
95
110
132
69
87
77
56
102
148
72
116
137
66
108
62
70
85
54
76
99
66
140
116
63
70
62
78
71
116
84
83
88
78
154
77
68
81
138
74
88
73
95
57
61
115
46
132
141
111
45
92
52
156
125
56
109
52
40
64
108
114
75
80
117
37
52
84
93
100
54
65
58
90
93
86
44
126
93
121
111
100
67
108
108
95
125
69
60
136
134
90
140
73
76
102
54
69
107
76
148
55
136
68
121
67
152
119
72
61
96
35
78
193
142
85
64
125
24
130
104
67
124
75
66
35
32
66
46
34
49
87
138
85
140
57
135
133
147
86
37
89
102
95
86
91
148
77
56
49
147
162
66
87
102
110
99
76
64
64
149
40
113
59
97
51
122
91
91
74
50
86
59
123
34
54
71
80
85
84
126
41
75
82
87
114
93
78
50
103
88
102
147
120
124
98
82
93
71
109
76
143
128
96
81
150
99
51
58
90
107
96
117
89
108
76
78
97
118
135
126
70
81
58
70
106
71
146
104
93
109
76
89
134
62
117
51
73
56
71
124
66
145
96
103
62
102
113
110
97
91
65
90
86
53
87
96
54
63
96
151
81
47
92
51
112
64
74
69
64
170
89
85
95
21
43
84
75
122
72
59
76
59
57
118
73
68
76
67
94
58
117
112
118
57
127
82
168
69
132
97
114
119
48
67
60
115
69
78
57
119
66
66
116
66
128
145
49
110
112
87
85
127
53
123
75
104
43
119
34
65
84
73
84
45
54
100
96
84
113
82
133
168
131
70
33
92
65
67
88
100
89
60
46
104
38
60
112
86
64
73
86
140
88
55
45
94
62
79
138
101
63
160
48
60
123
127
116
66
71
93
94
60
75
53
42
37
83
37
61
48
32
113
37
83
83
36
64
116
31
72
37
126
68
59
85
87
95
57
70
60
55
52
41
59
119
136
73
69
41
63
93
77
64
46
47
61
59
75
41
108
78
53
112
119
41
57
47
100
71
79
44
73
75
72
34
77
39
61
78
62
86
72
32
92
76
48
66
41
71
88
79
53
82
30
60
119
77
38
85
67
86
30
84
98
63
65
70
69
65
93
115
67
77
26
40
88
70
59
52
83
63
53
50
89
57
55
74
100
92
66
63
82
40
42
84
68
62
59
127
74
123
92
59
73
118
101
90
57
61
81
76
62
62
73
64
81
74
28
72
61
118
66
135
28
102
42
45
105
44
71
69
85
117
95
110
108
58
81
102
90
80
94
68
87
100
57
90
123
78
73
94
76
20
93
58
60
89
62
73
27
63
82
95
115
56
65
72
119
71
52
112
69
97
82
99
86
92
43
83
86
53
46
69
89
51
56
44
40
83
63
57
97
55
57
143
93
111
78
75
41
61
73
69
51
80
79
90
63
44
76
121
38
73
54
90
72
47
36
61
49
71
36
26
64
46
77
42
43
57
104
32
78
26
87
42
92
70
84
28
60
68
30
140
65
73
104
75
33
34
79
80
133
53
48
73
53
58
67
92
150
25
65
85
55
18
125
23
93
134
29
70
80
62
62
103
52
78
121
144
98
91
84
33
33
78
92
65
65
124
41
74
114
105
88
84
87
88
87
45
55
101
131
113
90
100
58
75
51
49
56
107
153
63
81
86
113
70
85
41
111
36
100
97
136
100
97
66
86
106
113
138
76
38
119
23
126
93
63
128
92
35
86
94
97
105
86
99
68
47
132
103
143
116
51
90
54
91
141
73
47
77
105
72
31
122
96
67
82
34
67
134
108
59
149
121
110
92
111
28
126
110
111
95
79
55
49
82
145
41
82
62
60
127
98
52
53
82
130
105
87
107
75
75
63
95
82
56
105
85
94
106
134
53
37
44
79
80
72
114
61
48
64
87
67
60
58
60
54
91
100
94
133
73
76
59
74
57
30
65
110
67
55
42
82
47
36
58
130
31
80
37
105
122
94
45
160
119
53
72
88
41
57
133
62
36
141
83
102
76
50
50
53
51
72
74
83
50
110
31
58
48
119
17
54
78
78
81
102
66
25
53
65
55
29
56
52
84
38
74
101
49
62
48
29
66
113
113
99
64
37
51
77
72
93
43
52
52
63
60
35
55
58
71
68
91
128
62
57
57
42
