139
287
251
214
214
133
201
231
353
237
155
188
279
228
197
262
187
253
155
246
203
296
138
156
209
234
260
182
225
228
145
262
240
236
217
291
258
213
110
147
225
221
311
162
254
290
269
258
151
233
231
191
188
193
243
118
217
202
237
221
254
208
210
206
284
198
97
359
143
171
335
289
209
176
245
271
294
165
198
148
216
360
205
99
169
237
144
228
148
211
186
178
231
140
250
71
190
120
160
215
158
194
245
223
168
84
251
278
211
133
218
178
206
286
196
264
210
219
203
208
152
214
190
253
219
263
253
215
191
134
259
216
300
145
200
233
240
189
217
208
191
217
265
236
234
222
191
196
175
112
218
216
149
260
226
219
143
326
187
228
218
251
276
238
204
169
268
211
252
115
221
201
220
237
171
202
