0.60003797 0.61867378 0.5785818 0.56624729 0.59719736 0.55283095
 0.64297662 0.57174165 0.57799419 0.52753337
0.64297662 0.56265638 0.50995293 0.60003069 0.54550489 0.63140679
 0.58629536 0.54823345 0.55030929 0.59530427
0.64297662 0.55355446 0.54921839 0.54306912 0.57069951 0.55414262
 0.53989939 0.54125878 0.5505458  0.5652651 
0.64297662 0.57780804 0.51847721 0.5130326  0.54497213 0.58399625
 0.55016433 0.61493988 0.50773234 0.58602741
0.64297662 0.52591549 0.56437411 0.52147215 0.54898452 0.53147297
 0.57707987 0.62567772 0.6055129  0.61491222
0.64297662 0.58654473 0.55774307 0.522014   0.54626595 0.60949551
 0.55074128 0.57877016 0.54193351 0.5657021 
0.64297662 0.54280536 0.5808064  0.59919604 0.54560792 0.57769746
 0.65007714 0.56233133 0.61594481 0.52133938
0.65007714 0.58331631 0.55238492 0.59048223 0.51095781 0.56494352
 0.55779688 0.59418318 0.64443091 0.55480346
