0.5110384935485152
0.5697341860189993
0.5432585098349983
0.506690777920186
0.5826651737221883
0.538554933216404
0.5065533931404248
0.5668409275008693
0.5909598252863849
0.5065962182338344
0.5666747375638119
0.5989431253468824
0.5183306899189988
0.5471054680850193
0.5070763562537481
0.5071687832132203
0.5505318521197762
0.5592945370947106
0.5708862023604542
0.5384606249692623
0.5190037932430109
0.5152654450431697
0.5185165572747743
0.5916003978025858
0.5505280900862072
0.5073349784145909
0.5307158053820848
0.5350489643226773
0.5511151233359078
0.5265365834228665
0.5068167770718179
0.5825561248255241
0.5380967261991157
0.5751620959821455
0.5426077669693595
0.5471164310045706
0.5708825841582389
0.5551920403315813
0.5751477818691595
0.5509424808567525
0.5349106666821697
0.5825268081324385
0.5343374111683186
0.5592152644530299
0.5147363608933787
0.5265926903969157
