0.63417899 0.59339224 0.52865765 0.58974765 0.55504132 0.58697214
 0.622165   0.54615296 0.59832596 0.5379569  0.51781971 0.61753266
 0.58492865 0.52126045 0.62995528 0.58287208 0.56260668 0.54489717
 0.55897868 0.59310582 0.58274383 0.53385729 0.60939733 0.5770592
 0.55250807 0.59406034 0.55745028 0.52773215 0.55439381 0.62566257
0.63417899 0.55663818 0.61710496 0.57546776 0.5863479  0.58647146
 0.56230855 0.57078651 0.51733773 0.5893262  0.60580528 0.59852825
 0.57041299 0.54210471 0.60423465 0.52958652 0.56168727 0.57717595
 0.56628259 0.50990726 0.60980069 0.54188289 0.59268031 0.54487527
 0.57496643 0.57775732 0.52421065 0.55498069 0.63607007 0.53461751
0.63607007 0.52446953 0.55440701 0.52778121 0.61230906 0.56881799
 0.59712429 0.57339186 0.55853515 0.53559957 0.56890348 0.55843809
 0.58564521 0.55566876 0.59807109 0.55321819 0.5746256  0.55452749
 0.61821128 0.58825042 0.53884452 0.540683   0.57397029 0.61508793
 0.55351019 0.56603456 0.51797645 0.58269087 0.58979145 0.57996843
0.63607007 0.60178409 0.54210884 0.51694823 0.55736803 0.55280674
 0.55835284 0.57242444 0.54629294 0.59059932 0.55057724 0.55894818
 0.56863547 0.56025595 0.55662661 0.58291423 0.57935926 0.55900365
 0.56896756 0.53178333 0.57216142 0.61068744 0.61750748 0.56853343
 0.54433069 0.59827046 0.62460005 0.53772556 0.57755911 0.51666131
0.63607007 0.59007647 0.53445852 0.57702343 0.58580851 0.55227061
 0.54530007 0.60153139 0.54948313 0.59560122 0.57794578 0.58518949
 0.5567568  0.51252504 0.55669794 0.58289461 0.59367102 0.5320846
 0.57797947 0.57890381 0.61174662 0.57116679 0.5601795  0.53809321
 0.55461302 0.54264372 0.54529772 0.54846411 0.53028763 0.55735031
0.63607007 0.54202588 0.58651722 0.5661937  0.58717093 0.53347677
 0.62654225 0.56820893 0.53400811 0.53444889 0.54264516 0.54241266
 0.58172275 0.54995278 0.56837075 0.59516094 0.57292773 0.62989878
 0.60994696 0.51672929 0.54925232 0.5651426  0.53665179 0.62938116
 0.58087421 0.52985381 0.57839322 0.50944355 0.53702254 0.52832286
0.63607007 0.62968897 0.56962406 0.51238288 0.5859671  0.55460845
 0.57399568 0.53725278 0.5187011  0.57674194 0.52535732 0.57925792
 0.55386988 0.55289711 0.50979683 0.55038728 0.52955574 0.55678295
 0.56829781 0.61684477 0.50902025 0.60173646 0.51022399 0.50953123
 0.51440529 0.5822525  0.60182837 0.58238852 0.57815453 0.53688645
0.63607007 0.57856305 0.5578199  0.52792234 0.5954808  0.58549108
 0.53841501 0.51904905 0.56849203 0.63092887 0.5598581  0.57062527
 0.60527523 0.53877921 0.54093775 0.56479664 0.54900135 0.51692939
 0.54199275 0.54538457 0.54154207 0.59314908 0.57753684 0.59361435
 0.53723563 0.59730371 0.58942908 0.60150761 0.55283951 0.62152218
0.63607007 0.57437124 0.59296814 0.53170985 0.60618125 0.61791612
 0.58827678 0.55811394 0.58291771 0.5648882  0.5541793  0.51026064
 0.60983595 0.58857801 0.58087643 0.54503882 0.60093894 0.54997102
 0.56974501 0.60311312 0.50857523 0.53212851 0.58343724 0.53741799
 0.5769118  0.59446689 0.58024487 0.61424597 0.54481993 0.54175334
0.63607007 0.59947073 0.59364558 0.56707815 0.56641611 0.55132894
 0.56426592 0.60973144 0.59366303 0.5268057  0.55724301 0.63029148
 0.52932523 0.58341933 0.58295463 0.5767008  0.53344963 0.60987019
 0.54577101 0.5216508  0.54027531 0.53968602 0.5198772  0.55601775
 0.54105831 0.53711688 0.57084454 0.57672642 0.5663345  0.5572998 
0.63607007 0.56413678 0.5693732  0.59471095 0.55433354 0.57370984
 0.56998616 0.59671957 0.563262   0.54488972 0.5743643  0.57794159
 0.55433441 0.56507215 0.57999086 0.52056418 0.58303232 0.54746197
 0.59050868 0.54949039 0.60221104 0.60498671 0.62188318 0.54683921
 0.5960248  0.61471714 0.53778878 0.51805933 0.52538906 0.55441892
0.63607007 0.5894313  0.56634333 0.57263193 0.57799535 0.56322653
 0.52189606 0.56215832 0.6002669  0.57188145 0.54301863 0.56156728
 0.54877336 0.58580487 0.56914833 0.52876371 0.59572058 0.55028042
 0.5726299  0.557086   0.5499068  0.57978293 0.56468913 0.58527834
 0.58569901 0.60930309 0.59386628 0.54651063 0.59215124 0.54919347
0.63607007 0.60024079 0.55385612 0.58690046 0.57181914 0.55054979
 0.54809962 0.54078585 0.55188766 0.57406605 0.57416642 0.56941232
 0.59585832 0.60303973 0.51298783 0.57441014 0.61326908 0.59350549
 0.56459338 0.55384215 0.55306375 0.54177531 0.55742892 0.538111
 0.59912816 0.56011874 0.51121745 0.56153062 0.5287517  0.5711755 
0.63607007 0.56218797 0.55598281 0.57087563 0.55247557 0.54201594
 0.61778616 0.54235585 0.59502498 0.54529131 0.59800576 0.56117168
 0.56464229 0.56135924 0.53329798 0.58980183 0.57082998 0.57440112
 0.57544168 0.58841072 0.59820345 0.53782242 0.61789708 0.57574301
 0.5541817  0.55410033 0.57201349 0.58808736 0.57336598 0.56701453
0.63607007 0.52633333 0.57855326 0.57046047 0.5984867  0.54878359
 0.57781297 0.55003869 0.60036914 0.57445269 0.53919007 0.57836751
 0.58454438 0.56714071 0.53078898 0.57879425 0.53446036 0.61084011
 0.56295658 0.53487433 0.54673671 0.53783107 0.58246583 0.5878995
 0.57744366 0.58710312 0.60516968 0.57836421 0.59692034 0.54659825
0.63607007 0.59266068 0.58622647 0.56971489 0.55050674 0.58309046
 0.57865805 0.59469882 0.60310948 0.56939016 0.63019652 0.61928479
 0.54366523 0.54602686 0.58945064 0.53411416 0.55184125 0.54162555
 0.53797114 0.59592799 0.50957545 0.54676362 0.53061139 0.53377878
 0.55882989 0.57997437 0.57591517 0.54710766 0.56331766 0.56641689
0.63607007 0.58628388 0.61106618 0.58398963 0.54585623 0.53776301
 0.53387628 0.60499886 0.6314655  0.56104235 0.6067767  0.55434039
 0.58230645 0.5093029  0.571371   0.55092536 0.57358292 0.6177543
 0.54058875 0.61074527 0.55411834 0.53445129 0.54675138 0.6057999
 0.51848125 0.60965372 0.55820898 0.55524439 0.60771126 0.59539942
0.63607007 0.56189919 0.571749   0.59093654 0.5858814  0.53782055
 0.51475171 0.50893707 0.56128831 0.53315999 0.55930474 0.533162
 0.5431827  0.57266476 0.5837268  0.56970078 0.58275198 0.58192278
 0.56790837 0.55742014 0.54830413 0.59503462 0.55923688 0.58382188
 0.53763894 0.56402817 0.57531633 0.55562889 0.52413464 0.55888689
0.63607007 0.53420465 0.54933512 0.57005852 0.59778809 0.54607009
 0.52143834 0.57851787 0.53440341 0.59117344 0.59397141 0.5732883
 0.58242596 0.55643957 0.60082247 0.55634131 0.57663978 0.57865748
 0.54314455 0.56561617 0.57407138 0.56642246 0.60836825 0.53371777
 0.60937683 0.6098838  0.54361028 0.55325226 0.60296403 0.6053799 
0.63607007 0.58496247 0.5606433  0.53515057 0.58900886 0.58187074
 0.58215405 0.61279311 0.59277346 0.59505305 0.5957964  0.52882108
 0.55321192 0.53520296 0.63382098 0.59464293 0.5700411  0.50934893
 0.57101635 0.54223252 0.55233877 0.57503685 0.54683345 0.54100643
 0.54562911 0.56143456 0.51525531 0.54134865 0.57695426 0.53392495
0.63607007 0.58616945 0.60667642 0.5928322  0.60876779 0.51990026
 0.56656138 0.56706054 0.61201831 0.58043148 0.54919065 0.57253226
 0.5596518  0.60116148 0.56639169 0.5744381  0.56937829 0.55850173
 0.54235955 0.5923888  0.58979357 0.55884445 0.60156283 0.60464629
 0.55435163 0.54105834 0.6066691  0.61222752 0.56186768 0.59512026
0.63607007 0.51912045 0.60470611 0.60629523 0.6146698  0.58174628
 0.59112123 0.53720523 0.55397231 0.54682742 0.58239238 0.53398808
 0.62850068 0.51735859 0.55100079 0.57394216 0.58387704 0.54749817
 0.55866883 0.56813152 0.58225165 0.5872125  0.53504574 0.6029129
 0.59099031 0.58748111 0.56082475 0.57102251 0.55545807 0.59706604
0.63607007 0.57904858 0.60689322 0.57811936 0.58326179 0.55274049
 0.60328405 0.55256764 0.56574494 0.55416195 0.54545132 0.50966052
 0.58030729 0.58348954 0.60169079 0.55479875 0.57364654 0.55925176
 0.56160011 0.58306849 0.55545065 0.58606141 0.52427363 0.53075109
 0.58268253 0.52296755 0.56267967 0.51480136 0.54994972 0.52241626
0.63607007 0.5662478  0.52610718 0.53416156 0.5497353  0.51462428
 0.56747147 0.60544135 0.55699837 0.57096114 0.60190423 0.55170009
 0.52108363 0.54732277 0.54532342 0.53299093 0.55491254 0.50936237
 0.5301112  0.59169301 0.58672148 0.57794703 0.61020171 0.59135481
 0.61563685 0.58535996 0.56338576 0.58933665 0.58290861 0.61530306
0.63607007 0.58628736 0.56666137 0.54742905 0.56121611 0.61958898
 0.57869943 0.52309626 0.60132348 0.58553238 0.56737657 0.63118902
 0.62846824 0.57046399 0.5360247  0.54273697 0.5626673  0.55435528
 0.56320213 0.5897442  0.58720458 0.57166479 0.55500338 0.55848583
 0.55696423 0.60542719 0.53437701 0.52419212 0.54691713 0.54084732
0.63607007 0.53608217 0.60208109 0.62847236 0.5683247  0.57211519
 0.54144542 0.5586696  0.56543563 0.55511963 0.55222825 0.556964
 0.61578544 0.63290473 0.61086835 0.55697918 0.60419846 0.57782804
 0.56428252 0.54902515 0.50977616 0.56209279 0.58422423 0.586604
 0.52227342 0.5668453  0.53284149 0.58363419 0.58598953 0.58187463
0.63607007 0.59741327 0.58393746 0.51354832 0.54893171 0.58527739
 0.58368792 0.60926421 0.58098891 0.6358924  0.51778669 0.57070637
 0.5904311  0.61540633 0.57026494 0.56049202 0.60666815 0.53839658
 0.56649991 0.57020673 0.53941857 0.58157406 0.58910032 0.56618099
 0.55439171 0.54161024 0.57960088 0.63625893 0.64270496 0.51448797
0.64270496 0.6115264  0.58298238 0.58594932 0.60533862 0.52987514
 0.56141559 0.56490509 0.5618     0.62173762 0.55864582 0.53759599
 0.57629806 0.60655335 0.60107481 0.57361388 0.56666749 0.57269601
 0.57794246 0.57324785 0.59904441 0.54528479 0.63841973 0.54227035
 0.52816343 0.51342999 0.57819699 0.59093227 0.55594956 0.63576145
0.64270496 0.58838908 0.59955627 0.55447555 0.55418341 0.53501376
 0.56323459 0.53341333 0.5702719  0.57798984 0.5931045  0.63863995
 0.60342778 0.58216675 0.58203722 0.66076161 0.55163531 0.60219153
 0.56417451 0.58203903 0.56585594 0.58545602 0.55302797 0.56571617
 0.55363518 0.51571393 0.58670879 0.57050439 0.53329329 0.55026605
0.66076161 0.51922437 0.56761326 0.59544705 0.58653104 0.59686224
 0.55098457 0.64929052 0.54944867 0.59457406 0.60261227 0.59660256
 0.60391826 0.56897601 0.5690985  0.52193275 0.53015264 0.58986423
 0.53145101 0.59540658 0.58894088 0.5747249  0.6068616  0.57537859
 0.52105899 0.52842511 0.56560142 0.56151265 0.53427469 0.60593841
0.66076161 0.55401552 0.56135292 0.59416001 0.58677617 0.58930816
 0.54112653 0.53046613 0.55730848 0.52712361 0.57289786 0.56464392
 0.55988753 0.60663923 0.57031251 0.59766076 0.58085861 0.56051307
 0.60599143 0.56146676 0.52077218 0.58571419 0.5338776  0.53079813
 0.57674265 0.55885205 0.51304583 0.60222944 0.57834888 0.60578487
0.66076161 0.56600194 0.52921771 0.57101321 0.51034244 0.64475421
 0.52082229 0.57290569 0.56229933 0.54847138 0.52060128 0.58122837
 0.67487997 0.55368084 0.54937603 0.58957253 0.5404898  0.52040413
 0.53334431 0.58569524 0.55768324 0.52220105 0.56610244 0.56961322
 0.59441286 0.58204867 0.57043088 0.55095625 0.52715652 0.57582791
0.67487997 0.57014283 0.59317884 0.58251425 0.60585526 0.528056
 0.53779804 0.51372451 0.57665232 0.61914198 0.5127161  0.54408786
 0.52213185 0.58544098 0.54181941 0.60692957 0.57635199 0.57029813
 0.5181539  0.59746211 0.55553148 0.54134759 0.55370872 0.62733225
 0.53782919 0.53679635 0.5587498  0.56163511 0.58746941 0.54471137
0.67487997 0.53813492 0.56933469 0.5905903  0.60724978 0.51481371
 0.60683203 0.52499596 0.58633245 0.57816726 0.57995634 0.6174412
 0.52399533 0.58264614 0.59463362 0.57367237 0.54186656 0.58614152
 0.61231828 0.55848255 0.59986917 0.52929651 0.58765534 0.56272331
 0.53954368 0.56548887 0.56142045 0.5592903  0.51859743 0.54106995
0.67487997 0.53573402 0.53416754 0.55104852 0.56831068 0.55708829
 0.55526616 0.57433846 0.6066173  0.5098983  0.53354146 0.57130115
 0.57390627 0.52147654 0.58841247 0.59355975 0.56689025 0.56284232
 0.58822193 0.53789304 0.61806011 0.52532156 0.57289164 0.60620648
 0.51687389 0.59805433 0.57776338 0.5661326  0.5652012  0.54173574
0.67487997 0.55699578 0.52207491 0.55344712 0.52307747 0.56225286
 0.55407176 0.51703965 0.54745298 0.53950728 0.63486103 0.55296109
 0.6044859  0.66897779 0.57866163 0.58179484 0.54840138 0.57455124
 0.58941071 0.59864758 0.522588   0.52663431 0.58533692 0.53344983
 0.59782841 0.55735122 0.58548357 0.57060185 0.5846237  0.58345788
0.67487997 0.54038247 0.54814326 0.56554767 0.5659487  0.53927757
 0.65013247 0.51358766 0.62053786 0.59088773 0.56786793 0.59853333
 0.53481727 0.64131627 0.56089762 0.59904384 0.55701245 0.56217345
 0.54671093 0.56454674 0.57134325 0.56482096 0.59075735 0.57795851
 0.59741084 0.55311852 0.51027043 0.508567   0.59329965 0.57771131
0.67487997 0.53916514 0.57726871 0.58552306 0.57166845 0.58665244
 0.52653703 0.61753552 0.54340376 0.5584675  0.58899987 0.57049177
 0.58674588 0.57311146 0.52717982 0.55382329 0.5935504  0.60330279
 0.50862363 0.56338656 0.60712001 0.5658342  0.55788125 0.5271168
 0.52406914 0.51658621 0.62260633 0.53912881 0.57116919 0.5240818 
0.67487997 0.50930563 0.54204514 0.61429221 0.5893069  0.59440541
 0.59350419 0.57083053 0.58017776 0.55908365 0.5468317  0.56328025
 0.57361026 0.55017549 0.52465683 0.58926319 0.57712349 0.53979488
 0.58050976 0.52758214 0.56009737 0.53602742 0.6027667  0.5603073
 0.57174613 0.57446142 0.53470654 0.59638312 0.57631653 0.52421166
0.67487997 0.5810839  0.55199866 0.61897176 0.62219747 0.59619234
 0.56936232 0.50855044 0.52979281 0.5650888  0.56465073 0.53286791
 0.51146603 0.55282428 0.57725805 0.53767586 0.52926681 0.51873602
 0.56400969 0.54224775 0.58809585 0.56969    0.61878709 0.59938388
 0.57785956 0.5598565  0.54697465 0.59918805 0.59462351 0.55817165
0.67487997 0.52923509 0.60973274 0.55390709 0.52255774 0.57461291
 0.57072089 0.58512168 0.53354898 0.58574162 0.56687012 0.60270425
 0.5687309  0.58056599 0.52120348 0.60514509 0.51832874 0.55177423
 0.58702576 0.53829192 0.59636935 0.68782006 0.54980512 0.55796616
 0.51630416 0.55384216 0.56595851 0.59871382 0.58721097 0.57683766
0.68782006 0.51710741 0.58644361 0.53037164 0.60963141 0.52471116
 0.55735298 0.54486982 0.54547372 0.61559644 0.53975275 0.60763562
 0.56477059 0.59368363 0.51409893 0.5974858  0.50974328 0.55045467
 0.55691436 0.56101826 0.53678848 0.56224937 0.51786378 0.59754351
 0.50885759 0.60540043 0.56353024 0.58534918 0.59577512 0.56193664
0.68782006 0.52668883 0.56743264 0.51750522 0.56257128 0.52519546
 0.52916858 0.52223335 0.5627869  0.55863111 0.54708641 0.55527174
 0.61891925 0.58210887 0.6067199  0.61111364 0.56676158 0.56940268
 0.59345768 0.58539269 0.57478912 0.54906845 0.56409598 0.55949125
 0.55837587 0.5343919  0.5861711  0.58269644 0.58281037 0.58794443
0.68782006 0.56388345 0.61020738 0.54187444 0.5489826  0.53352856
 0.55894427 0.54444298 0.54634516 0.51484117 0.56995801 0.6069428
 0.53305818 0.56347574 0.6137164  0.58892707 0.53121989 0.56934098
 0.54436739 0.57780551 0.53851066 0.55739725 0.53776337 0.60331032
 0.60074232 0.58873172 0.5538603  0.5553949  0.54197734 0.54729112
0.68782006 0.61663041 0.517811   0.58306823 0.59044893 0.56069662
 0.55793865 0.54173121 0.57834957 0.59116001 0.55168281 0.55776775
 0.58105874 0.62451907 0.5229167  0.58732127 0.57808333 0.5543212
 0.54896143 0.56854191 0.56496998 0.52575841 0.56725769 0.55287075
 0.55384275 0.54198669 0.54742745 0.53738256 0.58771868 0.58144412
0.68782006 0.54078424 0.58509548 0.57596071 0.54388962 0.60636896
 0.56627027 0.51670876 0.50868033 0.54632772 0.52803873 0.58209556
 0.52817726 0.53039074 0.60683536 0.53630928 0.56487293 0.59893917
 0.57375134 0.59029085 0.51231726 0.52349334 0.57054136 0.58178083
 0.57711215 0.56286872 0.56571906 0.60089638 0.58377467 0.60381354
0.68782006 0.56755832 0.54205364 0.56243875 0.5691341  0.53420469
 0.54754612 0.58616315 0.54556046 0.50942739 0.60124618 0.56594664
 0.60632276 0.60696888 0.59797599 0.57804644 0.5139321  0.55473896
 0.606404   0.56824076 0.56602848 0.56740949 0.57669783 0.57842166
 0.53481952 0.59571312 0.55608377 0.54197205 0.55569546 0.5851708 
0.68782006 0.57123323 0.57662037 0.61486651 0.57731059 0.52903825
 0.55157102 0.52466102 0.61391493 0.57777408 0.5710633  0.53046919
 0.61122029 0.5832009  0.54904182 0.57655541 0.54981872 0.58190589
 0.60411365 0.55941261 0.57032442 0.58087888 0.57430612 0.61383298
 0.54620555 0.59335071 0.57694456 0.58442415 0.56895081 0.59126243
0.68782006 0.54664502 0.59197737 0.55812315 0.61341289 0.5600708
 0.5798039  0.57210563 0.5643831  0.56062661 0.59314243 0.56096657
 0.51699829 0.57385254 0.56875337 0.53288707 0.58847102 0.61401045
 0.56948634 0.55065804 0.50941567 0.60297577 0.60238857 0.53636752
 0.55178662 0.57787279 0.52381673 0.58264625 0.60584293 0.53410124
0.68782006 0.54843271 0.53885144 0.60673413 0.54671191 0.57062677
 0.54064035 0.62543914 0.58402036 0.57091135 0.55896291 0.61356958
 0.54594429 0.58948493 0.58753127 0.5262325  0.54941855 0.53494864
 0.58520876 0.56876758 0.54589716 0.5422866  0.59138393 0.5613214
 0.60553974 0.5879874  0.53838125 0.59067734 0.54546377 0.52913022
0.68782006 0.61060892 0.54635283 0.5739268  0.59394446 0.62576249
 0.58981982 0.55657046 0.60898869 0.51008588 0.5828536  0.59232723
 0.56158034 0.59039332 0.57124002 0.56502391 0.55004105 0.56767339
 0.54366312 0.5414687  0.597885   0.58159659 0.60997846 0.60572266
 0.58383759 0.52519238 0.58266592 0.56302587 0.56193172 0.57950867
0.68782006 0.509458   0.54433761 0.60717192 0.5842411  0.56610871
 0.53971181 0.60601808 0.62230609 0.52609389 0.52914167 0.57445349
 0.50859607 0.55480995 0.58699084 0.6048886  0.65566936 0.59795442
 0.55357679 0.56454735 0.57355178 0.55312267 0.57133732 0.55290044
 0.59380398 0.56391893 0.52104482 0.56687843 0.62666283 0.59079144
0.68782006 0.56141111 0.56489333 0.60581057 0.60529709 0.56370949
 0.5087925  0.62652057 0.5090835  0.57199035 0.59899248 0.57852272
 0.52461886 0.6464136  0.5397769  0.55773393 0.50972025 0.50855033
 0.55822274 0.5641161  0.58885203 0.58680099 0.58309564 0.56262952
 0.60999808 0.60304547 0.58727772 0.58278366 0.5508133  0.53790883
0.68782006 0.62837699 0.58149373 0.58310669 0.56094396 0.53660471
 0.59796643 0.57641744 0.60132261 0.57790762 0.5340272  0.53880386
 0.56574707 0.5711942  0.56973136 0.54210178 0.57467429 0.53726756
 0.57207679 0.56670653 0.57732761 0.54148365 0.61843598 0.57467344
 0.54261773 0.58256089 0.57254148 0.61353677 0.60666421 0.5734339 
0.68782006 0.60164211 0.60922147 0.59076466 0.59827985 0.57358729
 0.58501432 0.61917262 0.59843757 0.55014458 0.55687801 0.61440982
 0.56453091 0.58727824 0.60089175 0.55082829 0.55115082 0.61553048
 0.61436826 0.5730734  0.57938319 0.59369656 0.55433534 0.52405367
 0.53532344 0.52982651 0.5535001  0.56306301 0.543764   0.60101379
0.68782006 0.56563478 0.57661099 0.56406401 0.59858675 0.62699481
 0.59842478 0.57842489 0.53951446 0.62034447 0.53885141 0.56456078
 0.52366507 0.61401867 0.54487512 0.55847988 0.54293733 0.62138729
 0.51903374 0.55099823 0.56739274 0.53344004 0.55799954 0.55985149
 0.56452752 0.56412537 0.56648632 0.57030002 0.6020217  0.59573742
0.68782006 0.56763028 0.5528824  0.53464856 0.6091146  0.53368104
 0.52012701 0.5641545  0.60676186 0.54189773 0.56219076 0.59567978
 0.53547567 0.57986796 0.59854176 0.57026561 0.5226949  0.56373174
 0.57870371 0.56255085 0.53530666 0.58169004 0.56681518 0.50921971
 0.55181467 0.5668271  0.58296739 0.51541226 0.56991448 0.53783309
0.68782006 0.60484782 0.61525892 0.57448384 0.55377242 0.6036221
 0.57452236 0.5684758  0.58321934 0.54147308 0.60862013 0.55686376
 0.52134088 0.61154702 0.62140633 0.57991769 0.52686594 0.5579936
 0.58989718 0.59414875 0.58160838 0.57149715 0.51805827 0.54802519
 0.57725169 0.57014979 0.59831592 0.60107458 0.5835057  0.56510807
0.68782006 0.60499434 0.58519561 0.599914   0.59204595 0.58279543
 0.56923385 0.57304024 0.58709874 0.55031106 0.58902345 0.56897336
 0.54434911 0.57974059 0.6267346  0.59340258 0.51690274 0.57898355
 0.62862353 0.60412077 0.60070835 0.54677234 0.51731551 0.52887598
 0.58118598 0.60634849 0.5926928  0.5885996  0.60599813 0.58169611
0.68782006 0.57472859 0.55776595 0.55098905 0.57189111 0.58544302
 0.53839933 0.53424888 0.5932309  0.60229965 0.57732966 0.57469647
 0.58388349 0.60003239 0.58028712 0.54693761 0.56632175 0.56085264
 0.54360823 0.58294473 0.5600815  0.51022361 0.59328434 0.66300269
 0.62035049 0.54138112 0.57252312 0.56929805 0.55181636 0.57302863
0.68782006 0.53527459 0.56638884 0.61703216 0.58275814 0.55886328
 0.61001111 0.58595658 0.62161745 0.53358632 0.5944121  0.60687688
 0.59787403 0.58122006 0.57691812 0.5895702  0.539537   0.57471318
 0.58984898 0.55202435 0.54956545 0.61656457 0.58128389 0.59788882
 0.59577055 0.6088104  0.58164671 0.52376136 0.56190256 0.58352505
0.68782006 0.61494132 0.55434554 0.54997216 0.54472455 0.590803
 0.54712593 0.56020601 0.52032273 0.53404651 0.50900752 0.52578597
 0.59947963 0.61428441 0.61436925 0.59392651 0.56570563 0.59187004
 0.60199888 0.61067283 0.53403927 0.59381032 0.54968622 0.58062655
 0.60871829 0.56617135 0.56464889 0.60447247 0.6061121  0.5454624 
0.68782006 0.61267425 0.53726763 0.54072759 0.6099205  0.60588312
 0.59185655 0.55378195 0.58571092 0.54394173 0.59674117 0.57790063
 0.56893459 0.53437268 0.57298522 0.57037542 0.59053563 0.56942186
 0.57482937 0.5680301  0.57874979 0.56979665 0.56901528 0.57016804
 0.54156699 0.62120576 0.60644622 0.58758986 0.59616837 0.55381502
0.68782006 0.59405863 0.57737009 0.57710313 0.53789551 0.54606315
 0.59829815 0.6517979  0.59598239 0.56747968 0.54299851 0.62716124
 0.56260255 0.60656671 0.5331067  0.55368566 0.60892001 0.58839074
 0.53048133 0.62833454 0.55415273 0.58845977 0.57012176 0.59101471
 0.58492121 0.61865483 0.59373058 0.54162461 0.55523797 0.58520434
0.68782006 0.59072909 0.58509492 0.57452775 0.58853638 0.62842444
 0.52200975 0.59562429 0.55698241 0.56563589 0.53757708 0.57769198
 0.61133925 0.57283898 0.56434343 0.59476296 0.56275507 0.59703053
 0.59604636 0.50943192 0.59693091 0.59025805 0.58276509 0.54874073
 0.55380632 0.56994847 0.56200213 0.59893994 0.55032442 0.58720131
0.68782006 0.56354991 0.59076338 0.56710977 0.57088184 0.61203117
 0.58593969 0.55892479 0.57727588 0.58891389 0.57409918 0.50904499
 0.51504319 0.60277231 0.60881087 0.54606878 0.59481605 0.55768535
 0.53524496 0.53966589 0.57159693 0.58044937 0.59374089 0.61043108
 0.58559193 0.50974236 0.57537531 0.61116725 0.54635391 0.54255735
0.68782006 0.60671166 0.54706238 0.55511014 0.5586608  0.60598636
 0.53741826 0.57162898 0.62145871 0.51000316 0.54361454 0.58607538
 0.55356214 0.56284225 0.5954528  0.57042708 0.56879118 0.64264941
 0.54366192 0.60269424 0.55178885 0.54551988 0.56333393 0.56878998
 0.57407768 0.58185612 0.59130999 0.57067205 0.5505491  0.56950179
0.68782006 0.5470529  0.57841548 0.55397568 0.52238875 0.58208315
 0.59078912 0.53890826 0.58829679 0.62581045 0.60969285 0.53216973
 0.52186758 0.58950714 0.58644173 0.55492872 0.56966336 0.54216498
 0.58818834 0.50908812 0.59112132 0.55824252 0.57112146 0.58045481
 0.55602267 0.57918176 0.58922871 0.57322436 0.540338   0.5665462 
0.68782006 0.5785996  0.56119356 0.56198392 0.57817444 0.58987247
 0.58103717 0.59424282 0.53413348 0.59847619 0.55822254 0.53118333
 0.5902063  0.57007432 0.5907286  0.59454156 0.57964014 0.57011694
 0.59090307 0.57832128 0.52166629 0.53448848 0.66641794 0.57402885
 0.51027066 0.56368539 0.57586575 0.524606   0.59047042 0.51309003
0.68782006 0.55671369 0.59753896 0.58667053 0.55771463 0.53941446
 0.57062177 0.54661594 0.56740792 0.53896667 0.60383582 0.51804277
 0.56551591 0.62914652 0.56740774 0.57311072 0.53554083 0.53805704
 0.55021729 0.58153272 0.57759409 0.56241572 0.55898749 0.59413059
 0.59348111 0.58535977 0.52183686 0.51069737 0.56726766 0.61474611
0.68782006 0.56732536 0.55752523 0.50842188 0.57304652 0.61305146
 0.54132711 0.56373837 0.57815524 0.51694602 0.53485574 0.56118653
 0.54478557 0.61874474 0.5418634  0.51000724 0.54237378 0.55067708
 0.59014074 0.56973673 0.61651799 0.50954326 0.56261384 0.58260657
 0.64381187 0.65127883 0.57790785 0.60106452 0.5667469  0.60440463
0.68782006 0.59148989 0.63406582 0.59691546 0.5103546  0.58843793
 0.58811801 0.55537938 0.57696949 0.52349997 0.59819767 0.57892861
 0.55999185 0.58041994 0.55343299 0.53602737 0.51307529 0.54837983
 0.60425032 0.59411887 0.58524963 0.60217136 0.59454117 0.59314444
 0.55136917 0.53357321 0.55025055 0.56699508 0.5646798  0.55520913
0.68782006 0.56641117 0.58755263 0.56571105 0.55387933 0.56656046
 0.5626152  0.54629764 0.54783898 0.64726355 0.53789701 0.54942704
 0.61330625 0.55077676 0.58600689 0.59413717 0.56677244 0.63200595
 0.57742609 0.58355534 0.5677022  0.59869205 0.57262274 0.55190442
 0.58366918 0.55547645 0.61078055 0.60473771 0.57168446 0.57806775
0.68782006 0.56428268 0.61410976 0.60220284 0.59280262 0.52775753
 0.58266335 0.54038024 0.54272569 0.52124012 0.53534523 0.52232194
 0.55213459 0.58606018 0.53801303 0.63855883 0.53717611 0.55650279
 0.5316544  0.58894477 0.56389232 0.56977162 0.58097905 0.56617239
 0.56489366 0.56736151 0.55796446 0.58178657 0.56586699 0.53897212
0.68782006 0.52555451 0.56795411 0.54805014 0.56241101 0.57008619
 0.58570208 0.58017253 0.57512027 0.56522243 0.56615854 0.55773924
 0.57500125 0.57055489 0.55772866 0.58124409 0.54929521 0.61325939
 0.52153698 0.54083416 0.57739003 0.59488625 0.62639593 0.57443758
 0.55083196 0.58264528 0.51757608 0.58263447 0.63388409 0.58512248
0.68782006 0.57920209 0.54077466 0.57417921 0.61216118 0.58387812
 0.60149825 0.54455079 0.55771491 0.60195484 0.54303924 0.59882358
 0.54129858 0.55622126 0.52932999 0.59399075 0.56084413 0.57087454
 0.55954809 0.51530347 0.53377433 0.57050848 0.53759655 0.55343324
 0.51156101 0.55530745 0.51822429 0.55065316 0.57620698 0.55770557
0.68782006 0.55339152 0.57224896 0.56690622 0.58293264 0.59110693
 0.55271094 0.55353848 0.5632308  0.53711679 0.57591397 0.53176113
 0.51090137 0.54913256 0.50957441 0.57102567 0.50947962 0.52860793
 0.61348665 0.53908995 0.54625855 0.59810111 0.56985847 0.57489069
 0.61018295 0.58139888 0.51014246 0.54983748 0.60719228 0.5761337 
0.68782006 0.52519628 0.54772155 0.58796498 0.54107451 0.54883849
 0.56561347 0.5661022  0.60965293 0.55160725 0.52221759 0.55847136
 0.60262961 0.56497995 0.52521034 0.50945684 0.60087895 0.61867398
 0.57067962 0.58085759 0.56286846 0.60477076 0.58229263 0.55901752
 0.53782266 0.60304784 0.54411446 0.54942359 0.55630612 0.57105925
0.68782006 0.60027881 0.60992086 0.59187503 0.53737356 0.57894215
 0.54653155 0.59826925 0.58550034 0.58682548 0.53069314 0.55877799
 0.58094462 0.56445188 0.53611486 0.5660506  0.53613731 0.57413532
 0.54739836 0.54082424 0.583063   0.6122124  0.59597213 0.56642626
 0.54984953 0.5461984  0.52202867 0.58207639 0.53237148 0.52448538
0.68782006 0.59842933 0.60384447 0.58778309 0.5875567  0.50867897
 0.62693745 0.56120545 0.54983018 0.59867521 0.51811338 0.58591988
 0.58494703 0.54609566 0.53960581 0.51695515 0.56143104 0.63485275
 0.58210861 0.55174924 0.57245776 0.58602644 0.56713384 0.50943472
 0.59695903 0.58656107 0.57580551 0.56760648 0.58159764 0.59003238
0.68782006 0.53620959 0.56288564 0.5750019  0.58764146 0.56186853
 0.54771664 0.5370136  0.57468314 0.58719412 0.51813261 0.57284167
 0.59944669 0.55402765 0.5657362  0.58186024 0.55870826 0.56768923
 0.54777133 0.57622571 0.61437185 0.58220302 0.59412822 0.60735485
 0.56501947 0.5938837  0.56663359 0.53878228 0.56647209 0.53763911
0.68782006 0.61839242 0.59132258 0.51457331 0.62176679 0.59979314
 0.61445286 0.59949837 0.56289914 0.54226231 0.56766474 0.56231416
 0.53340009 0.59939828 0.54523922 0.61078848 0.58356397 0.6191403
 0.61197973 0.53116626 0.52113867 0.59212494 0.54912979 0.56912958
 0.57026143 0.57423525 0.61373533 0.59396031 0.55528797 0.53199357
0.68782006 0.59102471 0.55480215 0.54852991 0.57728107 0.58759748
 0.5713559  0.57976999 0.58950414 0.55384925 0.58366083 0.60215055
 0.57411853 0.55399515 0.56922986 0.5527628  0.61456621 0.61116203
 0.5682657  0.54925048 0.55577993 0.56885477 0.53173819 0.57842788
 0.53859314 0.58302998 0.60787318 0.59170444 0.57869116 0.60639121
0.68782006 0.59426387 0.60898708 0.56626084 0.51816856 0.58409411
 0.57464303 0.55093028 0.54781431 0.61438116 0.57928992 0.55731535
 0.57475037 0.55063323 0.55595231 0.57600306 0.60573581 0.55895046
 0.57054403 0.60339182 0.50865587 0.57078587 0.60261897 0.55881106
 0.54315777 0.55330988 0.57804891 0.55951529 0.59704842 0.58507115
0.68782006 0.55995207 0.57298624 0.57033012 0.55939118 0.54592497
 0.55450883 0.54633963 0.54098236 0.55827917 0.59968669 0.56482242
 0.55221309 0.53671517 0.59242794 0.55750098 0.59767127 0.59441177
 0.5260703  0.54196803 0.510771   0.53373398 0.58246513 0.549469
 0.58389578 0.5838221  0.55585202 0.56580823 0.5101551  0.52811879
0.68782006 0.58257172 0.60185534 0.5772278  0.55452048 0.56494324
 0.55610753 0.60919443 0.56086883 0.56572599 0.50868872 0.56562655
 0.55939594 0.55333142 0.55408204 0.5259086  0.59061609 0.57091784
 0.5754822  0.57395356 0.51337208 0.56712529 0.54094988 0.5519005
 0.61469665 0.54540834 0.52143292 0.56575633 0.59670014 0.59862304
0.68782006 0.53623874 0.59349393 0.5536593  0.55677021 0.58225353
 0.57702641 0.55636135 0.54460926 0.52942346 0.53081014 0.53359112
 0.61870918 0.5092409  0.5244473  0.58396686 0.53291151 0.58004344
 0.54270462 0.58752559 0.54965287 0.5579598  0.57046972 0.50863688
 0.56662892 0.56004333 0.58155104 0.56206147 0.53731924 0.6100087 
0.68782006 0.57817859 0.56623012 0.5614859  0.54393479 0.55813841
 0.53767746 0.5455709  0.53379729 0.55279043 0.55329897 0.55425324
 0.59708595 0.57900362 0.57041184 0.60685272 0.57071178 0.58399632
 0.56893611 0.61725653 0.60247953 0.53829551 0.65667954 0.52963334
 0.56869819 0.58350042 0.5093293  0.51530856 0.56886006 0.56504597
0.68782006 0.56662247 0.57137325 0.56434732 0.58463551 0.58518165
 0.56296781 0.55762981 0.57260473 0.55361065 0.61455476 0.57242641
 0.588893   0.52980293 0.52172136 0.5958461  0.55808218 0.56412089
 0.55199258 0.5319061  0.56467985 0.57317474 0.57588013 0.63877222
 0.61339906 0.57262591 0.60564114 0.59206549 0.5735574  0.5492036 
0.68782006 0.61336082 0.558935   0.6031903  0.59253161 0.58696287
 0.51708409 0.62320576 0.57198304 0.54390145 0.60069949 0.58195213
 0.57859331 0.5242776  0.53540826 0.53403955 0.54670052 0.55416756
 0.57959653 0.58543435 0.60486475 0.56211958 0.56536166 0.57408777
 0.545789   0.54413353 0.54161137 0.58336491 0.51220203 0.5745629 
0.68782006 0.52465471 0.57716444 0.55838426 0.583663   0.56675635
 0.52857619 0.55969987 0.55496244 0.5810906  0.60035149 0.52998636
 0.54955832 0.56491765 0.58184896 0.57721075 0.59142363 0.55846327
 0.57403349 0.52074647 0.57350591 0.5092301  0.61090343 0.57364165
 0.56225587 0.58387739 0.53822048 0.50958343 0.53311053 0.54596637
0.68782006 0.55657324 0.56992419 0.57480624 0.56885131 0.60182588
 0.5709864  0.52715013 0.58041936 0.5652872  0.53257827 0.59245555
 0.54256768 0.59964081 0.56956632 0.63963003 0.55103192 0.57510929
 0.53657995 0.57413649 0.5680817  0.55878272 0.58492109 0.55801728
 0.56334931 0.52612687 0.57889283 0.57194825 0.56986923 0.5696846 
0.68782006 0.5658952  0.59597319 0.61969    0.55107772 0.60655182
 0.55938709 0.60132773 0.58588155 0.5718016  0.51080362 0.61029712
 0.52216966 0.55340898 0.54242318 0.56730393 0.53825557 0.58965801
 0.5552445  0.54568183 0.58275747 0.54047713 0.51032579 0.53380178
 0.62016644 0.573869   0.61942414 0.52138229 0.54237866 0.56216446
0.68782006 0.60440089 0.52715367 0.54184232 0.61473479 0.57350599
 0.60189313 0.57340776 0.6186264  0.55720896 0.5642857  0.5605827
 0.53547911 0.53698044 0.60792071 0.53445461 0.56630987 0.59342522
 0.53849464 0.59457517 0.55169791 0.62621407 0.54605273 0.59673212
 0.59652547 0.5671194  0.63068282 0.57536013 0.5935292  0.56734438
0.68782006 0.51990587 0.56607235 0.55334883 0.59021326 0.55402223
 0.57162671 0.58510747 0.61921591 0.5499039  0.57770823 0.53510016
 0.5868296  0.53929462 0.58038107 0.55306063 0.514264   0.56879771
 0.60703314 0.54557856 0.55964983 0.57350737 0.57568921 0.58368977
 0.54866854 0.52599167 0.59546163 0.57866256 0.53015882 0.54084372
0.68782006 0.60126274 0.57058157 0.62721768 0.54703969 0.62355957
 0.57264275 0.58220776 0.5356095  0.57928145 0.5268503  0.59524926
 0.58841034 0.5632143  0.52301691 0.53038439 0.57020152 0.52592144
 0.52249883 0.57951639 0.5774391  0.54463188 0.67410336 0.56802166
 0.56658585 0.57548783 0.61981584 0.57526397 0.5662959  0.56569774
0.68782006 0.5811709  0.56778461 0.58721213 0.55447835 0.56646241
 0.56286266 0.52215071 0.60267145 0.61913478 0.51711743 0.53796168
 0.58590472 0.52172414 0.5510164  0.58996182 0.56640823 0.59931246
 0.52661636 0.56047499 0.58694673 0.55887464 0.55414725 0.5617127
 0.56530658 0.58378236 0.53004566 0.56292852 0.59464524 0.53443543
0.68782006 0.55716439 0.60143853 0.59068206 0.56574214 0.52119252
 0.56196084 0.52523066 0.57724074 0.55989484 0.56332085 0.59846981
 0.59220124 0.59433073 0.56622108 0.60200913 0.52106803 0.6017234
 0.51467474 0.52248824 0.58404299 0.58611137 0.59353648 0.60404338
 0.59861779 0.55855446 0.61830153 0.60294032 0.58309138 0.55129345
0.68782006 0.59923959 0.57651878 0.60145464 0.57820186 0.55871819
 0.5385084  0.61948062 0.61440436 0.5553565  0.59571937 0.51323103
 0.56373692 0.59846373 0.58179017 0.62071956 0.57461791 0.5618323
 0.55501335 0.60613524 0.55729819 0.61242529 0.59529977 0.50988714
 0.61105804 0.60543536 0.6195017  0.62253657 0.5210758  0.53724196
0.68782006 0.5429287  0.58811708 0.61598788 0.59182886 0.61260324
 0.54946592 0.57135201 0.5434143  0.58995099 0.61553651 0.54277007
 0.57320651 0.51807923 0.55396259 0.56587208 0.57416968 0.56724084
 0.59097742 0.58602901 0.55548292 0.58017314 0.51910866 0.51032509
 0.57675397 0.5656494  0.55365632 0.55060749 0.60998944 0.57350268
0.68782006 0.55492543 0.52661639 0.54328951 0.58580252 0.63852566
 0.55435276 0.56853828 0.59572178 0.55416896 0.54580823 0.52543116
 0.56100833 0.55274797 0.61592843 0.55909053 0.56077377 0.56940457
 0.56183462 0.59150804 0.5513652  0.53870064 0.63188492 0.58148257
 0.58449526 0.55552546 0.63188672 0.60310513 0.57090939 0.56998415
0.68782006 0.60444734 0.57525135 0.59309441 0.53957954 0.64632322
 0.53620699 0.56647624 0.55909273 0.55378673 0.63927917 0.59933536
 0.58211002 0.5581004  0.58669272 0.58472336 0.54994971 0.62150417
 0.55035613 0.51807652 0.59981463 0.55341818 0.59407323 0.55601532
 0.57677559 0.6480506  0.56815745 0.5847019  0.55816914 0.59024161
0.68782006 0.52442213 0.5739196  0.5895413  0.56745021 0.62604108
 0.59027213 0.58373627 0.57377789 0.57862226 0.5763341  0.60370475
 0.57013243 0.57344077 0.59964515 0.58306219 0.5350075  0.53663921
 0.58418858 0.57892323 0.576772   0.58742996 0.5189475  0.57510623
 0.56271676 0.54212375 0.55019539 0.57301945 0.60444101 0.60649713
0.68782006 0.62323716 0.5544081  0.59535168 0.61381364 0.5508573
 0.57423216 0.60546918 0.56105934 0.55883888 0.59697366 0.57764679
 0.57438741 0.59858542 0.56153087 0.60623756 0.51758899 0.57497916
 0.52874958 0.55918032 0.59655204 0.5964928  0.56247407 0.59019378
 0.58750477 0.56965347 0.57303818 0.60211814 0.54994094 0.60641233
0.68782006 0.54644413 0.58420456 0.59876233 0.53740945 0.54717176
 0.5532197  0.56194465 0.55790116 0.54364697 0.5416865  0.51309404
 0.56836529 0.51027056 0.57141976 0.60181932 0.51015675 0.55087237
 0.50792156 0.57757461 0.52557835 0.55255145 0.55361274 0.58149022
 0.56324691 0.52997609 0.53713872 0.55680695 0.58943668 0.58668064
0.68782006 0.58715979 0.54855927 0.57034503 0.60574493 0.55785637
 0.61543806 0.57169498 0.59837636 0.58978259 0.50940966 0.63627825
 0.57446257 0.52939809 0.53425355 0.54883091 0.61914085 0.55627059
 0.54940295 0.55870541 0.60058344 0.52614999 0.58239748 0.57783549
 0.55669572 0.5706243  0.55011949 0.56456623 0.52170961 0.59775345
0.68782006 0.59901121 0.55133595 0.57740264 0.52023306 0.60687359
 0.5866907  0.60299739 0.5393154  0.57493391 0.60265194 0.55083466
 0.57796105 0.55354872 0.57225825 0.61529599 0.56950674 0.56708571
 0.60875982 0.5598937  0.53397671 0.60991851 0.55276035 0.5411149
 0.56878351 0.55682258 0.59996645 0.52473408 0.59838794 0.57792295
0.68782006 0.59395596 0.58808969 0.52499728 0.57951893 0.6190119
 0.55439409 0.55855598 0.54498052 0.52516089 0.54678712 0.56152042
 0.57772154 0.61217867 0.54442291 0.58791761 0.55914768 0.57877245
 0.54176465 0.60854307 0.58168887 0.52679581 0.5416309  0.56742397
 0.62297171 0.54557823 0.58524595 0.56676108 0.55543997 0.59420884
0.68782006 0.58550233 0.5179353  0.56815601 0.52951972 0.59129882
 0.58860158 0.58250241 0.58306868 0.61537189 0.54534281 0.59486646
 0.60798098 0.57056037 0.56576415 0.56831026 0.6031896  0.60036024
 0.63436786 0.5445048  0.59325484 0.58864091 0.54076018 0.5561155
 0.57353103 0.59971159 0.52799745 0.61046627 0.51753972 0.61251608
0.68782006 0.57011309 0.52063588 0.6036373  0.53387757 0.51450494
 0.59782472 0.56214505 0.59340723 0.5786824  0.55494189 0.56600982
 0.58501937 0.58840863 0.54078125 0.60108319 0.54603751 0.59107587
 0.56502706 0.55283365 0.55449184 0.58529981 0.55114668 0.60513528
 0.60270373 0.55557769 0.55990855 0.61945138 0.56915514 0.57050631
0.68782006 0.53674248 0.5716565  0.56478728 0.59075392 0.54138316
 0.588453   0.57433387 0.57164915 0.56324294 0.5948374  0.53615711
 0.57592053 0.56079465 0.5602136  0.5750443  0.52701547 0.54267363
 0.61447053 0.58924103 0.62784927 0.56677832 0.57443267 0.56802864
 0.53810219 0.56468382 0.55400189 0.59510279 0.57835097 0.57378266
0.68782006 0.59063138 0.53101653 0.58637101 0.53091443 0.59532909
 0.55010601 0.61173598 0.5422882  0.53616131 0.60559076 0.54126269
 0.53489763 0.57266539 0.59411444 0.56612461 0.59842512 0.58805865
 0.55893232 0.55838004 0.5873085  0.59295786 0.56845952 0.53768179
 0.55880141 0.59152668 0.57526093 0.61993792 0.54553404 0.514473  
0.68782006 0.57405802 0.56607819 0.57789391 0.53837329 0.57322285
 0.58291421 0.57700634 0.56604537 0.59022507 0.59134498 0.56611021
 0.60473748 0.52922569 0.63945621 0.55967415 0.58327768 0.59812981
 0.58222066 0.59814641 0.57333133 0.58534277 0.57867098 0.55119103
 0.53227843 0.63541639 0.60287635 0.55964662 0.59706421 0.56801529
0.68782006 0.59409706 0.57336547 0.55772459 0.65411263 0.58724821
 0.58660608 0.56900361 0.57401705 0.51323917 0.61250545 0.56180577
 0.57727476 0.54161448 0.54147702 0.53089064 0.59322712 0.60841176
 0.58732754 0.52137849 0.54431242 0.57117355 0.60064064 0.60557881
 0.58499888 0.55756759 0.5613697  0.56577898 0.57276288 0.59977349
0.68782006 0.6044009  0.60630286 0.5444939  0.62782507 0.5189973
 0.54667051 0.56335469 0.60099346 0.55675675 0.56309597 0.6041293
 0.53270307 0.55883915 0.54573293 0.58916485 0.61049886 0.55795969
 0.52928452 0.60833375 0.51377323 0.5792407  0.56083902 0.55739046
 0.55846872 0.54566841 0.59216557 0.59013279 0.61904163 0.59176865
0.68782006 0.56379637 0.55096974 0.63726283 0.58709787 0.54956825
 0.53997476 0.56921719 0.54877253 0.5382364  0.57557462 0.52990651
 0.52760096 0.53893656 0.55831683 0.54418663 0.59747151 0.57901113
 0.55868847 0.59446669 0.56571791 0.55284453 0.52877567 0.56532458
 0.56589013 0.5135956  0.54955216 0.54618517 0.58356133 0.58180233
0.68782006 0.55297191 0.60596921 0.56287629 0.54585635 0.56335387
 0.57804341 0.59741431 0.56465794 0.56692145 0.56576413 0.58188569
 0.58955963 0.59426648 0.57286527 0.55765567 0.56067297 0.59102993
 0.58441142 0.57410079 0.57852453 0.57875307 0.53387678 0.63320386
 0.59938626 0.53464428 0.61572949 0.53897717 0.59051739 0.55670902
0.68782006 0.56014777 0.54954594 0.54585257 0.57377024 0.61059528
 0.55420804 0.55833151 0.57010099 0.59031591 0.58279416 0.53677039
 0.55659131 0.59545519 0.55506846 0.5693364  0.55933701 0.5732328
 0.55361038 0.54782977 0.54219131 0.5967051  0.58792975 0.55284142
 0.56039532 0.58587491 0.56590381 0.60197199 0.52684409 0.60901741
0.68782006 0.53667448 0.5280208  0.51246649 0.5448567  0.58930246
 0.55856016 0.53714975 0.55484791 0.53936282 0.54615425 0.57794802
 0.56996177 0.52686139 0.53480306 0.53235362 0.50898309 0.63048376
 0.53815588 0.60184724 0.53456955 0.57566598 0.54869584 0.59641092
 0.52916756 0.58067228 0.56545134 0.50800828 0.55282083 0.53813812
0.68782006 0.56091586 0.59852174 0.56189234 0.57041648 0.55518234
 0.59140432 0.56662435 0.60866777 0.54473115 0.6147886  0.55984178
 0.5441023  0.5644467  0.56273452 0.57405877 0.6229788  0.55980688
 0.60679488 0.58772945 0.5455545  0.58724969 0.52428107 0.62776597
 0.52060867 0.6018089  0.61930936 0.57819468 0.54875399 0.55255377
0.68782006 0.60199753 0.54222733 0.57746484 0.5604088  0.60598876
 0.52637769 0.58189898 0.55805931 0.6014976  0.58463732 0.60819486
 0.56545021 0.5338873  0.53692232 0.58413847 0.55042388 0.55440175
 0.58203056 0.62850253 0.56560414 0.53801771 0.56300904 0.54973317
 0.51275072 0.56205625 0.59322122 0.61147452 0.54728988 0.55512227
0.68782006 0.54702168 0.53852462 0.55049547 0.61381601 0.57592016
 0.57647884 0.58598545 0.54737872 0.54652769 0.57565079 0.56087295
 0.62382122 0.59543882 0.57583475 0.56515176 0.56103458 0.56825253
 0.56156139 0.5198196  0.61121591 0.59410745 0.55608411 0.51434917
 0.60322129 0.5977165  0.57687901 0.58990333 0.54699092 0.55755746
0.68782006 0.55814682 0.56034714 0.54792978 0.54313499 0.58262338
 0.59252126 0.59370577 0.54248245 0.51194691 0.61507537 0.55093524
 0.58157999 0.51331482 0.54588749 0.54293494 0.58620188 0.53719474
 0.55885927 0.54743059 0.56883414 0.55450141 0.52001483 0.59531393
 0.58543024 0.58777239 0.61113276 0.54140412 0.55533642 0.59220612
0.68782006 0.59723453 0.5676828  0.59010539 0.60798744 0.55427839
 0.58655027 0.63105664 0.6011639  0.51490171 0.56387831 0.550509
 0.55040052 0.60999751 0.62295099 0.59645466 0.6074497  0.5438715
 0.59274652 0.59453378 0.59370078 0.55058915 0.550348   0.57065902
 0.63372398 0.5717724  0.57592772 0.56139491 0.53801398 0.57880042
0.68782006 0.60398292 0.53795024 0.6066129  0.54768421 0.53330522
 0.60646316 0.59385088 0.5839924  0.5491363  0.569551   0.56190964
 0.5543124  0.55104451 0.55334662 0.59899197 0.60021359 0.5940662
 0.54592201 0.55855202 0.5223833  0.63439188 0.55507716 0.56317882
 0.55382949 0.60311888 0.57690071 0.56525973 0.51868749 0.52402461
0.68782006 0.59887637 0.63435805 0.55685707 0.55725984 0.61096145
 0.57395258 0.59334298 0.59772136 0.53468307 0.58241208 0.54728581
 0.55377247 0.58266319 0.52912748 0.55332491 0.56966334 0.57784007
 0.52087937 0.54552781 0.58598836 0.5812466  0.52154468 0.5494702
 0.51426555 0.61538354 0.60052761 0.56768044 0.59388914 0.5339813 
0.68782006 0.52574592 0.51777379 0.61687618 0.6013193  0.56563324
 0.54921811 0.56476131 0.51198634 0.61745812 0.59561249 0.56663787
 0.58930957 0.54411104 0.58749709 0.54130904 0.58110458 0.61027032
 0.63484152 0.54007826 0.52989987 0.61843833 0.55542192 0.52939212
 0.55570677 0.58442412 0.57248805 0.6059152  0.57124108 0.56919702
0.68782006 0.54837188 0.58202298 0.59432203 0.53678848 0.53632164
 0.57951132 0.53398917 0.55106471 0.60463184 0.53875556 0.53905348
 0.59174681 0.54762783 0.58468631 0.54270884 0.50957902 0.59140695
 0.56154264 0.61355705 0.57046966 0.55042796 0.55855395 0.5424073
 0.55023816 0.60658947 0.54199774 0.57797906 0.54595493 0.52905572
0.68782006 0.57385415 0.53355516 0.52680271 0.63454958 0.56110694
 0.54782547 0.50899548 0.57061308 0.54456457 0.53346698 0.5435077
 0.55665585 0.53357164 0.56892496 0.54624952 0.57702961 0.59555293
 0.5705898  0.57587507 0.51981187 0.59879648 0.59025875 0.54957875
 0.56919718 0.56225312 0.58625512 0.51952769 0.5174611  0.58097682
0.68782006 0.56389477 0.53423458 0.54670575 0.58555099 0.56463148
 0.57918415 0.59177397 0.55808803 0.51548513 0.53645707 0.56343779
 0.52518253 0.57271301 0.59459515 0.5428932  0.60224705 0.50877836
 0.55826336 0.61383494 0.53945088 0.62298032 0.57601823 0.53059155
 0.57883747 0.54685635 0.64282719 0.56038908 0.55085472 0.53913574
0.68782006 0.55420597 0.59539425 0.52178138 0.56499834 0.5912241
 0.56053408 0.55052121 0.54612476 0.60768868 0.574983   0.5818897
 0.57742378 0.58182511 0.51969002 0.59518014 0.60995257 0.5913738
 0.53667063 0.59750765 0.59460274 0.59927758 0.58270112 0.59130593
 0.56273029 0.55317138 0.54954198 0.54894932 0.57724019 0.58723685
0.68782006 0.56335405 0.52236452 0.55795895 0.55773842 0.61434293
 0.59129722 0.51718782 0.56257942 0.58840084 0.56620874 0.56053456
 0.60306039 0.6355167  0.60202487 0.58987165 0.57388775 0.56969938
 0.57256617 0.57808907 0.54222657 0.57845155 0.54553924 0.59004327
 0.54885976 0.55756976 0.55808776 0.57422351 0.56961974 0.51413883
0.68782006 0.55826604 0.5089601  0.57517585 0.57989983 0.60434384
 0.56594348 0.54827663 0.60629267 0.59520558 0.55374828 0.61156583
 0.60866516 0.58204214 0.59047347 0.56794979 0.54296208 0.57752936
 0.5947123  0.5917161  0.56315546 0.57516911 0.55176838 0.53965091
 0.64923849 0.58404166 0.56537878 0.54727594 0.55784338 0.58132492
0.68782006 0.52650213 0.53930162 0.58870518 0.59089639 0.54262562
 0.57176063 0.54435683 0.58943814 0.54672227 0.5117727  0.57050517
 0.51803586 0.60128505 0.5885049  0.53222447 0.62641175 0.58404511
 0.59962696 0.62351584 0.57290743 0.57058621 0.55145735 0.57861357
 0.52547136 0.61656501 0.53806843 0.59133616 0.5598945  0.57932816
0.68782006 0.54939168 0.55749068 0.55998511 0.5871362  0.58799087
 0.55031548 0.61019326 0.60613535 0.55716912 0.54528033 0.56415793
 0.58638554 0.56889726 0.59602872 0.55207508 0.54129589 0.53842048
 0.57406158 0.59608392 0.58111312 0.53350052 0.54645041 0.57158618
 0.5832927  0.55098471 0.56293365 0.5623859  0.52172623 0.55081696
0.68782006 0.55332655 0.60364489 0.56904532 0.58982642 0.53584292
 0.63193448 0.54222058 0.57964238 0.54744368 0.55887537 0.5415329
 0.58744773 0.58099211 0.55668688 0.53923824 0.54267853 0.55134094
 0.5177504  0.60699493 0.53074852 0.62271714 0.57539891 0.57793292
 0.58671428 0.57713721 0.51073908 0.53762125 0.57063931 0.59116513
0.68782006 0.51031544 0.53017611 0.55051702 0.5418587  0.60039954
 0.53678052 0.52630546 0.54570857 0.57822783 0.53877739 0.57578931
 0.59133405 0.51043221 0.56285684 0.54813939 0.57387758 0.54282578
 0.57310145 0.60550439 0.57165779 0.5673083  0.5842271  0.51114978
 0.56400021 0.58839182 0.56223702 0.61577747 0.55927808 0.56254728
0.68782006 0.59905502 0.56044855 0.59135238 0.57337339 0.52902388
 0.54581528 0.57504266 0.56501929 0.57062509 0.61157015 0.5372678
 0.53145328 0.58945359 0.57302098 0.54905082 0.60337788 0.60649183
 0.60531205 0.50883973 0.63394055 0.52185466 0.55317586 0.56915968
 0.5629234  0.54259337 0.5550778  0.55445629 0.52603519 0.59068997
0.68782006 0.57582619 0.56445224 0.51021083 0.5710095  0.58440479
 0.53396853 0.55518466 0.58977083 0.5771539  0.57891956 0.58245383
 0.51713032 0.61590391 0.61331677 0.55407587 0.57863146 0.55557698
 0.54568223 0.53736143 0.6014698  0.60281162 0.56215045 0.56302213
 0.57383262 0.56213755 0.5522456  0.5497742  0.55005026 0.54442244
0.68782006 0.5867606  0.60526633 0.58254188 0.57707705 0.57901119
 0.56149202 0.57963487 0.58316995 0.5201493  0.57744743 0.61898169
 0.54926547 0.58746023 0.54327939 0.55664932 0.62654541 0.5544762
 0.60282254 0.53997625 0.56668588 0.61961746 0.60733206 0.50845876
 0.57775185 0.57767192 0.57821956 0.59756364 0.54545023 0.57800674
0.68782006 0.54460516 0.58181253 0.58941076 0.5399561  0.55451083
 0.58362146 0.60831393 0.51067756 0.57831376 0.59543086 0.55209761
 0.56207578 0.55218158 0.55039848 0.56866286 0.55638805 0.55817315
 0.59807169 0.62280868 0.50936448 0.57642715 0.58713709 0.573192
 0.56225771 0.59416944 0.52989701 0.55052885 0.60520472 0.5742861 
