4.987822560885412
4.745845252188678
5.0857505167239605
5.11303236408143
4.909260215354992
5.0020059360748705
5.044019204190838
4.664689006443777
4.912896692483749
4.973869484276156
4.988895484803662
4.84802730575495
4.877439283086046
5.051008079448351
4.90438280864214
5.015629110904395
5.077121807157825
4.678136882895425
4.8084092787142145
5.014217235018718
4.995458827983601
5.023349235883808
5.100298544717713
4.876260597651538
4.970392458620218
5.014409801723846
5.105577569549915
4.905798180481808
5.008854368051948
4.761133982940499
5.0508065305322765
4.747879771176558
5.133826738503125
5.094252347016923
4.898824704861124
4.79369551156454
4.79843097882308
5.048148628573487
4.720936527409353
4.861619399042259
4.791729423282597
4.898511610184294
4.797240104731529
4.771159348372708
5.045350459036427
4.947002475916439
4.9118687998951565
4.7516099202390185
5.065500677538492
4.910311439416942
4.828175886932145
5.052328215943686
5.074397299523117
5.074071979834048
4.86596655466888
4.905319589216453
4.913176325037633
4.907770333017647
4.869091590832758
4.787285201716555
4.983093195084507
4.8980515427132865
5.007595477857905
4.951052973498601
5.066216382551607
4.924028844449914
5.039948818403019
5.0009933653926275
5.004298322183574
4.9700617284963915
5.030449805175449
4.95810381129352
4.863974490331618
4.974640851795654
4.844345378272867
4.776123382767761
4.940222022006081
5.111350135324737
4.988491570670101
5.132870295818262
5.019233240534576
5.0806688593368925
4.735222764343841
4.88958545149871
4.863526948585901
5.011191877831871
5.079591941212993
5.080438381313997
4.919872409916752
4.989636977630458
5.075097380844245
4.885324981708702
4.957762928246127
5.00250410941706
4.7997049641913945
4.934347867365563
4.773452726294871
5.089585278380592
5.071590727232727
5.00769674668305
4.71643433101653
4.894643609058025
5.063799169375095
4.984361623145118
5.139481882439104
5.087660172776048
5.039074529404926
4.873414140493788
4.9398998453411584
4.91291752634238
4.781383648296763
4.8092703697673205
4.695204819281982
5.076039873772085
5.137518111249731
4.710841984278475
4.894073025812063
4.770240980524686
5.064491639793229
4.8905804435233655
4.973855242454228
4.729484778066192
4.798826794339887
4.908289729593506
4.96708852798167
4.88318460812965
5.030406545941228
5.042499077982217
4.888624636716326
4.978251068056355
4.7921260302836135
4.913844413888322
4.9728445968389146
4.734175272024366
4.919524243953479
5.000049144653715
4.758084283173093
4.888667435734773
4.911660187891218
4.880896487200892
4.889360471210514
5.020214913359528
4.692429134467454
4.6916577876833605
5.037721922167792
4.954015248361743
4.905730391014027
4.962974126371521
4.8620544282720335
5.012097318238146
4.957558617775021
4.992576115479892
4.872511572221573
4.907756754299335
5.067514848842529
4.9446265170728045
4.97101240983351
4.631935527527074
4.881764871674
5.057610913647403
4.988862662160473
4.9975453934041125
4.9096500965313945
4.890315748377776
4.80242734041956
4.880869066435014
4.834054665312237
4.976596243375427
4.9136150515658015
5.0713854889909795
5.041360296088126
5.030839866710611
4.9168725382028695
4.942954141380842
4.847333035858047
5.085369970663882
5.011817244760962
4.9535498764656225
5.043800579700574
5.078674446831217
5.048493509057767
4.786281159114694
4.890075916414575
4.916129924292349
5.060481051860835
5.061780919488537
5.060359745829223
4.720204207919426
4.997342996746367
4.891024082542555
5.03062130753909
4.983001323027363
4.713901622904123
4.993278345529416
4.965623125643335
4.88827031268582
4.935729444322936
4.982204689205569
4.777879641527853
4.758951437571714
4.951921100227159
4.919685529123605
5.00648578324525
4.956327082791204
4.753997145157337
5.115399367088507
4.726732063597733
4.9147333429017985
5.07194617425798
4.887676230906707
4.829268656171482
4.9610503772331365
4.908124297037783
4.895959177585924
4.855812120990246
4.989135798202926
4.688334712044558
4.976228229092944
4.827007235644714
5.058975068634598
4.8310868783516145
5.0574109943945365
4.85841314902426
4.894012758778824
4.897330222983807
4.795600858009861
4.952350675368654
5.073119621419776
4.756178707324203
4.836348421643671
4.977695892985413
5.039410258334788
5.093036019640569
4.964601700075956
4.971533364283047
4.778365495301696
4.73478794689646
5.014161447006266
4.9364434261444385
5.048512569651914
4.934301875517651
4.940014539464706
4.928275960279994
4.942080799218147
5.056179150141879
4.78944796080081
4.9667245919470835
4.801970850707604
4.603895703429545
5.060848159840935
5.0235038735296085
5.017897948931706
4.828729263425395
5.1052529099970485
4.975692316779741
5.004291429589357
5.006374726824984
5.028826578673824
5.016308640710645
5.0324667817248585
4.873232471538163
4.932442381204014
4.830401110460827
5.056818510907485
5.057756591053178
4.94339933613016
5.045792914306988
4.824476933194803
5.117546483003635
5.063622872430278
4.923284141515566
5.021085386993233
4.7831661127804495
5.000461731735578
4.951216761836972
5.014183716758624
4.996741688111385
5.029838977093587
4.804198060438277
5.0764886739045325
4.811691826862005
5.012615349216278
5.046306347128062
4.83984356250626
4.911701029950588
4.884057635454181
5.078769347083369
4.954201946244641
4.938580867763747
5.0929414202174454
5.053568535148843
4.8640714660825966
5.034745459711346
4.98929699326067
4.94608916500509
5.0238904797802775
5.012863603859335
4.67796508807327
4.999835657110833
4.847935683287222
4.978618732467687
5.133601704361745
4.807160488270446
4.682085284309514
5.050006320406613
4.680899502588816
4.976880329626047
5.039132648963283
5.1091813549490945
5.025509783825836
4.799780732067271
4.790514274310223
5.100067718974166
4.848383745677877
4.65634275974265
4.714783773497106
4.906299202759066
4.870754856524423
4.98362265919719
4.8612172753197225
5.068270136355942
5.022184545571518
4.686957904226374
4.7984572762978965
4.96666926999502
4.855446885937716
4.858814463568046
5.099617443969778
4.97648919444344
5.042066667310229
5.02386500656496
4.998107699214898
5.1028368661730585
4.769856223923234
5.038602895587551
4.940078092711124
5.0299273344057385
4.957431819839961
4.976296205677121
4.91086720773883
4.957477349008746
5.003970374719968
4.942744622216416
5.061980752824776
5.037096016597287
4.905173114832016
4.978484211431626
4.7204373946220155
4.973294004889341
4.7911581985119565
4.986379568718077
4.824216364533386
5.180302281119316
4.996221200838881
4.63620875775551
4.952026691196116
4.849067760762934
4.869839684909483
5.023946037269691
5.016096865569696
4.898316472777052
5.040733800625395
4.901217111301066
4.9011871770439415
4.9587577012470545
5.0442157948982596
4.881164169943197
4.79458330087133
4.867639126719118
4.938332829864257
4.760818749741586
5.001506202302019
5.074268243241166
4.924342313936971
4.752165708696438
5.019311146738936
4.995640931515818
4.816403618726872
4.939517675931716
4.843540519234296
4.975494559046454
4.992077932779171
4.8446012293107605
5.0109576739253425
4.963699076940539
5.10760819105829
4.860406941294744
5.1030516298797615
4.799916249714919
5.052628711464443
4.800075496518836
5.005215313760094
4.91701098592299
4.956925190713687
5.029055349099608
4.67116778821777
4.941129043787779
5.097834957192076
5.0700984244125245
4.794536843518061
4.877155526455531
4.98734016837379
4.9149445923633355
5.01847543563118
5.011885097816372
5.075195466905729
4.822362235929731
4.722005634762883
4.833880903373732
5.009416054070746
4.923920491227891
4.90988283611736
5.145492048151781
5.0474764794201725
4.941394886753505
4.829572404198792
4.931367872718081
4.81135825292583
4.976067224937958
4.824500560318025
5.063463764103079
4.73949943388029
5.0187047910908795
5.0822709806348465
5.036436452356098
4.678917408518858
5.093696949117218
5.035349094472265
4.806645643928609
4.858864793519742
4.851796598842457
4.862175743572718
4.808543460605847
4.9105781019715895
4.980086218149081
5.059523484153984
4.969196178490418
4.917130534435937
4.875083157411486
4.741978030879571
4.975968654872252
4.980790120572689
4.9301309712022645
4.8540456726879615
4.84620592209526
5.061315294542241
5.0396004105034145
4.842986434544569
4.9816605325114125
4.969424696593218
4.84722172434884
4.993825332878152
4.965175465107286
5.050816672501857
4.884025153135353
4.991218846505649
4.935235880466286
4.979849473039537
5.097596778342649
5.008456745868289
5.0202663527788145
4.837337555226086
5.080960785539293
5.047280683764605
4.99068685640025
5.031816795902891
4.829934210362811
5.046859057837014
4.852511512690001
4.972584847728263
4.893590309891793
5.0206392817468934
4.787261746861988
4.876331056017176
4.9926800207488204
4.976447351745765
5.088284653300343
4.964049253216361
5.123259503896852
4.8825613107784145
4.705310693898662
4.66553725877543
4.8272373517361284
4.896920511945899
4.7399882523151655
5.056810381701069
4.9161482137987935
4.851344391072624
4.868926340663218
4.848497323621176
4.890609973552707
4.9335253824274865
4.808728862755941
4.95710795363361
4.861332985787981
4.7766619469121565
4.994734396549962
4.7861626158295145
5.055495853018635
4.816699962936982
4.83212896624342
4.953362409778355
5.032824325204251
4.916355296210189
5.059878176926707
5.032073913572133
5.044783665302796
4.868473365366103
5.070979137828157
4.7992502932763355
5.061916654065785
5.06926321518124
5.0388949783690595
4.962438422269228
4.832358187170683
4.861982079467676
4.836524126020926
5.0359804829180375
5.019664203060622
4.885501274759405
4.9401498144726625
5.075134164517403
4.916756267279686
5.013023294928405
5.049178503880198
4.987522494332083
5.045457162371962
5.066390488072753
4.928520237460089
5.064429629262872
5.0024491515889515
4.904906176689012
5.089930480128948
4.704980138290653
5.0555178191732
4.864068370988943
4.921982196480256
4.712322872541561
5.070521959179221
4.935806274917071
4.9727745085461175
4.961197663191502
4.962976206721917
5.101502427127442
4.969986371745619
5.015574265845465
4.837652315904785
5.042861374083142
4.977344884731786
4.95805369901837
5.047828580141316
4.837216728277923
5.070151006919791
4.97638126848864
4.7863100217095
4.947493731805663
5.00104339404188
5.019738773958932
4.896347845230207
4.846468960554538
4.9638712183440115
5.008335550822663
5.080681203140705
5.070665462230331
4.961182232863112
5.0306254518235
4.905855135682149
4.811275333051938
4.948923423928879
4.953225765537648
4.814593282167346
4.941746748194542
5.064487352413992
4.866376981023371
4.99315472624431
4.724140454614509
5.016783047304654
4.794096157191085
4.919227657883155
4.833001370873473
4.9670972640921285
4.919311553523745
4.747095115035523
4.865363500491733
5.005149752664725
4.9127297479767
5.0147431358145855
4.94981159040953
4.810255079915517
5.10302637286274
5.04928563807559
4.701847054889132
5.01685833616033
4.89903247992318
4.9952338591664045
4.754461500324325
4.921077778745173
4.870521772541122
5.056378279887515
5.029013800184251
4.840352906084632
5.005325363391423
5.0322432189576
4.907881196231851
5.063366326184424
4.833476660673608
4.862580633197227
5.08321042578602
4.915849605416798
5.000995298807404
5.066125377208308
4.884601699851742
5.043021300152844
4.9950161077174515
5.024333891245081
4.941462661547027
4.832584676317572
4.982531353485765
4.997912368047854
4.991696944049173
5.063493158055809
4.860731727036502
4.835129349745875
5.143941545759533
4.95901065750181
5.028176698768289
4.924069885960345
4.8325799722735505
4.953671566974769
5.064324758017334
5.083192856424932
5.097406007738956
4.911286531587764
4.807500103027075
5.0321871162874885
5.02529798531349
5.063687480798743
4.96298358663835
4.9618254322974575
4.945736635685183
5.034650892774641
5.0607518397893045
4.981614340777116
4.981309650882606
4.715143640071339
5.038161869638922
4.916730333439328
5.07428119187899
4.920170664305304
4.999014353014504
4.872267251698257
5.038419158419393
4.964935870493416
4.972157854431547
4.763102757179152
5.033650376918819
4.870091869602364
5.1037493140048955
4.995193238773441
4.795523307980226
4.87307045909264
5.05235543962612
4.931529241041875
4.880468442292679
4.970460247565404
4.69172569098188
5.034886557164956
5.029096203607495
4.912318996482436
5.054859793681559
4.9698813266906114
5.068030826490855
5.034356743568239
4.936108007418183
4.842605573224105
5.022648611653813
4.860062842803552
5.083206222026251
5.016635193442446
5.066589175006139
4.77191553133232
5.10442649659707
4.8532663762119075
4.915104064335345
5.095404865784503
4.923330965357704
4.727383737349803
5.020515819350718
5.022107870419011
5.093986232542536
5.070513613799557
5.046319273239602
4.849013620336041
5.0260979378139385
5.0478143012208445
4.779393746018236
4.994224051599747
4.885739493876654
4.751945931223728
4.881820928839392
4.576242991756331
5.014920694816474
4.664365687540947
5.101008187296122
5.0174342657622555
4.9991408793320256
4.9823474916445365
4.938022064350596
4.788061039376821
4.784590038267589
4.9317939629145275
4.93493483126106
5.0801510438249045
4.950856680428831
5.0170140587055725
4.855336030592592
4.704474754185165
4.9859574056723455
4.8481751685324745
4.986189672646674
4.989063666778269
5.042473901621451
4.9517185926296765
4.545452949066429
4.888184176866313
5.047958496161271
4.998294661026371
5.008731618629562
4.79028987918209
5.070057031326058
4.846489013127922
5.016749070890439
4.9397161322860965
4.834676298048609
4.680585711913775
5.038092626891665
4.861575963108298
4.888879307883319
4.939996752041626
4.79393173351077
4.940563084669765
4.701257966283148
4.832493156614756
4.91130958008216
5.032498358690375
5.022401252919611
5.035846182806406
4.8320089484801745
4.893202221324264
4.874149202507746
4.938154725667052
4.864597531753986
4.92428244389042
5.050178039701286
4.984933906723985
5.0515877941320575
4.8959477246417435
4.9046729665213
4.92451956951686
5.081807342349184
5.085008636713396
4.980852662150302
5.0645572476774
4.9095164460402945
5.052002870511455
4.821493353073749
4.984651246582218
4.913769269242263
5.04331788644839
4.968462715298286
4.8715110453375905
5.01157633773234
4.73802078783898
4.703509885931818
5.0347916753408315
4.955883295751539
5.035705531137863
4.7408447694729565
4.747906013160634
5.070183004804566
4.9940865717504
4.954703779612984
4.970653823712221
4.687586275884625
5.044292384429354
4.929889442630875
4.628384161967836
4.799006937150239
5.023432717815208
4.935582664469919
4.881751877141293
5.034901907767394
4.952114179741117
4.9570128036421375
5.055689424002309
5.004074002503508
4.800864001140138
5.108231027294849
5.004595266364837
4.728692633727196
4.770784032998898
4.934073497871172
4.9739626442039855
4.861212608681932
4.911602705781561
4.948677608451325
4.876402948310858
4.922458122817018
4.849457008139209
4.953194751232728
4.807641561907609
4.81892235479261
5.0385336122977264
4.967127554874706
4.8754030464434175
4.751916078155692
4.866291580893973
5.037561408652405
4.69598600626623
4.993661834095738
5.0228154727357275
4.890637678062047
5.0463900229446
5.105630960210597
4.873563536025655
4.940078795399826
4.902746393127057
4.92666896442545
4.913519320499733
5.0644198306311
4.7709802782342035
4.808886084378437
4.870390927913456
4.957168698865525
4.967209689576694
4.770492591473539
4.884655892855271
5.086859518118964
5.090957931027009
4.855865733467573
4.95790113175146
5.00726136529856
5.029118960029733
5.111803753953317
5.062291342554212
5.01747539654006
4.885975623524535
4.827564152577198
4.959399211495772
4.883530188927983
5.038821631325391
4.990970157501163
4.80117849773831
4.973158794620454
5.094701598601675
5.073756552620303
4.9248251239907
4.987027880374001
5.113361453285453
4.868887725548286
4.992632768465275
4.749899294647687
4.882407561320266
4.865413944853146
4.969350208098843
4.853119447559785
4.958866297181466
4.975785105417627
4.824395800648565
5.03491953035235
5.075517014431773
4.991623556092902
4.840785431576895
4.797912609737386
4.982066834646164
5.074914681695416
5.058888255114097
4.846298915941786
4.989751147150253
5.004047845082634
4.843075510620555
4.6342836794043665
5.126747655662295
4.865593612829362
5.054587411846749
4.877732669032007
5.0783302054699435
4.992449831028581
5.060424184599622
4.77685472072254
4.801129779871108
5.04038212639785
4.961533692453257
5.018713383582643
4.866012228281914
4.845590124228881
4.945803411737751
4.979902223587434
5.027467145255586
4.864321805391923
4.979064232564403
5.095857317853791
4.86860025238191
5.082482633163926
5.026399249162942
5.070582784311329
4.933983515094966
5.047259781892477
4.920068513631264
5.005292661931985
5.119955577527196
4.960706912348633
4.895692440084053
4.92741774494442
4.8232614942423835
5.056739612635707
4.971222195235112
4.9628199613387505
4.952589736507188
4.959760876435116
4.915977940771005
5.0575120267064015
4.788910733810514
4.970265873377617
4.979226864026871
4.946117508903936
4.844085555904571
4.766312069647467
5.049502389085346
4.941234569008826
5.0306887694143265
4.9711998942880795
5.04985577293158
4.9404460535748465
5.074432465572695
5.0200544676710805
4.738824808023559
4.710521104245218
5.000344688420617
4.856543594831404
5.056333271451275
5.007111905816399
4.8691759884891
5.001227348163148
4.985357104057026
4.917785654571827
4.818029077503509
4.572722325387367
4.993271001353212
5.149979818936864
4.836118414011898
4.76680829932959
4.99527020438849
5.085421349801466
5.030683081248569
5.12182539339608
5.033087081048129
4.873635828138245
5.025423318973816
5.018645816762933
5.018362244994224
5.0092228168300625
4.951598610296817
5.076012440715139
4.966890112494975
4.843287984517564
4.866394970214952
5.0751694672107055
4.943013019522673
4.814165445109809
4.942118493853226
4.827802507956452
4.922173708462522
5.035145366381735
4.983355574854181
4.78063119869713
5.025167998952567
5.0343256581485045
5.019876038838416
4.912382603824955
4.996541297312449
4.9878676856345345
5.0111738706866324
5.0338157903172105
4.777238888977517
4.9364260426411555
4.915051558505996
4.7495342365692474
5.029478964794294
4.893819891548164
4.91402834436435
5.006551240476207
4.858571665774649
5.014285009810058
4.97648580283566
4.932082604677583
4.927904179083691
5.069469206594124
4.811512864895692
4.840203165986252
5.064669674519413
4.884852986375676
5.026116561611279
5.06675444373787
4.959815919390103
4.972114966476037
4.866218318335083
4.960275080021644
4.978315734109509
5.014381775456253
5.052612497529762
4.99446889451533
5.075941834593631
5.109667516520125
4.887326358792824
4.931388171699853
4.977390581653697
5.152109120754292
5.00781373540359
4.912861124242663
4.943522018525578
4.8481722608731435
4.991471664690845
4.805684984271865
5.131658090813377
5.009390107978464
4.992792725839887
5.009418336329386
5.007265197476834
4.955668632249206
5.096549803967778
4.807811198519094
5.0825374729154
5.0893542618665
4.8761529931022976
5.032544432382969
5.005292540808502
5.002710241446723
4.933823214169445
4.839157153006723
5.028930441438083
5.053087567347211
4.921253277777545
5.091313774167032
4.989615631981168
5.09537335017829
4.991273560481468
4.964833631786363
5.063911727123682
5.038435223377707
4.987243654875321
5.0374086614968245
5.030199423892489
5.036657384703699
4.857426602135336
5.027948695790922
4.603091146110014
4.880117658909005
4.7396962908283555
4.982011695710473
5.052467226391401
5.073003189003945
4.843175666038953
4.900189237889116
4.969369615826304
4.788652480823658
5.0486676242132456
4.816679121400347
4.667245700706956
4.9140098030755786
4.976065089273718
4.828416037317589
5.013576766343395
4.920166329808125
4.953514911546268
4.954563899255389
5.0038039221902775
4.877963839214687
5.082785070498341
4.98657533382302
4.975053203398117
4.86447615586664
4.730736175455357
5.082636244454004
5.021628383768279
4.742368434885763
4.983298077650383
4.875152702411245
5.040682133401542
4.98365105459702
5.072665783630351
4.81725865468042
4.97369105931424
4.787657560505068
5.019250265400968
4.996010136441759
4.938375839160167
5.0273753685107225
5.010842474628905
4.994604780517238
5.0088566869729885
5.0118849687254805
5.033455201192643
4.848498190118614
4.980321722377277
5.063930041337078
4.804742370308184
5.08526477012027
5.125009472731283
5.001767720387733
4.84509674951164
5.001230045625679
5.035316075775674
4.88110735444771
4.981132377089556
4.840939074153593
5.076102248611321
4.850896088602138
4.861520882794684
4.890394705844507
5.101441382902964
5.077930445608103
4.787779978711356
5.040362857245134
4.984443919803824
5.035703760635926
5.0327084413433845
5.1126890696022596
4.98587722229801
4.90735546772229
5.035183902851993
4.786630566220775
4.912203531910606
5.049686345086398
5.008011748796796
4.986892371791674
4.9987056985471146
4.7766837009818435
5.03459738778337
4.9119634157040695
5.062354673440112
5.05036184674387
5.042573337959319
4.8947524601933114
5.104377584266691
4.784073813682045
5.035453301196993
4.929197641297892
5.107197598480517
5.030562269990877
5.0098846916359046
4.960555039903486
4.991567650814333
4.9693067726957185
4.97670841236598
5.118678884707424
5.050744517921216
5.020575815379226
4.738754268663821
4.957890779906707
5.0026456527500605
5.084273906125256
5.00500846408459
5.083529097520465
4.954821796224146
4.843187842066608
5.118322766562417
4.979902225713627
4.952064534749475
5.084262754911346
5.00518487877691
4.901579614207508
4.800864889594206
5.094293706379478
5.01131690141624
5.106325877797282
5.127179741121316
4.794979154206349
4.947620401709849
5.059226878243373
5.041882783542497
5.02730536746912
5.128437005995577
4.999723616342138
4.972978030797981
4.863539783100598
5.0486661073909875
5.10555729145353
4.72294110202607
4.948470499453468
5.037242042046567
4.983362517633223
5.16321845406754
5.033988258442731
4.808758457123647
5.047175123913473
5.029086239401682
4.864460233550884
5.022394018059541
4.683132853712917
4.801663185239577
4.975955567074761
4.978997334457782
5.012283605138963
4.9859204665851005
5.1032643185753725
4.933134475880328
5.0385264240950365
5.029608537866341
5.089221089367342
5.05375239560661
5.026290223396252
5.168330400018444
5.027763986668845
5.068398908534674
4.8333446772544875
4.99273171547073
5.054116428957679
5.013286740816369
4.902061771296498
5.01180021365782
4.806437521789736
4.767514946731031
4.832846421874613
4.985242708037061
4.852565249811803
5.1339910704727245
5.104161794673956
4.910065316831029
4.963425733470208
4.891221431812599
4.9981974507699665
4.7974004895487825
4.968725014737656
4.713261422985397
5.0940859410183235
4.938981256419901
4.84448729195386
4.955920749180909
5.026624141805727
4.929686500395085
4.885320085528865
4.807677090853743
5.113412130869808
5.108264228626467
4.988285428411459
4.929220852683479
5.120674631608818
4.669862314690312
5.070210697588905
5.103777728980631
5.050080627451484
4.9322569185002205
4.85563350185959
5.01319631337632
4.9883355724481175
4.910138275245472
5.049828012565271
5.034844108788769
4.889032365533529
5.049616643577466
5.064726495648507
5.073218269463167
5.0512446368149755
4.829878628627716
4.899658722717636
4.855885747674947
4.782489650018987
5.023951619039699
4.905828478192776
4.8939101307330235
5.1389690488524495
4.825555283058417
5.083635906499002
5.135093640908327
5.046249703403352
4.988858025860844
4.869887634282694
4.979204558241657
4.89388658208885
4.848651009059853
4.878376486879284
4.891574509742869
4.913275793582942
4.792110809366797
4.850391257649862
4.958070133728825
4.926224522251273
5.0492404379895115
5.02940263893283
5.107550241416743
4.941598881720941
5.030589529669642
4.901276169668682
5.000604842247767
4.807563763417276
4.923383943639946
4.982848919252264
5.068150332166669
4.821267521973386
4.974158026421827
5.136603692325492
5.042220592712184
4.915428719534061
5.037420009251626
5.074920984438216
5.0352195645390445
5.049007355706995
4.973440549325606
4.9694041897694134
4.935465548998803
4.971383663548831
4.958648779942222
5.0528965461358055
4.90703454490805
4.933701617874987
4.893082757583738
4.915295378766243
4.899514354893652
5.030156601371013
5.002454843669195
5.027591357222343
5.098798901939251
5.103626856141054
5.089064655255132
4.979526746269557
5.072636758168653
4.896607166411463
4.930366695123396
5.0124478156095025
4.850781953091574
4.837210131838636
4.794340114767559
5.054288166588681
4.958588958110567
5.125341158451614
5.0245916399102875
5.016991064784512
4.839245617594172
5.098038292156692
5.029995877058935
5.052522905341123
4.961661229323498
4.795086501190472
4.889420857435797
4.938449825651641
4.9947679234029945
5.009506543609304
5.055142818602644
4.947821204545996
4.838967602418288
5.020038850676855
5.045693984206181
4.85164622785231
5.008612576229854
4.955342758483498
5.004512095873828
4.954254794518087
4.908330937628201
4.955353678709034
4.993673333020496
4.817651721681804
4.89700751849043
5.085433922919655
5.037451394065044
4.878779405295455
5.123013465993657
5.078595114947592
5.014065322364186
5.0041316762719585
5.036164466238433
5.098524780435439
4.732680593829331
5.06826738071993
4.83813917647196
4.997583674949116
4.982204031947269
5.021333283732036
4.856835463283892
4.922290376961766
4.914580113618101
4.7761763470919645
4.93541237300905
5.087013412880097
4.738597922035641
4.913003930493345
4.716349726083488
4.924384584694203
4.870099389840774
4.914040219599762
4.8889531108597275
4.982007003964338
5.054518497171054
5.064476049294285
4.987430643723716
5.097623289022783
5.07018796785848
4.949028395604077
4.927048137053004
4.8774032648235615
5.070415534290563
5.008712267426901
4.800146706705328
4.861507948743627
4.998063180491922
4.786319200757651
4.824501228088802
4.897133243438938
5.017095203555529
4.877463054303496
4.995302165390262
5.028064325161332
4.806066201433679
5.072349726746091
4.988168693878734
4.844198323509007
4.903197273590003
4.8759086851245135
4.91355387710234
4.941675127212164
5.013787871343091
4.782145784397549
5.009378266523664
5.144977428789469
4.853021158750441
4.7648274783652
4.93715137484316
4.820689961306703
4.9210807579776485
4.936430094185206
4.821218708421033
5.060174513346456
5.06824197142904
4.807772605625264
5.014452918228869
4.763765066074959
5.000543935526135
5.022789827211546
