4.808530588520152
4.6505951609897345
5.010346822942604
4.866283190577435
4.928260184207494
4.629339862703779
4.97189222904754
5.047787857359733
4.754629581815214
5.132759754030286
4.9683868548799195
4.965539922990199
4.9329522997220385
4.946605552809982
4.8355157146045125
4.635282028247793
5.014701502476129
5.085529246006218
5.055038295432082
4.963979499469538
4.848885336039853
5.098760299624451
4.898992227211408
4.676356084761683
4.963129020522376
4.612923251834849
4.997250996069429
5.016720289875375
4.790963405546538
4.897391651551238
5.100311393719413
4.897739352473084
4.859034451714733
4.881151176152593
4.965012035000359
5.01563915997532
4.573717558708717
4.958789123611883
4.930575222073057
4.890592746445575
4.82004390432193
4.837972059379943
4.705144654782678
4.826239395238069
5.032213175221694
4.898690353422906
4.89137729281458
4.93413027842488
4.892288183202017
4.9717469245365224
4.93088951352733
4.808055783925737
4.932544559279249
4.9331814520045025
4.872807673685381
5.059822423105114
4.958281278751655
4.653350891718833
4.778581857171522
4.707323740532542
4.97300007150959
4.98572624967105
4.78768929647377
4.948171740414128
4.808736476756724
4.683644069910768
4.890205723643709
4.998697700376221
4.8853078410197535
4.955951994891922
4.916542770854206
4.965738881175615
5.021252186780897
4.8186524261292965
4.906219334105095
4.9299897631353335
4.965585595797887
4.7693018317703295
4.933080053397238
5.0495930281753045
4.5842858232658
4.872723690453715
4.942058814551126
4.874820155893725
4.932199454564204
4.754031136286634
4.946330726070667
4.785240921375566
4.973145132002606
4.849447426029049
4.795296958398181
4.7078524898400005
4.949763031081916
4.794111564642614
4.683773145862223
4.809071874115943
4.792565092201355
4.799031538277501
4.91585424625356
4.83367175538915
4.857536445430787
4.9172865339853855
4.8266332624594055
4.955724239360372
4.963850547828227
5.030455879489345
4.915955756461339
5.08287335886653
5.033816551704969
4.581094418208241
4.9060589528243215
4.982396261117783
4.817459113128069
4.867802543138493
4.914525951409035
4.784535637514145
5.005299078324766
4.875874155906536
5.030895692717041
4.856610927409341
4.930613297393411
4.818544860431319
4.849965275737341
4.916038603691053
5.009162990449125
4.7621327251887715
4.833956626124435
4.878142367936991
4.842722879852864
4.90655637951481
4.9549534129873605
4.979950140737061
4.635196932957246
4.6218941027975395
4.973571224232362
4.8433843792791365
4.966445596144336
4.865314986357539
4.717711718023813
4.858935658027338
4.841154077706237
4.7144005290984206
4.99215664825872
4.873458931497162
4.745422580242468
4.643653540000509
5.1082781674916005
4.8873786776409665
4.899984587196885
5.0057893062619545
4.872977006062296
4.829956386911155
4.901268142833283
4.898514386760724
4.87492048214859
4.914949273382961
5.026471561797426
4.8745451930211035
4.9400237492574774
4.93884201831984
4.981132172272637
5.0666330963459885
4.8183128923912495
4.983992108117854
4.945254311917974
4.85107800638054
4.8419399712647
4.835456144278082
4.812827733329517
4.898348226941327
4.954831986907431
5.015236727430759
4.784444968095861
5.050670845546235
4.850755139817658
5.034563042019255
4.811055428952007
4.864419759425999
5.026848815491691
4.879119233476336
4.9728231117489745
4.878117895139448
4.841019453279403
4.752797400351056
5.000702172720834
4.923563652186664
4.963697172536871
4.97531289228381
4.817879157085255
4.908284968831918
4.905423959754064
4.947969810880679
4.9309442791114675
4.8243051713625364
5.039133304562024
4.964010069835881
4.689743990380253
5.022400435550594
5.069428836564223
4.950370705043304
4.802929048977658
4.808480915336935
5.063162500928282
4.824465814433682
4.930590730602905
4.865832402009911
4.881742274213192
4.75700246209913
4.813426120781717
4.933126662163115
4.857553834140259
4.779731144575714
5.032368337409685
4.9469312884443095
4.966925366260658
4.942859031133348
4.900659521924251
4.939156955598842
4.905749929546314
4.930930129789964
4.8974762257250175
4.8060937119772245
4.931214319705109
5.049810010628571
4.916644188237925
4.942067088461383
4.891294340331214
4.960782117578523
4.994574855121916
4.904236427619313
4.9217401766062965
4.90690768555131
4.938177185376382
5.01506140601394
4.997174806044912
5.05249666477318
4.793660199200061
4.980908487002602
4.921485957846436
4.941889816891266
5.108848451220153
4.999596519419269
4.865893572465791
4.858270487092937
4.866255401475086
4.84983922785203
4.82045199208353
5.101226919466254
4.824110807853866
4.6369146635999225
5.002702405363179
4.965120281512342
4.9176088946936245
4.940788805311464
4.980794024073241
5.10570667881312
4.865959389119475
4.998916650589553
5.022812624198877
4.942025693137937
4.868421423803808
5.0239009681203095
4.899146012536799
4.882904923460657
4.819292116783784
5.016313090124208
4.705915522280722
4.859608514625756
4.857439300907856
5.048194485594166
4.944101594380093
4.8188124972778335
4.7568580331476005
4.830338737726855
4.955381355578599
4.94745381910531
4.939438385455746
4.790661217713885
4.898919347075096
4.9805378050953735
4.914644003603604
4.841432069666914
4.899647987200346
4.942279463153668
4.809619120460317
4.653502668357384
4.843891207598326
4.802710188466742
4.68245533339371
4.939838138251872
4.9751300624352455
5.02345427844778
4.887194033714266
4.963935956382326
4.627725491315665
4.769394426108267
4.761172534119036
4.986310773551306
4.865893326141715
4.905877450870064
4.929791434299167
4.973141212525244
4.706493460982668
5.047162073346614
4.987466745185541
4.93665796129587
4.880990098891887
4.941379966153817
4.9913354403925405
4.885157065245725
4.822812148066045
5.064086567383325
4.84137300402369
4.742967465905621
4.75102822478505
4.825073940806039
4.801939541699118
4.926045928198935
4.982089441651318
4.910076551592787
4.991154172133169
4.9103392965435955
4.754061430269698
4.922615412827592
4.539193475253946
5.133855774378268
5.041071621863051
5.018871616740947
4.848388480113827
4.992318882459319
5.080652885016447
4.835473804033849
4.746986060070242
4.842457910723303
4.9239451324816
5.0552183119582565
5.108146222994186
4.7568987078012785
4.733563089774947
5.0320108126991245
4.889330526789954
4.97259683221397
4.941877976740828
4.810898994406597
4.801927218097167
4.930661375090231
4.899195139037076
5.016221692285419
4.8904461920701205
4.906706515929644
4.864562127837899
4.8176077660556755
4.997471490324356
4.873047758675535
4.808199016805276
4.989983705939365
4.817743963081233
4.753484354698905
4.944112752586491
4.990540474532833
4.79301969977631
4.77706231549802
4.9473281380232
4.738837566667436
4.843411949463839
4.8912207438576605
4.898128137497269
5.030618294972995
4.873547351655892
5.008920305740908
4.926645713420015
4.873333578050541
4.939912645774393
4.82511512040193
4.956326148690176
4.881980086681885
4.713590213443935
4.866255949439833
4.922445316748307
4.899564353785384
4.920594725534193
4.75600202148999
5.005252036479515
4.885474059169605
4.941206130386258
4.7683848780826805
4.981912653232321
4.8667632917749835
5.007692864433738
4.849833015790645
4.697303009789098
5.014572814828292
5.07301720301957
4.864511720055506
5.0231205029158605
4.891064777471527
4.94940885505471
4.800642053767155
4.9321386129862175
4.887012717445643
4.880869271242043
4.874621817959616
4.972280848539733
4.947835454165234
4.678410904897394
4.7283863859625015
4.924584183619553
4.90114278853643
4.9721676701224276
4.792112888603354
4.723092152276325
4.793453897384631
4.845167008529275
4.784412115366366
4.781058537836686
4.779187883200315
4.847422519144903
4.762227331581439
4.784602335055924
4.835471072117986
4.841490704811694
4.906918316542711
4.660093478812058
5.004844938090076
5.12641455270608
4.91540345215217
4.9803052047952345
4.900933639132508
4.991314832098338
4.810120278638885
4.938432773408411
4.931023131321742
4.771238939047865
4.782704299625802
4.784129856762986
4.676306750638375
5.0913841064301115
4.74542585527141
4.792943433424278
4.761247831141697
4.996920645701405
4.998525555970591
4.824275392889454
4.848649450649111
4.844317520711353
4.884434967775918
4.8426671920244635
4.909587120159356
4.769909507582733
4.931185626796292
4.835515766778679
4.986915327863196
4.765531486972493
5.08410846865796
4.84994508144541
4.996208404032631
4.980861629489003
4.818407941641984
5.095521706326221
4.8980814779114645
4.8363991591572315
4.988121543614069
4.914184066143911
4.851479661428717
4.909992926128954
4.914815454138718
5.036478966723525
4.8744661571315
4.868348081281356
5.123381832575711
5.034109644051591
4.910910659388847
4.701499036754871
4.881777803343672
4.9477153460013765
4.957546359120049
4.963041342110799
4.906621438708275
5.119343058820774
4.890324343887849
4.907380947861519
4.842994338083817
4.860890197474877
4.906741185203977
4.800943286766585
4.909704893203137
5.015676278534081
5.022911711442262
5.056840104587095
5.092938662407824
4.889947568534921
4.839589224106012
4.754372467747021
4.889968872206482
4.900958187518224
5.031526759329972
4.867167278330488
4.761860231990324
4.781588051828624
5.021151555272793
4.964552038320872
4.943537554835534
4.971428533667174
4.794679736120002
5.115879409037629
4.987775947717035
5.097565112356765
4.998680775667271
4.849466729900457
4.982758961574125
5.064158955740679
4.7946060348620785
4.933112907379349
5.033981946022693
4.902524005830369
4.714431188773509
4.899929588407012
4.999929719920002
4.818682472618158
5.0151975210676385
5.004666668859519
4.997184489349268
4.973854587763357
4.722441103699775
4.89735671340847
4.8080468693907505
4.712962006025239
4.89942610842512
4.924088800416838
4.923406761967558
4.872491630128258
4.698250553481494
5.039179812405744
4.842956938561217
4.899553921934428
4.785443447287909
4.871221127789523
4.825453565587805
4.876255198585999
4.841135631749741
4.850466892464679
5.038516674648797
4.8680612285470115
4.99172299960207
4.819332173056519
5.016244177471602
4.976296865076618
4.872777152360738
5.037966543832833
4.957462696981188
4.852005806037579
4.914972595176841
4.826041776352033
4.8899015548998515
4.923697762346925
4.835395159854191
4.7208748815078065
5.032131354119423
4.914784563163437
4.758708849970254
4.884222114965377
4.690917939553313
4.737117777796433
4.890742862552512
4.8258024999773745
4.801806642259568
5.074790022215925
4.674735200776643
4.891792855733813
4.7627456114528135
4.833832870261928
4.87525726088811
4.738221477102979
4.630456709283068
5.005031763747607
4.996160523870511
4.849503015060668
5.046183248973433
5.039011585800755
4.964185600503399
4.86559379837686
4.851895136533917
4.513858311402267
5.005711603471723
4.845912432082336
4.8504767377967575
4.681815453746027
4.918818403718657
4.613889586908616
4.841050008801547
4.761133180490067
4.845945708326616
4.972410457222414
4.96426047623718
5.034692638824844
4.8256953745950355
4.873723393384941
4.850240422570055
4.889322791574551
4.93998664460725
4.81814434677612
5.042873738753988
4.978069367782643
4.947052385773095
5.032056222156961
4.9804613825591915
4.840134951015194
4.91450104151121
4.499018373142023
5.00486830255155
4.881845778458638
4.972727642609578
4.89115804175052
5.005298130261421
4.753157242537881
5.023225491974533
4.7768252313392345
4.946647268409203
4.891188868785028
4.7614678509811155
4.9371003519210515
4.941164369463099
4.676686196740414
5.033756655334816
5.037614754371862
4.95509556513139
4.842743969550707
4.939851150634833
4.718010826461293
4.779746491687374
4.851921580953082
4.674896305045611
5.0652824790021915
4.851648852366653
4.8504895902829075
4.8210905372708055
4.866363163582834
4.8265060655932555
4.824970359515901
5.063852002561567
4.919329528295406
5.073796948301682
4.745140739598944
4.956713700779993
4.8343635704547845
4.924159385322233
4.992799049239481
5.022399608270849
4.8816497841811355
4.833351559030309
4.96733913783265
5.006842913293621
4.758138410054899
4.890504804737663
5.115339398194585
4.880838746826211
4.865448205419758
4.842231252783476
4.958307655383121
4.737217664507239
5.0212456580089615
4.84831456980394
4.947721955764157
4.874527635357109
4.8737493676752575
4.93973708071381
4.979300378408604
4.968767843818408
4.9466970415030795
5.089969643823267
4.991429999850291
4.97300291380931
4.890859413430955
5.005288102733259
4.913837175035286
4.826896333477056
4.923741347051078
5.019161144258995
4.8827937970936
4.7060292374062
5.10592566723505
5.083076025073908
5.002467222163725
4.946643163676186
4.850783699958519
4.956469562926336
5.061417671728452
4.728569389362844
4.946949382314253
4.843576121429106
4.853313400103445
5.030656736387381
5.108658601272265
4.979518596433461
4.841652243691924
4.84081869461558
4.644957526118496
5.1429346954878605
4.890869184688321
4.661046517203542
4.991180234958419
5.047645932131988
4.965316790808442
4.914620172813458
4.9587479283830564
4.82491571449715
4.94993145444872
5.07014557037795
4.689572210872784
4.8571498519332525
4.8755717738569375
5.006727576347148
4.9232075858074476
5.005374907586173
4.738264592457725
4.874999686282132
4.989346414560084
4.674593830259013
5.063443376687692
5.031684986198853
5.033172274443431
5.016267928959603
4.925331390020805
4.905899179445964
4.791755366803857
4.995612332926978
4.684834899290213
4.5670151573264235
4.808767088151009
4.724331372350982
4.8037331693336
4.9915779485277305
4.873446092815601
4.817150885781521
4.959319122898038
4.85019349328293
4.889765946048935
5.040211995463786
4.872259113909477
4.979880876656958
4.559637465157773
4.972778333726368
4.721643785071607
5.074530334553063
4.873805845733694
4.8903853124455905
4.876288681679893
5.005295147687271
4.966719924176698
4.861328143877558
4.951498937968365
4.561891323269984
4.956618000316741
5.032515866221489
4.9321174563572425
4.835974511176828
4.89331347656718
4.907133356030003
4.800561280983638
4.9708541293168205
4.867604387957712
4.690235312382902
4.882765977114411
4.904697049113771
4.890914621520818
5.084163470531099
4.85401399109512
5.010679940203888
4.867001422234509
5.091196669272241
4.729706139505507
4.8713288655225195
4.98065395016333
4.9350194224668
5.004395300529179
4.745387171469857
4.937035746876127
5.064281416696373
4.890487266071461
4.930872191475726
4.983078321269759
4.644310794879913
4.924060433646196
4.931889435083996
4.9496677346382265
4.881593873866539
5.056633889660687
4.900721811408117
4.935148697870012
4.889792203760662
4.990026581709649
4.845872823684124
4.6766472120261575
4.699200743391495
4.928405070504565
4.770501721746917
4.958170307469535
4.757772813483563
4.924610168909123
4.802062338678128
4.849483232929518
4.897812254341634
4.860267849985837
4.839502464907456
4.842182759591341
4.966465574885246
4.811309340417801
4.899232776840774
4.929611952573646
5.015598509621242
4.9665266417863725
4.861993352923015
4.6740011630315905
4.832295314302163
4.926489232247585
5.025900992215514
4.898037617842237
5.0582083496546355
4.7789422161287485
4.971855461955948
5.031959669192903
4.681473599080354
4.818478704013473
4.830774826330918
5.008036895656084
4.927892430009975
4.875867134261211
4.90748841978057
4.7062173773608205
4.882034111031904
5.039164241232498
4.967985420088159
4.683361405081259
4.882286490256266
4.6471223344827965
4.7861669014795
4.917636290874977
4.85057175472169
4.974898629987628
4.91404164727627
4.914099795957562
4.908470407516781
5.031414883541017
4.9838950699383
4.948840585658797
4.793770138608521
5.031887895277995
5.001449472805103
5.0076264759590465
5.055017407684197
4.671078700586044
4.800873763561154
4.931469244184654
4.715872852402857
5.012769975536787
4.769778248045163
4.834839163047492
4.801310790980568
4.998379425622134
4.9965656224694595
4.996341389651335
4.737565795099926
4.87332679293779
4.9225813657755735
4.610940527936873
4.867898023169508
4.837993344296877
4.81072736832665
4.957819060413577
4.834642425696067
5.074352641786512
4.786335833161526
4.851393478455013
4.824207991845763
4.777567609880358
5.0658372272361865
4.769897976433027
4.85988138186337
4.991571589895477
4.643279625515229
4.666747889240836
4.893984407910126
4.832720381865475
4.777227911791386
4.779410911259843
4.778597577445446
5.0132359372674395
4.949162791534634
4.938726028957607
4.9425840308955555
4.869086164797572
4.907937957469369
4.776612003896933
5.030947165561643
5.006166902693675
5.0310831492437025
4.899423027623936
4.927527556743988
4.974043352125056
5.064375839491924
4.875205166937241
4.8398476699030155
4.975075466584945
4.972463801051375
4.82597291403513
4.981527010454948
4.981373743460598
4.890758569555241
4.947895658280367
4.925602627894611
4.972534307811278
4.826737561434942
5.067342818706677
4.923989529109942
5.005345615234306
4.924749307005433
4.7934879730743205
4.7603673979558865
4.792800877801976
4.764683188886269
5.0665110146824714
5.0388025262940594
5.025502172647229
4.963923558080377
4.8099902047893845
4.874652838917854
5.066020705358018
4.955036326959883
5.055334073701214
4.864448757496093
4.989920371981238
4.856633440809871
4.638968897461654
4.927781220693062
4.850214661330775
4.890778139019305
4.9390134925732605
4.931310477753029
4.972052857488761
4.992909053909572
4.907128114515021
4.842605043385982
4.924043301199484
4.928703801499805
5.025747963273513
4.841046820043131
4.73158421687247
4.732819290932286
4.826164936742755
4.922314611031053
4.922700190867624
4.690346065299628
4.744335721112567
4.948098558936993
5.050011175779805
4.9720233205416005
4.881567091204029
4.753376957113158
5.030033717598173
4.825928518996116
5.040942875004478
4.981141615463309
4.91439876292603
4.903833085648345
4.891073145504074
4.922299052194214
4.980542374030316
4.922055584328148
4.865828902165301
4.877746144455047
4.899905852571067
5.071036705408
4.889189185079475
5.076166355444646
5.064306037121088
4.932271415309955
4.85784082852085
5.016478197893976
5.050111048458135
5.059509739802657
4.865977261166019
4.776849572488154
4.793006162504912
5.048826715262494
4.864962530517574
5.12538607989027
4.758020578254422
5.0144617818259025
4.924811859195197
4.932077206460963
4.68157725006582
4.936292503255135
4.831961009460324
4.969267762242175
4.807474727195287
4.670377144462001
4.881483400642975
4.857468204006072
4.850680131889046
4.828037958067664
4.9921263837114225
4.907280224948748
4.915447092620181
4.8021779531102045
4.956303978468813
4.713109814079369
4.81177388227788
4.948803612301782
4.559367475819878
4.882215516043993
4.729751143232443
4.860841793772628
4.9337946364836816
4.925685549634433
4.745790989625361
4.967219330276509
4.982320544639267
4.658158558480137
4.762450341719305
4.777147253923018
5.116977087481963
4.811476363359967
4.730050724750515
4.5283103617514575
4.899903468593329
4.6058754113331375
4.753229719769181
4.899436450649027
4.949380020232188
4.8028436300114015
4.958104886312899
5.049437101586365
4.858313196094327
4.9651549362529925
4.923318212300794
4.982050844037951
4.753594433104453
4.842863239176423
4.957078696175039
4.692789797330114
4.7847432538225885
5.007740503993728
4.915448212336802
4.9638021367002265
4.949416536592987
5.010065058531883
4.92472300936841
4.859590014075556
4.802840917276694
4.9995396527897915
4.810042668502211
4.883153496134261
5.067744112471034
4.683793386336121
4.899787722977161
4.9144779297886645
4.95101146817939
5.01583961987273
4.964468415817844
4.932174848796255
4.891935281994955
4.9503086943210945
5.032265573345564
4.906984506043043
4.940338713807947
4.793328630924959
5.0053650991430985
4.765554150670927
4.698724826432564
4.950084536118063
4.947089610118382
4.91006158088035
4.857404760779383
4.817003735918401
4.819462636278998
4.942603010679717
4.940460318651557
4.918778893612076
4.884055627250741
4.922311855797286
4.651498206252259
4.905759804385346
4.900808819564779
4.9303918602688555
4.980995032818085
5.124616403359374
4.982972838317728
4.843196126108744
4.90107810089226
4.980378100634299
4.646596327672842
4.91493453721221
5.024121332113321
4.694495299473231
4.661064985822998
4.669133417767519
4.938432860218777
4.949558049772386
5.016654036809668
5.014478033197646
4.740384960591834
5.024341790938114
4.66846880804915
5.018650197948442
4.965087622143486
4.988358734983129
4.989988740443443
4.957510300719941
4.884390052292045
5.0174673224063415
4.997043566405784
4.890777665907937
5.027445582087191
5.013715208320641
4.934802736031067
4.9137436447838105
4.8464423892939825
4.941931517384217
4.889742769913354
5.037883767728921
4.931301996728592
4.916019941393563
4.913711139260167
4.901728080117919
4.925317716591061
4.876591834442084
4.950491904478449
4.940734209268512
4.9346123346471344
4.83455196406419
5.013114339293813
4.924693664811254
4.963366741336802
4.9655303807941396
4.899255445154275
4.753607727255609
5.080821528087742
4.9624159136752395
5.0939953259196304
4.94546968183538
4.918928710883163
4.7698765081400545
4.971528625280921
4.834159192607529
5.102644511133748
4.504156495716188
4.818420089327049
4.889198746559788
5.107085413847374
5.066906776566481
4.922545296319549
5.092644261711398
4.840098451966331
4.810381373753766
4.684297902931379
4.7899313675150825
4.9336986603215465
4.7470675306708765
4.861167009185645
4.9712933121072105
4.964842726564513
4.823978025235699
4.976724071827149
5.048483734495906
4.923267712484642
4.940399372808157
5.055503184102202
4.9240787349612125
5.053558989869202
4.947358250388199
4.905961601447475
4.865511013446837
4.932642461025439
4.770985188597297
5.042536296315974
4.923549281906182
4.85025483596431
4.988661719354959
4.949669820953863
5.058592564382882
4.794011585774908
4.905484730051674
4.786994190301327
4.800665372762522
4.849771847624556
4.992882145874595
4.76317380752428
4.857741459253646
4.881395056495344
4.914182650054926
4.956730337536667
4.846234257382241
4.909959407307494
4.855078077638545
4.721824736647089
4.923471569552168
4.915637044384718
4.809613850822545
4.946941954145641
4.94105819776276
4.880460022693835
4.777295590069986
4.901232055385308
4.832921658607878
4.9257578504058985
4.80047343439538
4.731074252324168
4.9313405903369745
4.809345606089024
4.822799186144661
4.8906662234485765
4.776725717072197
4.895017132462524
4.906042571212685
4.828526995176277
4.9324280225509085
4.882615965394549
5.074123424750463
4.883422671770248
4.9672410138530525
5.0383164785582695
4.811409898255958
4.8495780594876114
4.7295720844290345
4.957939892577511
5.00473188863395
5.023202957839962
5.000412575742676
5.085859797475484
4.8434000289374906
4.7411981969884
4.874407673585789
4.746313143300848
5.004957426673899
5.000082242029146
4.825090065480501
5.106918845571492
4.898755392553611
4.7148781710365215
4.747771386239262
5.06462337124831
4.940528193995092
4.673859033441784
4.728753793643905
4.70755667438951
4.842336651767571
4.832093598633002
4.905789899863554
5.012410245539555
4.873050687341537
4.825958094228241
4.810764188392984
4.857056777395182
4.819225609357709
4.804016502372473
4.744864834524352
4.999343784366108
4.808607454483689
4.8822042216931845
4.865022202034069
4.706985295821941
4.713288683786542
4.642674297183575
4.8567837702905585
4.682343267362082
4.956808032789081
4.801545062846801
4.947623476197259
5.075890287090434
5.075384248879516
4.769009119639027
4.794350374919961
4.955150918629178
4.97151831756249
4.898405523016488
4.962859005654119
4.989809063648077
4.990940107838782
4.882751976300926
4.777533771685442
4.850195742388731
4.883805424906287
4.889844574963101
4.497787400810768
4.963921813824558
4.949386392495698
4.810444381982782
5.005865244258053
4.732208201973438
4.880844290783306
4.701092469461702
4.857079148473706
4.762647674451666
4.981154465777552
5.049245490521618
4.9831524381283945
4.889746080799382
4.832782334941962
4.85919824595994
4.978367799682393
4.745887053086664
4.849833089738597
4.915763135860925
4.722282117541694
4.914646662337832
4.925261519274481
4.858864149485484
4.948434518172712
4.652060699315239
4.965892364397067
4.906175239440481
4.875870708817391
4.9143966601099685
5.000920648801387
4.842431856537148
4.613903699594949
4.636675845887562
4.94904963888669
4.905496919238212
4.809985881787006
4.9817457484402095
4.7636474777551445
4.563694177672538
4.764222970005803
4.729584200858943
4.841744566185027
4.916778053047132
4.7916609672314445
4.9382838360611085
4.8421202282017255
4.9569318965232245
4.926186713647225
4.504604490648883
4.802851353500152
4.979037089431653
4.978094078455128
4.692997305609053
4.652949635118607
4.989271315221183
5.014315951174179
4.988449523798133
5.122509687202119
4.905858930110094
4.808423780398538
4.681339994279733
4.931602868912423
4.5747155497065295
4.705624768083002
4.817915917947559
4.975017820781545
4.765825740882514
4.763258493057062
4.740379929476299
4.914127028509049
4.947902394112379
4.90693396383112
5.032084823931693
4.769386441327684
4.736786708292946
4.619592239024129
4.724996532404461
4.908603322774423
4.690253836233579
4.864883098756391
4.875590575935494
4.898342099304109
4.675455749723822
4.998171033495508
4.776227168244448
4.9891301194573545
4.808770939049107
4.746843623369087
4.699949832424926
4.987483541345959
4.803835438219767
4.866205388136494
4.9796145632412365
4.777801460944336
5.006865404825989
4.900015700672478
4.8361782240571305
5.0316444753280845
4.809105905879216
4.95803396596073
4.697471255303492
5.014600338145588
5.034357256749159
5.074771986457348
5.047245846531206
5.015740041540641
4.798044941516997
5.041491730814586
4.849800803787878
5.040959187818235
4.869961886094851
4.833010970406206
5.00610066548935
4.819461152835572
4.954530875126656
4.907449781899227
4.874369384588144
4.744518598415059
4.875394849827962
4.93036436402197
4.778973982233974
4.842144796814956
4.699273360164276
5.006148495720931
4.897166540546753
4.824605215908766
5.000463944707853
4.499180096857477
5.0822832403154825
4.972306732085444
4.87625858963076
4.842607106860641
4.898580175752401
4.972604904277896
5.090995033420928
4.895587916930292
5.040382448728902
4.9312553236860905
4.91419606203378
4.585227357392716
4.947622985001817
4.6347411602875175
4.784724863417179
4.964170720503333
4.969142652471305
4.979633358447981
4.899034483706206
4.913853756244879
5.026839908950167
4.752920213289883
4.778223316458595
4.939384705917386
4.984476469252389
5.030568478804173
5.056578762730857
4.923584836210653
4.971772580556016
5.031279447268194
4.721770689420654
4.951129178300408
4.9473472284760565
4.938161505007243
4.891426478462472
4.660930045216487
4.932102674383425
5.056519995304432
4.816703014977619
4.9335374904025215
4.673658223726998
4.923737030077835
4.865466880461589
4.761306087508505
4.634506550606239
4.769646662318788
5.0227532363335055
4.908133735368543
5.051577548291864
4.866437418788044
4.947107059501487
5.004747234470989
4.723810129476789
5.075349597485077
4.721422270355312
5.156472729846224
5.022699080887694
4.930021711616151
4.833427804595795
5.030488152350367
4.7050803827295615
4.963956525551095
4.949533118032245
4.926090979232834
4.876954839601382
4.881305564990939
4.998117826805534
5.133647421155412
5.0306914168753485
5.077704331034756
4.657999888347139
4.536615420048202
4.745941022550049
4.804190757255196
4.873396506962756
4.884524194128974
5.0307853371952
4.991548121064165
4.955990137457063
4.915878854680026
4.94086220428376
5.0916209076321906
4.883639522123547
5.006783727608577
4.8748847788781084
5.031489020904851
5.038362704772611
4.900510612186621
5.081209016905854
4.915767118739044
4.7965129897202425
4.828210810364378
5.074664771926874
4.890396346794945
4.989187642495305
4.915270290717448
4.677458167540595
4.865395623448531
4.82761430160089
4.9315160414266686
4.8093213211802714
4.882479776960292
5.006758574075921
4.927434985991337
4.92468826900727
4.918684822935085
4.865988309738228
4.956483798280451
5.032100612501611
4.858305306273186
4.9495881671865165
4.89894594857239
5.046404008269359
4.898972916337495
4.921832128668141
4.760658224454336
4.825491531929172
4.908936002299444
5.026594665880961
4.874053595790196
4.948985236401691
4.7735862106049325
4.90164380931457
4.8845235168266266
4.695869712365918
5.039366509129567
4.989947875873987
4.875740542737511
5.0145259655975964
4.907727277497383
4.717175840020684
4.901169994964903
4.900748957000271
4.932854980175001
4.865372661215859
4.907368969603549
4.9975074752232445
4.939764765440927
4.893546788757189
4.898771917226038
4.881637289570414
5.039750983831506
4.67427809804724
4.856974486519481
5.023628581051399
4.587413684215875
4.998507395467644
4.891585672820103
4.721943530255555
5.031586131471078
5.040574296678325
4.876369138225728
4.898966592910615
4.8750644765834155
4.923389618410098
4.5258244169835296
4.73028076951796
4.849273139396753
4.9638194396755715
4.8427244369808555
4.7456443608755885
4.99742627645545
5.0195237566640305
4.947416326427188
4.778121176443735
5.030155123826436
4.906577386633835
4.800639377260682
4.951737516006385
4.635786290717628
4.999398509424731
4.941099577978724
4.7008831493735315
4.889774974059255
4.605215532682495
4.5983322094545365
4.651626691864612
4.99872019262345
4.915973665745311
4.8012631581573215
4.788320813145197
4.723424783543724
4.7942598070549245
4.857530294429733
5.089106674706695
4.893080307078248
5.04921194334011
4.865721163681098
4.840964589168356
4.74708871946169
4.746337661312213
4.885447900048912
4.636872801816411
4.673716121684306
5.134862686831673
4.962486199527623
4.861761152397507
4.906672730976904
4.906861178208123
5.025187383693951
4.865890840557745
4.726792746774361
4.764274452888318
4.923883496471551
4.713598956332948
4.980363016325616
4.960085656768157
4.876250594819809
5.011211637056001
4.949659540769648
4.905831956892141
4.948232345830956
5.05586640972703
4.7769873123484885
4.747568016687012
4.865726136136949
4.858287829707458
4.72075489223243
4.910591438873388
4.9143236407305215
4.784777358591262
5.036253455111115
5.010869700469027
4.753033987725941
5.031809493901447
4.780971946524901
4.871086315171359
4.836847613848186
4.93268756941865
4.770521869780701
5.005259673315404
4.647537249417124
4.865756895295138
4.947855945578384
4.974946417425222
4.939752605490674
4.842515478634407
5.123332281153633
4.924478471056883
4.938957088032591
4.7555290172355145
5.000110372345231
4.946490199534114
4.815649004632029
5.0619214823569205
4.7089805575697685
4.88961632051481
5.064048704832927
4.733557170981801
4.674515665607047
4.785119335140141
4.938604924874604
4.916879693898401
5.030841291022155
4.943719888586535
4.898928264294992
5.051813104999773
4.865415396564757
4.62299634312386
5.022152170992282
4.998184612006649
5.013041351514354
4.980407297043035
4.848908881103512
4.853421402898087
5.016942333898982
4.796656526055327
5.004589951226706
4.676411989181093
4.930337222682643
5.016110774483583
4.666892827761964
4.686115389426071
4.921149323691402
4.881528757243085
4.965318022634923
4.793945087184603
4.698398892073451
4.968741951164176
4.922792796497585
4.957636491352096
4.889489602552219
5.054798012869506
4.809770902964805
4.876414124217932
4.614040864558153
4.693183791037435
5.082247985421737
4.890121770198365
5.030466622477835
4.88599885890822
4.944403023513778
4.988892681919536
5.074420996790859
4.79300641499338
4.778008569692982
4.858498082137757
4.998484789221693
4.869360328261843
4.841117723880842
4.946902018562885
4.958548515974467
4.900029435597477
5.098728479303256
5.0492031570180735
4.747642202572585
4.964635513663931
4.947404509973962
4.973433130118725
4.7163751393892985
4.597847292994767
4.89023688514281
5.057894399132086
4.971564052522867
4.8727593493784385
4.986137610233255
4.883799108536111
5.011430629120072
4.9548308153488625
4.854702410034574
4.83563022709174
4.777236522696712
4.95650355104451
4.8747548664133475
5.038333442958415
4.874138066937087
4.9401658739739736
5.0696760955241915
4.7735242406145675
5.005434068770267
4.809660596239266
5.024367557741415
4.893806165270308
4.693481660225024
5.01956383240126
4.787210423627393
4.8418818700409405
4.828145435144754
4.769007805280795
4.9074320039676325
4.768241902890943
4.8693958315094665
4.997911289448622
4.865920991710112
4.763034911292181
5.01810836131941
4.9393159050615285
5.08619923643019
4.991626226864404
5.047934312635228
5.047907900161071
4.777525822243221
5.074809925013416
4.769535969326259
4.784354636955388
4.926525731498536
5.017842612573223
4.500368288580048
4.760363002597342
4.881412729693388
4.888839380522402
4.859666480025334
4.721415076318485
4.841984584914456
4.974523514932408
4.738052230042156
4.891591064746689
4.646070989049697
5.016401507081152
4.824874826899595
5.046141186576838
4.835048880899884
5.047158730968029
4.8420017357919605
4.768870979645429
4.916421225507879
5.021897325163838
4.957175226576553
4.6155591783645935
4.772355671685292
4.801544885964528
4.758057239140382
4.621392643260087
4.890075267695126
4.856766864238422
4.6632990941460335
4.874870943321382
4.963967657498022
4.817282399907298
4.795880872378437
5.039609737153359
4.982254323319784
4.851207505224519
5.012544432288664
4.834074432950087
4.811002914877089
5.0805841415515705
4.889540984280362
4.9240137688794245
5.025970605101661
4.883630499604918
4.890747023925785
4.857055274105275
4.841528824638872
4.906312441754069
4.915547639170849
4.931867625016593
4.99961771297427
4.8055097372189435
5.041347282233087
4.725492672788082
4.7771909121749285
5.025878524984876
4.7418600145144385
4.957364691658607
4.956092173943965
5.100390646361981
4.982304993063318
5.048843397576017
4.935028205459458
5.005993105350281
4.853610073385154
4.97576081934337
5.0220117325330795
4.646363102214134
4.961230614961337
4.888705149195086
4.930524552595356
4.999352595749672
4.934379351120648
4.80898613210598
4.907177031709417
4.841212853469174
4.998957932762869
4.706251655033022
4.857186608226631
4.924135508298982
5.026602605539161
4.8904403787384085
4.865503410521442
4.980082008609412
4.8580986464231355
4.8325540935098905
4.825174363626606
4.768912451117827
4.9444880014093515
4.93395319721848
5.006368171396656
4.848883824985191
4.966481933786464
4.9412753600882775
4.876223383003202
4.884515533955064
4.899150241845319
4.931198210674042
4.7922040190158945
4.900207555330064
4.747451922035294
4.842015298350798
4.881179420194889
4.956552060928854
4.657575733352945
4.934030297656041
4.90630678057921
4.991847920801944
4.940374474143382
4.858019006271577
5.100751008411505
4.860419341205796
5.0172595229345625
4.966501227761459
5.049158986896279
5.066168576157638
4.955205516898247
5.0353135037671075
4.941600474027655
4.8358526144347875
5.055896437908699
4.974043152582518
5.058633480286279
4.9973332343112
4.792537473808997
4.891008973095682
4.899705986472785
4.937913491261757
5.056575018769517
5.115599942946577
4.980541835281796
4.9476005805294845
4.770055853171456
5.084037937390636
4.800194403053452
4.968222755451921
4.921944346760758
5.022363864263419
4.758722485233099
4.942397107160852
4.9325080708944595
4.768585646901779
4.793578478240718
4.832444691695946
4.754255515426891
4.7531220245906125
4.932852606645353
4.957354254282438
4.938966041541307
4.919363564386901
4.7472096245524895
5.022731636244658
4.849685740005984
4.8825714756983425
4.946472566411277
4.817111602757678
4.931740532983032
4.716237237102734
5.04797862115866
4.889660282342027
5.014188080735214
5.014360978274531
4.972257591161507
4.868942963801995
4.923172644680278
4.913853246994274
4.722440786561267
4.8756890335964655
4.779362071151895
4.599304234153325
4.918021328465413
4.9544522662934325
4.973190985972724
5.055393911379678
4.9968461969189955
4.885292976516466
5.015472736802854
4.810008165448031
4.982912857483817
4.940935350164326
4.991124971354495
4.8599609696968225
4.504688282091352
4.857354084843076
5.0473059938103555
4.738432363172148
5.015007330321784
5.036059078532188
4.795899825167474
4.826933021717365
5.083180354033547
5.0489322393592335
5.0299368701199
4.825491964161107
4.637261081690275
4.65065904149065
4.948008305448813
4.644442846813282
4.906188493566444
5.073908192697934
5.016082945087978
5.039339382031292
4.812286357940483
4.948740220896295
4.941160377223052
4.755877356529801
5.0152715546139355
4.934871179405886
5.116545038375237
4.714725497346079
4.8811611578049385
5.001022812709248
4.739542097271793
4.915022778451246
4.890486494921515
5.044691430087932
4.9629518839149345
4.957460052509038
4.955878662344149
4.899561626016792
5.098285272655977
4.852766236471092
4.963958532151874
4.947056519122446
4.924866661791059
4.849800884823221
5.015938902530756
4.779719868944528
4.932863732671495
4.737020392149328
4.873658684276628
4.637601423871302
4.894948201710225
4.918456995235393
4.906509948587288
4.929855920931453
4.984153149434603
4.962701930845578
4.982791938413249
5.0156590933798695
4.834257270967409
5.005987048832347
4.9505048897565676
4.867928719648132
4.852914166122909
4.72306621619799
5.04725587546078
4.890594825790163
4.795271900534379
4.791988872888799
4.949310023791383
4.8241864953807765
4.9808366814410885
4.993648816386054
4.826523169907918
4.8807658576739845
4.914259226587905
4.722437989585891
4.793871072232561
4.777036342775818
4.859089756394711
4.817645310081661
4.955330114502993
4.932045887352203
5.103230844661569
5.069910220772549
4.975715574731848
5.085623131295901
5.004741704570654
4.939527369555601
4.957497327425806
4.782862364741143
4.6537029615910805
4.826393551661761
4.983917927529044
4.523958078830478
4.761396810089538
5.0932505198649665
4.850957476680628
4.708314431443843
4.669152643459413
4.856735765385176
4.905285053359629
5.109802766494363
4.866120089008915
5.080289323954122
5.025642629238364
4.7557256653023305
4.921888845116663
4.708693932431858
4.817617820090605
4.762900363322689
4.825865056462984
5.073256728740917
4.875526350574228
4.952822547447983
4.941109962989672
4.891511037473098
5.005332363753824
4.811358832813715
4.708656028007325
4.730421373520722
4.99331613586363
5.0158425944302065
4.65156203146086
4.7379936846664155
4.658615428670265
4.7508958537792605
5.050113454985776
4.994049632756668
4.965575980175711
5.0115126931453435
4.9083799344959544
4.985521649555517
5.0193475318948275
4.801874285956178
4.772145200718868
5.049418552918894
4.685135456202643
4.891980431903452
4.768872856391792
4.875551127635019
5.009186700568738
5.008810782738035
4.915833875849766
4.9941656181124845
4.738552744270176
4.982456742841719
4.96370293889067
4.749809693581658
4.988702206255307
5.032563467816608
4.819904498610364
4.92314904260843
4.912277131183298
5.075511825751321
5.023983043189178
4.922056630134855
4.693331387651498
4.7888199723968095
4.7695480304575435
5.024140988710234
5.049216502939114
4.974874032196568
4.956069561638253
4.987511073999767
4.7598827578417735
4.996823156438766
4.965589364427342
5.029050918614088
4.890634666653184
4.747098578142572
4.964054816608857
4.87574889539915
4.834040251478282
4.769115022870761
4.796452860100407
4.875601886140445
4.943620570080138
4.78874714033663
4.9719637962084136
4.986320853636234
4.999990098260784
4.9251154170295655
4.8808727997695005
4.961739532913942
4.871372679318823
4.850541005926836
4.951023904803945
4.699302209698909
4.867527554806938
4.906323498049064
4.810874013828751
4.923054698500353
5.027845452720649
4.950918237038624
4.942973949817732
4.883691161425051
4.527613761609704
4.893496216195575
4.966769143102391
4.948138126090553
4.7375249612660015
4.957681394826903
4.980609809790502
4.9402919247338675
4.864366610100931
5.047695944507735
4.816640041048311
4.914379292013857
4.794401099486684
4.972708190663593
4.560563232106124
4.59636311705358
4.8982702372239135
4.972521516522452
4.808433974537517
5.075568277400216
4.582154055099393
4.9806456394192065
4.89035147873269
4.766467328012909
4.900793341940006
4.867611703509065
4.800202300644684
4.710793677078467
4.898686085796786
4.788795258036502
4.673970988669843
4.808223143810444
4.826446469910769
4.93145842478428
4.972476088188468
4.93710882570204
4.757567206146707
5.072272532405004
4.659300716790876
4.930727499472451
4.830040958790395
4.8245066079274
5.068724903769975
4.8214607259021625
4.841620868771406
4.997816673536927
5.0154035412847975
4.762001804067859
4.889642461310331
4.984314573018252
5.009597263623485
5.024895490495867
4.905632940587052
5.024876877936741
4.890243591022434
4.793792987398635
5.074374193844603
4.997595441448577
4.873818684266139
4.866699579735449
4.932902112134144
4.979783384278414
4.718511358520082
4.786722652387346
4.731975643311048
5.110614680509063
4.891071236141459
4.794417518763721
5.007791338752192
5.0144822608688955
4.980652252506362
4.906160259667565
4.854255125163432
4.763741132274636
4.932017349279405
4.762488855367266
4.991183578959069
4.893342732887036
4.881727184832555
4.895302977475676
4.722768916129963
4.8046645971073545
4.80023764790876
4.908402912170937
4.87521923125644
4.938627987527582
4.923111133273994
5.03348218948151
4.915334019282785
4.852052555343355
5.000072475971761
4.8986715598495
4.7985487414042085
4.840490291270093
5.055429614370086
4.756936783841471
4.840665176273435
4.843177034627965
4.972491167064494
5.099670647531707
4.7710507007080905
4.692041166759841
4.890708483545902
5.012971814339538
5.007268144107231
4.826060076808346
4.872164260034814
4.9309110549366775
4.792202885926196
4.793877446363463
4.84879226638947
4.899911431835774
4.859671060866934
4.924822690984301
5.0146520642813455
4.940772223677645
5.014356787117368
4.835011220558576
4.963385716134894
4.989853759564207
5.097775720665997
4.7698258976464665
4.853425837343507
4.8810928733811965
4.972347183320365
4.9136286910394045
4.8690803181070565
5.032923432319283
4.857835221985024
5.031685067149848
4.980904769395736
4.826141781466567
4.736168601747971
4.905290814605388
4.985363361352664
4.964795570865825
4.940577038248878
4.954509120329509
5.005321469556198
4.915025257208587
4.801830213734191
4.775978658480353
4.802019404088745
4.925714128091047
4.796322096329997
4.931838678557171
4.950441598386693
4.812214432071957
4.753512778712885
4.847652099627043
4.622700702316546
4.932880475690227
4.94361230032945
4.865518288308061
4.960415485400062
4.793052402363453
4.730185148190109
5.047695269596875
5.031089244733361
4.933126547829638
4.882183512913865
5.013999769473678
5.013002789054167
5.021366179102618
4.833580203336026
4.9567637768833785
4.753968324836949
4.888185913876578
5.055659259173895
4.812927295654165
4.897303190456735
4.94494132580791
4.852919691962621
4.9696290056143955
4.6743639772131464
4.842089180375254
4.958979380671879
4.856875485467111
4.882404319819927
4.513210497039679
4.844311291860729
5.032382283527208
4.584272673291221
4.898374044245908
4.937550196447416
4.849073288754543
4.857042783834691
4.929726659354584
4.998517109235171
4.874396927131838
4.984892512948363
4.699988397750449
4.753496992399333
4.914670888202574
4.949087251975253
4.973601595473331
5.038715394070579
4.916661703991117
4.8738850815817845
4.706051363668682
4.6422800151343635
4.882539681737905
4.98501340477183
4.949837661383494
4.983103948517626
4.808910578247724
4.997612016802971
4.775335242691859
4.89897903214621
4.658480022931053
5.075514250084617
5.0314207846130214
4.947479819301862
5.056102620098251
4.971701948876598
4.963894447824583
4.964468881384418
4.800227605097242
4.974041642206681
4.913457765548566
4.982467582201509
4.989190909124269
4.932118339976631
5.009786457160021
5.000311007459439
4.858218481530793
5.021871402841753
5.02336725104876
4.737502162182439
5.013174714487196
4.9891346614658385
4.89805790160366
4.957051035557214
4.79527842830003
4.581146025621064
4.9156019080302435
4.666923022023323
4.9982052860381385
5.02350229363022
4.991956320729119
5.023158402873719
5.049220611973972
4.930515637649856
4.8175027638506585
4.896497129942877
4.809574188265381
4.854850434788082
5.015383324740337
4.9314798091239735
4.9567481707080105
4.939070745821264
4.966381873154995
4.8983457814374916
4.855985766349983
4.653024315952745
4.73340088255031
4.901006532067125
5.015724765836887
5.024678306486162
4.914205506760567
4.943228694819126
4.8247680245217195
4.962931867705508
4.872965956239879
4.620084256493906
4.931343798861349
5.021554943406592
4.826406431000153
5.056484886581521
4.8655369594544124
4.82793785381567
4.860820359860359
4.851378527438378
4.899829647287482
4.986129306655507
5.039532900186179
4.9818493303962095
4.762361197216817
4.947848423805077
5.03443572660423
4.740028397562231
4.944205522677145
4.940632573522229
4.930580705853352
4.890168348639483
4.94888200312311
4.84945334514098
5.072620986383723
4.989695531954593
4.966096608505551
5.1012083512769255
4.98978687597304
5.005177905728399
4.849229671513181
5.023201953649474
4.898333014025027
5.071843366574914
4.947635992922298
4.816912982772185
4.881605505556936
4.9990011021689265
4.964804611443036
5.006695589298527
4.866955150779078
4.9682351279638475
4.864952716104445
4.992319018703383
5.023713357941946
4.826204887143995
5.057681367393082
4.961630672820077
4.842074736317181
5.05063120123996
5.064082887848124
4.923526987888682
5.0746902977890604
4.908907758022661
4.870599768030471
4.981365598921678
4.954830506729265
4.739974468371426
4.906413727633598
5.099312832466881
4.906338158402901
4.932060267993182
4.861576068205103
4.981035670944788
5.050115718950385
4.833139289584487
5.039753994985267
5.0297232610139355
4.9654881493300635
5.0243958221680485
4.865033731054931
4.596943412268591
4.84329035707295
4.856787745364031
4.908308957536582
4.845186487686158
4.906826972367823
5.046338044292208
5.065061726615001
5.031054600637319
4.785115744834474
4.907525335474966
4.84991889482241
4.891146059539085
4.867488950377195
4.800488092112582
4.721336767495256
5.0322385018939615
4.977001677148843
4.964392977441925
4.792096824932878
4.991144483755635
4.962873220464061
4.776918749304177
4.946744745291139
4.9335163028182505
4.930666644521433
5.014294240172666
4.848620654654212
4.858624396358876
4.86714437072353
4.834137676583657
4.704790805702606
4.948475318491827
4.901165691203539
4.9218628171134675
5.023625173762721
4.788067373807504
5.052001090206051
4.76892812616312
4.931558473736386
4.866228879143483
4.849840799252274
4.983703792958811
4.858439642848208
4.884171544024132
4.615236936700418
4.923566003999076
4.915449828496525
4.8502390112511735
4.866283807793176
4.931922627256523
4.792672025070665
4.874198540722347
4.7463073697513085
4.889509796841672
5.089479074157104
4.939541269239577
4.946473582595094
5.083258071113102
4.644593784931919
4.947133933233832
4.891972345880791
4.857233884548782
4.930353484896045
4.948530904037938
4.875625640030395
4.973637622872957
4.93110614318406
5.054746050887335
4.947981453649366
4.866665539202199
4.998453172662582
4.898402774672759
4.8918358541133635
4.907099695486685
5.012763184071532
4.598858236664759
5.020869001213919
4.848216642083732
4.785109749094303
4.890443731085276
4.989217318249535
4.97175101952529
4.891397365871155
4.950493534297325
4.723345320794852
4.915464867661502
4.769375748180119
4.8983394371744575
5.041328633112464
4.923510727528725
4.99617185002849
4.795247219358852
4.6849194736030775
4.7302737270844215
4.828279728003066
4.8172270901537315
5.064185493490128
4.777876340524571
5.070905953454782
4.858740435885061
5.073397991726234
4.948460280148981
4.982375574967325
4.990681509998821
4.699329704369051
5.034005020384298
4.745554217109512
4.817005574744603
4.915784956799363
5.049280400721872
4.9740574916572236
4.643224204154209
4.930755583410554
4.932326546930014
4.934689189429204
4.883264992018745
4.980238286663036
4.630174063545595
4.905293187278524
4.833597970779155
4.850915200691295
5.011012688533492
4.905642721962969
4.877178369929069
4.90700000544329
4.958588029837502
4.8592071610593655
4.872486595220551
4.786243069746136
4.971902535720799
4.721724867529335
4.884682813234984
5.092433611150073
4.864578021220079
4.913999038792711
5.047690860770278
4.980771409019525
4.793944569027532
4.969991641574712
4.8742058484037125
4.9837997588065965
4.866767900167687
4.957396025850725
5.074406389101377
4.678835894039189
4.939479869001812
4.98808208117808
4.9313887012912625
4.821676022472731
4.858471782669488
4.791932441681906
4.9586834779490925
5.1011648521653985
4.981361636347606
5.032607212836844
4.87350679335958
4.957799441525076
4.623018840674256
4.720417312646552
5.027896463977817
4.793933461701447
4.878435924057154
4.983036918587207
4.8816565057785155
4.8012695313572875
4.9550842069428676
4.9229926615470045
4.705021301593232
4.721328498326542
4.906174383025783
5.032764874930448
4.599803111440684
5.02208278358111
4.744851177334847
4.856489938950153
4.9496756733369836
4.875447722153484
4.873051927951866
4.857273512484875
4.837869006152542
4.915727448216148
4.982944549515974
5.048910916457299
4.793622274462193
4.966934263837809
4.650781609079054
4.778515257769573
5.029348999279748
4.905298297936879
4.91713470739194
4.808887620621585
4.908078133029214
5.0231969262735365
4.841266927415416
4.901838352327057
4.988612677615372
4.8018769582464165
4.981180809296179
5.04152051962084
4.8420882609689455
4.955935064234249
4.907232309021497
4.955761375883883
4.8049813129103915
4.8385894906967035
4.732421184499892
4.964240643580197
4.952138117954958
4.832564616271519
5.015631895165717
4.905521184273788
4.7620283755606145
5.05840091275842
4.857466927858111
5.0730245706522625
4.971858479094933
4.760551346589013
4.812409229102515
4.882711190822268
4.824813445836944
4.965643106092122
4.881115841879069
5.031279864692069
4.930917228904746
5.015675790684568
4.8997823048634395
4.857902780580943
4.95453708653072
5.024008376050243
4.955211917321061
5.037999781379034
4.737432081766616
4.809821025436617
4.799763973253988
4.82599729228651
4.9155166844769305
4.889064950805231
5.034464712722388
4.841191820715071
4.68650776048584
4.955547452927952
4.932973874742877
4.728706270053933
5.021154322446658
4.7531813676484305
4.881768006415556
4.859942918152614
4.930898543360467
4.866417280893013
4.987727013251964
4.976434758489382
4.843424206500722
4.941090215825755
4.716525272873053
5.057249801730484
4.856180716471903
5.0206353780904145
4.848653090459985
4.890232809460926
4.930820881149849
4.931194842322937
5.008709940998529
4.9926200756075
4.884379014484858
5.031553540387604
4.802798956137036
5.024569124557687
4.833146570532099
4.916188187158621
4.913137183166855
4.955764578454057
5.001070246175694
5.007808146618005
4.747187208774609
4.987148417240172
4.913795830232711
5.006815820154647
4.971581787093535
4.867421116559116
4.835491713158988
4.8601377549336915
4.897905078597289
5.049783867563785
5.022813524891514
4.816242676486658
4.833259525245278
4.879979398464259
4.833082682755477
4.954477542643168
4.728372667844823
4.906441728455038
4.895623434718676
4.706737323629326
5.072793543582755
4.988452974678254
4.971958348736309
5.089241573537015
4.659594336431884
4.980454672770588
4.860197505905806
5.03248105779458
4.833036202866764
4.84927584846661
4.761202372462831
4.8661998393484005
4.921972188461322
4.61362731476117
4.998690239408373
4.817298428223344
4.921682597746109
4.751844602249014
4.850545423660037
4.890083810454253
4.7316906455980385
4.598138273402809
4.946705876222935
4.964715782079993
5.017175888393031
4.498503975523647
4.843786371027863
4.723475913854541
4.728864234847971
4.97161999341271
4.940962527473084
4.899703722599649
4.750156031696996
4.974220705884455
4.897446367648292
4.913007224415522
4.956406097452125
5.099651157741746
5.031790993258666
4.859467216550572
5.03019591619741
4.908957461840327
4.621059940076925
4.9489054022773145
4.851155740612905
4.825138409311174
4.888361991414295
4.841673990892245
4.9550087180555975
4.800701972882922
5.063609785345867
4.997309187131815
4.958240350895847
4.933321721182931
4.962808768809663
4.802908558579934
4.866101671571127
5.023826353837353
4.728621038986508
4.933540890269454
4.981297505882404
4.974392429594264
4.990668535603405
5.022709975940207
5.028029625655655
4.9156368791030225
4.980683205518721
4.87417566651169
4.884822771868108
4.952346224745905
4.7096385231844815
4.782766742079909
4.995905200477262
4.907562797997682
4.792622332655128
4.99092846945239
4.829481724934454
5.077245272761168
5.013706517331154
4.620172962544686
4.965985210967075
5.047754640601964
4.86685296796886
4.924603716119243
5.032991233678362
4.833735808127509
4.874419009864044
4.811427349550458
4.997485342496251
4.948110584260866
5.049673986535509
5.0139787900945585
4.97939373786818
4.939708151619061
4.8533953745876754
4.893044090218743
5.014463325157472
5.075323390895631
4.70221491245698
4.8822903499943395
4.9484489871331965
4.940773351138493
4.916720519032288
5.0733746936346
4.635912558030638
4.949321368404793
4.866314527196859
4.9065644519007545
5.016449298124679
4.652216074245443
4.826886614226259
4.832694155183787
5.039171475003807
4.932436240332416
4.851246657976262
4.827175179537501
4.998552836295758
4.93813934401016
4.857149361698651
5.015126916068785
4.635608875691109
5.039135043230711
4.800084155659238
4.6925458853647415
4.668289612962414
4.940151518553635
4.840753366868738
4.667368737843188
4.872631394591086
4.915275109498921
5.023906510323914
4.793244384864343
4.754278246945842
4.6774853150609745
4.845007330153422
5.058468308419193
4.933456558930477
4.840950359190391
4.961763594485866
4.906631493869877
4.857852712859001
4.92307600173483
4.9299775007880315
5.064015506369342
4.991372064237027
4.858505440866871
5.080138555346745
4.931805689062551
4.815909163717253
4.503454689750761
4.939234604245279
4.792662975265604
4.964836532957108
5.015568405199886
5.021069795488958
4.763247691092441
4.9743645949688595
4.75241652154093
4.9054488095827455
4.8834349186749
4.7223089170292045
4.957447636576989
4.999699683814054
4.973781702198557
5.031655587981162
5.048811754049291
5.125057908286592
4.995925490641882
4.95719039974222
4.917596673090266
5.025330618017561
4.6814249334420435
4.818656986962304
4.949193678205079
5.0736905065231275
4.9406301956838945
5.117655829852121
4.898004787991184
4.774146240398897
4.938378017480506
4.785250203166354
4.880414010811705
4.883381787304575
4.82544289909749
4.915890640521495
4.907235981024175
4.800201631075698
4.737400686230261
4.891773390485154
4.893269278417911
5.140420574032793
4.840901902695351
4.7534234765465015
5.033517684338426
4.931373398179262
4.858236729985805
4.909065045285982
5.013512065386951
4.867833130969723
5.000412886688889
4.95600514776125
4.890301613490162
5.093722976795744
5.004573177697396
4.890647121569949
4.929814576405999
4.865191912215175
4.803623451464796
4.668304754944626
4.917870664854493
4.930109649897878
4.841352951999975
4.696720108916877
4.865616893862219
4.760385175650364
4.538249275947509
5.131401620451682
4.909189090882265
4.921790021139255
5.040988023592685
4.857463530929539
4.97403570790208
4.9462777766697945
4.963580895369322
5.006595373443364
4.868459884108325
4.866441181034292
5.074449106681277
4.955828283687278
4.926661304851083
4.843544008390662
4.916093064086244
4.948356873141891
4.955871320920001
5.0160736951239
4.847115282735229
4.923078728560808
4.802324031155652
4.91515523511029
4.906380816999827
4.84931148993049
4.795415456297252
4.966935958795066
4.988410505384046
5.081783430155524
4.983174864206095
4.9810577737827595
4.923574908527797
4.924513277091721
5.005333950461751
4.957533006684109
4.996785099542433
4.856663952225057
4.8167497373694035
4.955294087077522
4.906529570593523
5.065882823003932
4.95849762720648
5.0578891356106315
5.038791039458363
5.067785401296944
4.932112417701605
4.988192015837143
4.916629299499608
4.933719791715085
5.0218184075844094
5.007308030162941
4.808345041508341
4.817428119818213
4.914030004928815
4.841815308231921
4.728276068227251
4.969475069488516
4.812959615724145
4.859573163156309
4.769879979310872
4.990141110015783
4.783269686662116
4.9464983800323665
4.666714457396974
4.964073947510062
5.09899487411433
4.737174749468493
4.940382678452523
4.914675812987576
5.031714587405024
5.0275012570311
4.98927853395636
4.902919919091705
4.980161208071248
5.0127353851221566
4.507873402245509
4.875208695515057
4.777533185814738
4.9931480184914605
4.922559075055609
5.064116891694194
4.956057159696886
5.013301532487624
4.866486121218571
5.059488730182949
4.7854291057472045
5.0045998206452476
4.873703440083161
4.99813541766196
4.914572243856938
4.980461440686781
5.018891029703253
5.033878203287076
4.700622309292833
4.808836641914104
5.014648045671432
4.983388172250834
4.950364556458296
4.884002289016223
4.97798767673619
4.744578647393481
4.9889887190415765
5.030326614255787
4.629608903815647
4.817303100863031
4.803286418504287
4.803883173128212
4.906768718003182
5.039571277070377
4.554578858710587
4.824850812272873
4.8173361569862925
4.812587218301456
4.882770068793844
5.046519817635071
4.914495400954951
4.975860673459021
4.955377889481735
4.970695362274949
4.869011015196534
4.816578474265354
4.915046370113296
4.850061049059801
4.77607208371572
4.8901408112559475
5.040151128076394
5.051807733697732
4.833532193573244
4.652551493287941
4.825024363874549
5.005571365597234
4.988150247532947
4.906905736549364
4.914295527552376
4.8649866142889895
5.082644474363732
5.065205048430357
5.048116322357851
5.046367139619098
4.988485754996635
5.054659188126045
4.808846351893555
4.967915521064693
4.800283269198141
4.941915731298344
4.785700997549416
5.016313416958841
4.989237687029827
4.922178362249121
4.889673772817357
5.023069995751715
5.005221263514323
4.923407004653998
4.785280832235867
4.892491747373328
4.866848051573332
4.761393871302999
5.021877326477736
4.499052006374226
5.042251109867707
4.83330498098718
5.005582285683271
5.040096521206742
5.006528901560681
4.964599927733148
4.998707601655692
4.931705111216375
5.090889541717714
4.821206302628785
4.923698085157593
5.073972697902574
5.038402832624917
5.046842988546004
4.9245327662938125
5.058588726031937
4.925490220382709
5.069360245651456
4.859179883523457
4.930331269668048
5.0320760739183505
5.064934704418363
5.009743154853973
4.8512940550135735
5.066933939931885
4.91533827324482
5.022572251690701
4.812618756019896
4.833387565877226
5.083553195537137
4.835231618888507
4.931582872636877
4.917279529094384
4.89983736373483
4.792877625951459
4.842645725354632
4.731275897071759
4.938963661297956
4.698713584455701
5.005018111117732
4.931989272692072
4.900395043086023
5.072496859312646
4.904952366804039
4.974971642463885
4.706902223730054
4.682356916767337
4.947025048514024
4.913970179400092
4.817423741031739
4.964834971396586
5.021209786492982
5.006867028129472
4.999004195604595
4.885450295719998
4.783322962529874
4.933233440102105
4.816901171489559
5.026650098158691
4.9161100115479925
4.8492524774307375
4.729131992286887
4.897611983094151
4.994577900695426
4.955834214919324
4.903137223501047
4.898360812518149
4.982755387977813
4.889665442826051
4.841299383017844
5.055566303470325
4.80213086993439
5.029995250480374
4.890216591273297
5.1001322029235405
4.945811975532252
4.9901379482901005
4.9574653103154995
4.992803014575459
5.040982336302549
4.768948084293132
4.8001699326079335
4.784952265944061
4.979958315990409
4.959546765286824
5.004914337123964
4.924879786043448
4.858280424999112
4.879220537962
4.996879775793273
4.931489163923015
4.763154371162806
5.031449292910827
4.506889076986788
4.922819031895486
4.699209877918427
4.872384371138647
4.864835577691212
4.882593348207955
4.865159928203922
4.8509545289955005
5.03152711077238
4.94861396067754
4.856545117430773
4.8514157446514945
4.90722716237658
5.065063019339627
4.974490842650249
4.817380653148267
4.7918408390445775
4.809665659908734
4.849692544197569
5.074875763107406
4.939475616707137
4.834104602659567
4.88101609702801
4.796429646284752
4.784702050077653
4.859731570976996
4.826248960633393
4.998701569138893
4.812498953231247
4.9190337184565385
5.021259969777671
5.050412645200022
4.9557680609559664
4.966383609839827
4.9910831457145495
4.825973495892962
4.999333409814573
4.8642346115002875
4.893216753400409
4.890377187131789
4.973845154935385
4.884926699615276
4.965019897163542
4.87285494549794
5.080505148055772
4.808834914126077
5.0761476233219085
4.772180256208721
4.9408156473338085
4.8443388287283655
4.9892483451647625
4.841601956499082
5.066021581343879
4.922887728667872
4.8109086752866865
4.988283808296495
4.840305294449129
4.9592129369378135
5.055112748504379
4.97395732296397
4.842468244937851
4.746894269799461
4.777680271220594
4.868449927680241
4.989207519367018
4.761743437123064
5.051808894231342
4.867250817650638
4.972720234062484
5.009047306666897
4.808708294369193
5.0231085152615504
4.9391429181151265
4.939204038428186
4.948688572461763
4.915758443262571
4.771927208679063
5.038197175698564
4.907272411660281
4.905353430578975
4.841778696408725
4.875352721898619
4.860916128151283
4.867155649138474
4.8420236052071495
4.679220116857868
4.980978682138615
4.701459330046145
5.049600620030234
4.898997683186852
4.78150153468098
4.965459499629452
4.896086391028195
4.930645705409301
5.046924067036862
5.069414631271629
4.825867719911128
4.972384926616782
4.982371937193945
5.013351045856622
5.039073960093526
4.833191827559267
5.022815804182625
4.908843319110631
4.9199715863095195
4.916815521910362
4.8648792311434335
4.979540235709146
4.933179049675357
4.990041956535315
4.923046559068672
5.015291594357994
4.615465475516856
4.849769931921659
4.941676136523823
4.915133354888397
5.072563191442792
4.963537975079685
4.959338689813183
4.857794694550556
4.808738436318297
4.710028180142667
4.8280618500584795
5.10031398887931
5.077200434332463
4.956796369235653
4.991351528748857
4.8110398049971765
4.958197164122864
4.898380973126766
4.892728607819034
4.745632069591503
4.851362076668004
4.776603456735925
4.91607905152935
4.6373896475914504
4.957182906704568
4.864748506165742
4.90765196722478
4.646394981737467
4.769289666025629
4.8654257525353275
4.728654997404446
4.979601151293368
4.90553919885559
4.850261806816606
4.825533241773726
4.882244536887823
5.11540103271684
4.841291531501057
4.774264968436838
4.991127966274463
4.706284136988111
4.932024967100669
4.8282152937756075
4.590258036234302
4.947086082875859
4.914418824155313
4.8422685009304605
4.747331024378782
4.988284928848889
4.97335467141134
4.630002652703434
4.902606691602338
4.795117539382797
4.908000953366684
4.964325890951739
5.067673217324093
4.996434893943212
4.947431327517605
4.997523942230197
5.089473472681143
5.021845697226714
4.867584900251316
4.998725947472423
4.816682705884767
4.77761926417461
4.875926597426986
5.03246521035873
4.83352790935373
4.760636232630597
4.9743113383958555
5.092839766353852
4.846690035700626
4.98051983995937
4.853666328491955
4.842230255657198
4.586281330393426
4.709795093587868
4.821976629152943
4.987493250668873
4.964590130132171
4.951830917983433
5.041273737459645
4.923222114140302
4.784609305716422
4.841709238200437
4.801483889355698
4.772688231696743
4.8971905759726075
5.026669803049788
5.015827759840458
4.785981105652779
5.034043201593611
4.9892972610936575
4.958149813993221
4.930305535810406
5.038519778233434
5.07484017656949
5.033422839547185
4.558530893972132
4.667826538406408
4.939055709823081
4.930216608507855
5.116205790685075
4.959033114089605
4.898589887789804
4.780604193807508
4.828053966800321
4.9688920808816
4.92349110255054
4.956347219061378
4.712841882813819
4.8574720651291345
4.988485417351448
4.963947420094906
4.97382433016146
4.924453111802699
5.033148549479425
4.905527184467942
4.786280162601956
4.769873546545438
4.9651883258450225
4.980789219088415
5.073214424472808
4.828321833069928
4.793659052087547
4.644057356481231
4.850257294502797
4.8982212479606675
4.97309027919409
4.9964832035530184
4.915843097756637
4.850181890074553
5.017159795759054
4.893869109997037
4.973283063841253
5.070609650595763
4.892574314541973
4.898120113823655
4.923460896938624
4.779434250410571
4.8091941957929585
5.10630365730035
4.874320948985279
4.85860825117927
5.0077692761707375
4.975141068606848
4.897412424309823
4.666154399460995
4.867171417443655
4.907320055581031
5.080504418843699
4.922762133527588
4.9735596047014115
4.916828760505448
4.844293571267426
4.91802960716524
4.997975311958378
4.58470187440474
5.142090335320621
4.881738424836578
4.833923393284475
5.064374132837165
5.09130082180715
4.924782286200993
4.736641008478688
4.979853665072374
4.997433710376189
4.89249618249301
5.076624248405417
4.965602435424952
5.042269572474059
4.889113963692133
4.872985412893805
4.745778627903089
4.8680657979053565
4.948710636034224
4.804694678062655
5.031191397860183
4.850568796846537
4.772093345354521
4.877409440625951
4.92561482159711
4.801374753038325
5.123034549282917
4.946768146260366
4.884895290356458
4.964530983444483
5.025494321789781
5.058074359114354
4.999321962211208
4.947020368726315
4.691056942632943
4.993186859911859
4.8659323246305854
4.970993741914345
4.778520741161001
4.821209113408182
4.636204705899263
4.867336825639592
4.715209888722082
5.141347254775005
4.849410771495865
4.738939519802286
4.776960040964766
4.7926221080099864
4.922822005017142
4.835678593578594
4.953177496675059
4.980632177220477
4.826088063952881
4.97210144462814
4.993881738917281
4.936550128769758
4.768818810948052
4.8738617439265886
4.881749109546053
5.041000930873947
4.891618937105576
4.7920881753981215
4.993514247187215
4.776643470761572
5.056733113900805
4.996280496780712
5.04065425686761
4.675449237450533
4.924631752663778
4.622095123787157
4.912853387884178
4.87687931261423
4.865302440871902
5.034552869372767
4.830197862773052
4.923498112842971
4.989013913814415
4.8738685362112575
4.807691032774101
4.915429737053974
5.0147089463147205
5.041214307189643
4.849171241071567
4.938558333059046
4.846658536459666
4.682150571732514
4.963446119428316
4.914616331657348
4.822555085143066
4.999598559623857
4.79246197565145
5.030625770456075
5.07335352951057
4.939787916024791
4.9146201396669795
4.7616327377810554
4.898063503597607
4.727103992737458
4.659053100963644
4.991094296255351
4.95218895009875
4.776951578451656
4.9393899849318625
4.723287347508845
5.007140475065522
4.785413958087719
5.023759364893509
5.091629635569305
4.973222240586558
4.915929969566773
5.0190696281632485
4.989978855698822
4.95820744663634
4.737773593276948
5.0570028131763465
4.908254173414042
4.751975263081848
4.914091571032223
5.021924917499875
4.980560574327145
4.802710655190657
4.785526131680096
4.792121508917449
5.00722561955302
4.940399848323851
5.016905274365477
4.842735516313501
4.8410872355522585
5.008978938085816
5.002963602429984
4.90237373262429
4.744925090845137
4.753037767332792
5.015121799633001
4.898359749972798
4.889262509107106
4.950899157378374
4.777581366857176
5.0637874090478485
4.866051520986474
4.991175773185681
4.991996792335394
4.9637273050964685
4.972382001408165
4.963177380631701
4.918536263070754
4.660905085359004
4.809159980700537
4.860157025442495
4.904222576982517
4.957918914878038
4.967525932157376
4.843493059302743
4.8481812048132715
4.802453215460206
4.664636252530578
4.790485114304823
5.092193610703919
4.8993379293661325
4.955501145226927
5.018204466843517
5.115133042487672
4.9005154306063305
5.1098068426264325
4.651180808907621
4.786410678575954
4.913891414449249
4.856713607532049
4.848802770123402
4.924293016854305
4.915035796517411
4.8581478806787795
4.620840190047275
4.958481226944358
4.867796329281597
4.971760360271157
4.825615003918046
5.013934507333716
5.062818744303925
5.0662114786053625
4.825497388171975
4.8773181409585975
4.8333649725868675
4.907330460241269
5.058554257777287
4.726246741164423
4.683194314567013
4.785276012704828
4.898555201876118
4.818499941963685
4.9499868675528464
4.979644482879337
4.799754555815342
4.965563608172388
4.996984916274889
4.914595738722652
4.988974763178889
4.841049907685354
4.845262893604342
5.030132059306205
4.879764989146545
5.1018675638360005
5.029776158181707
4.924944802684673
5.055415097917229
5.013954976688707
4.851947760558689
4.776355548490899
4.608810347875364
4.801870999389405
4.808736865702642
4.88882871957814
4.834696496859059
4.842236311155305
4.906088347051978
4.955970826873704
4.964375265866534
4.910589004380393
4.925645592390405
4.811443064981648
4.80191876801158
4.885680388043218
5.0046647822600985
4.890737188042262
4.668134909024657
4.9496689013891
5.006677628084331
4.983498200182272
4.84110890842044
4.957265179406021
4.998880177946011
4.7696879467875055
4.7702061153562445
5.100113946361187
5.064251450202478
4.997989116079966
5.098299540082685
4.990422640212166
4.7564149930780255
4.986457497376281
5.013415653630619
4.941578473201758
5.058362522194704
5.088946664549021
4.643414550206903
4.8000962712357325
4.787717938030182
5.0090600774603455
4.889447623475412
4.914191286913469
5.090831482782284
4.8843529871010665
5.010756379664282
5.135746216005814
4.752617627676622
4.682639316552445
4.833399522834344
4.954366214485686
4.875023200470536
4.737996322084839
4.833158671814819
4.87466518808576
4.785054744189046
4.81851810197996
4.980823753052648
4.893002301772028
4.858424765408927
4.9705938955616356
4.921768259040824
4.840609128346068
5.033814013314633
4.802949099315148
4.849691007950822
4.898918699927907
5.015737296420171
4.808141205735699
4.932194060107943
4.841675861867396
4.859299089927084
4.832811790060675
4.889345863932493
5.0663001904298826
4.683563779275882
4.84822694770834
4.999912462978582
4.825166000290682
4.972178303921535
4.8934647997494505
4.785377918765861
4.836594392657488
5.005054193295881
5.065366535733925
4.927764418336121
4.817793155782805
5.040684491089087
4.8839183482028155
4.998247681793171
4.72091096031277
4.997755684033369
4.967445929096464
5.026348706465516
4.677702045265645
4.931961298337385
4.949146844853381
4.900989601808759
5.032489808203866
4.972306793236053
5.01500741211394
4.754907820043098
5.03440724270194
4.818381275357822
4.88855509697115
4.9475413485427255
4.957172854221961
4.965013035433783
4.811555270897612
5.021545911770132
4.875987303951519
4.9214428973362345
4.898005391913232
4.811763943272352
4.891162797761321
4.857862471710616
4.939712268086945
4.832306390545112
5.06623090762809
5.01039945704684
4.907702907111914
4.957016902023166
4.988909091249483
4.923766363526563
5.030294684136332
4.957104048708371
4.996414496090894
4.891000404057428
4.965060154876742
4.83310686314007
4.852076828539331
5.022309100389216
4.914707158154695
4.897830509303597
4.9973787439353465
4.93191967060022
4.873802707392112
5.0314351641501
4.65134882919618
4.8254643760173135
4.777318507244249
4.913992054107295
4.949682556641399
4.659785343439654
5.0332596690433355
5.038032450968491
5.022361155888273
4.906436153253735
4.880414206716404
5.072370909590908
4.802425335229499
5.064937676329182
4.841516961065586
4.901376988242712
4.8660491591118635
4.87406539497984
4.875721569997214
4.990222640739031
5.039869565725425
4.8452234044391895
4.848181070299485
4.8649164245939875
5.047854322483162
5.023002267982218
5.005739832991892
4.83430572929724
4.990243234556506
4.859206915132261
5.013523067353289
4.890129969363512
4.918606611617319
4.831260916479555
4.778184788525317
4.776348009111072
4.848367428876237
4.937780121474684
4.940864387929044
4.858088132026176
4.906418029784942
4.921937763926614
4.8484105048029384
4.754822419122891
4.894384185195043
5.006396708391791
4.852651475482233
4.681809576967764
4.816222293715107
4.932555463127434
4.709230960206938
4.907613280870107
4.77584129056313
4.841468272905347
4.955188752722005
4.877787372287279
4.8843040709675725
4.8333603158953435
5.056473078658151
4.966248102614292
4.9741980106624535
4.7697118028119485
4.922673650864436
4.925063284731433
4.852195074593798
4.9961063167006525
4.974801133373994
4.941766067925689
4.748313608471642
4.78967718967454
4.965695899209045
4.940891885223823
4.709577808386785
4.93471616617832
4.922675198827269
4.884535063393364
4.8569973494688545
4.907084066913702
4.724659439118228
4.63600859962727
4.875783758241024
4.922846214726936
5.014245132222921
4.73766412146052
4.836685473773405
4.873741411059991
4.868892046673325
4.777019299198943
4.9911392955454446
4.660216482421806
4.865130760349668
4.816530614164106
4.850412990049858
4.778522900622038
4.946752023410529
4.88446403903611
4.92649016754173
4.748361218143959
4.965018162399879
4.883210949182894
4.784969989381793
4.870012792169415
4.850541946376963
5.041879094429869
4.78042446488125
4.942893175183235
4.928305789368112
4.932092547881133
4.796488002950036
4.7358700440932315
4.75369365164384
4.8246583686079925
5.0302426522539605
5.043060673851032
4.905039715196751
4.70609487812748
4.942630863927024
4.84107867853624
4.934450239502364
4.691785286032232
4.801304207768595
4.79281253027032
4.81895064810651
4.983694284393914
4.892651320299616
5.05801918431119
4.836314287768823
4.806093376419228
4.890226159817875
4.8602763234446895
4.676994470942618
4.737401677075086
4.931305222999355
4.966403150340678
4.938689573645769
4.996911090558443
4.906574870686123
4.840453385259296
4.859848816999102
4.924129704315384
4.859710759760911
4.908892022789136
4.853672150954622
5.024482747625225
4.971140411827394
4.876926134093393
4.917048799925078
4.930133712391351
4.914417525995835
4.780476981893274
4.867475558450367
4.931332876523382
4.803192176824136
4.8506822000710805
4.890261714507725
4.819138411106987
4.88316853414393
5.010049372001745
4.940280572014031
4.907501005340097
4.840705391269926
4.923641602856353
4.976887636147747
5.064958954888741
4.9215759592407755
4.83468665351049
5.03952778724893
4.849632739136152
4.963420789203613
5.00589727377091
4.911028537394596
4.999046242040153
5.077136268284768
4.882053300348973
5.050725464157361
5.04007249997615
4.9498616287275174
4.955860068972582
4.758468768021759
5.0610662090967065
4.997471540301332
5.058602773275051
4.963675634258928
4.8562632186095325
4.744670016557388
4.932213517537292
4.9648724354938905
4.744774499453447
4.840663384349332
4.76980025803985
4.73694563476902
4.8818746342559445
5.048841334844681
4.865516432108913
4.7789579859891855
4.82698189500046
4.79300155655384
4.898710890873854
4.999737668918228
4.924445455236529
4.875442773993431
4.82588973379886
4.579513943046251
4.993303479672933
4.682190468840862
4.899412070871292
4.909977774498849
4.947345812110624
5.034192066813821
4.940313386760447
4.969164368145933
4.889970245883254
4.738225015349571
4.755720489911972
4.7773252607627485
4.737688928445568
5.008535578167805
4.949328061903188
4.990353078849184
4.958001104138591
4.849675039106591
4.871013125649373
4.873920287361856
4.979785799548002
4.923647786326337
4.940020587767848
4.906205125109524
4.786520375911865
4.9144143641179765
4.9063715752540675
5.050008593671946
4.787350362360697
4.890321253981171
4.832227158361791
4.900207447776276
4.860849105994837
4.889905255458106
4.975777933936781
5.015396384872931
5.060830894844457
4.973284049760045
4.938109527347772
5.0423166406494815
4.943396291385088
4.90984938363699
5.008864371535586
5.068689281551851
4.913552847139114
4.85880503784417
4.966405762638753
4.825347976576386
5.038546167166905
4.930485528440201
5.013911099726302
4.872725970424315
4.849077866934806
4.746452880322374
4.912111708601843
4.808886877206577
4.938085965883703
4.86570364457285
4.832845047857652
5.141982204993972
5.083711965903914
4.908126674918736
4.900086591738538
4.94185170167817
4.747504613886157
4.794338878061868
4.795911385249132
4.973815273623691
4.824751069605036
4.998661802808408
4.917526158509956
4.924974110564739
4.915793486808427
4.86965426400287
4.82820644280741
4.808721374292551
5.0321229326952555
4.916941725012804
4.972179947139433
4.908636224614794
4.975926381021378
4.85683798387908
4.923677321644368
4.98091876431029
4.967898317652049
4.93935757457643
4.780712190100793
4.761500732446846
4.8126231261081465
4.974692851013194
4.887566476232755
4.690903651066278
4.832493210930067
4.8747030210383056
4.6818195605829045
4.973399834572466
4.881597510646215
4.769038347438054
4.851798341910372
4.930587121575761
4.925383539812566
4.921962664027052
4.865313394119147
4.8997119801977345
4.923328361731552
4.825967539833491
4.786312268233964
4.824857478867774
4.923763098940342
4.97287067846819
5.00111254725716
4.964294807236792
4.882448801476119
4.9780304081138755
4.986483410247463
4.885030877405058
4.79385064141515
4.956973403415611
4.9600871086674285
4.8020005403590105
4.956959590033506
4.957127087111898
4.841570745520851
4.8574828273810455
4.824861859613017
4.94784004229256
4.833389786359383
