0.6040000000000001
0.5800000000000001
0.6080000000000001
0.532
0.536
0.548
0.5720000000000001
0.512
0.544
0.6
0.5680000000000001
0.5640000000000001
0.56
0.636
0.5760000000000001
0.5840000000000001
0.5720000000000001
0.5640000000000001
0.552
0.5960000000000001
0.548
0.548
0.54
0.54
0.5640000000000001
0.5960000000000001
0.5680000000000001
0.54
0.5640000000000001
0.528
0.54
0.508
0.54
0.5640000000000001
0.548
0.5680000000000001
0.54
0.584
0.52
0.584
0.5920000000000001
0.576
0.524
0.6040000000000001
0.5800000000000001
0.552
0.5760000000000001
0.604
0.524
0.5760000000000001
0.628
0.556
0.556
0.5720000000000001
0.5840000000000001
0.564
