0.5826812964123667
0.5992487231556536
0.5667893889079034
0.5110119728389653
0.5744370206138281
0.5988742171887981
0.5587755627360781
0.5500394329502087
0.5420624462097434
0.50722580006496
0.5703577773778222
0.5551388006488902
0.554339931545124
0.5070020513968467
0.5710473640298422
0.5949833966763317
0.602734350663725
0.5502989891311915
0.5268426517966089
0.5111438680645287
0.5311876253581086
0.5435051629167038
0.5309103902565712
0.5861457613161609
0.5672024493660536
0.5976168681501842
0.5715865732783798
0.539284800701135
0.5663780355026133
0.5064780023211187
0.5862469481233712
0.5473307427052657
0.5271706747946825
0.5864071526568703
0.5386113313805312
0.5580925785094768
