0.6064478046689944
0.5803497027618688
0.5422404663683681
0.509202432665867
0.5651236438905617
0.5476026164512847
0.572351031810053
0.607371568549289
0.6252452948718292
0.5337436649074729
0.584297400742593
0.5575133516048353
0.6027287989644725
0.5889205499594559
0.5583185810546475
0.5998038739232603
0.5361201046464177
0.590808106842388
0.5730605711845653
0.5422273716600062
0.5758671073722194
0.5358341451189528
0.595052634142019
0.610370928149094
0.5597051651764035
0.5770483207377675
0.50774954750148
0.6105368160898798
0.5783656580950994
0.5104139086553295
0.5694903743079738
0.5563818448465531
0.5995234986277886
0.5582049579853183
0.550994816321376
0.5661281427930243
