0.62210512 0.59167683 0.55048689 0.56989449 0.56815566 0.56445933
 0.58814763 0.53440165 0.5686041  0.60973823 0.54568261 0.5741583
 0.57158437 0.60179919 0.58453276 0.61243132 0.6295058  0.56549979
 0.55883158 0.56202164 0.52038915 0.51212776 0.57093697 0.597315
 0.60021612 0.60953879 0.56889338 0.53380688 0.54887078 0.53741718
0.6295058  0.60027881 0.51583416 0.60900986 0.61624215 0.56536078
 0.62126607 0.63394479 0.64209232 0.57507793 0.55540466 0.5572325
 0.5614961  0.55232542 0.58482857 0.5699453  0.54893261 0.59181794
 0.55149614 0.52819809 0.58879757 0.53752411 0.5924703  0.54915048
 0.58206607 0.58949914 0.51572207 0.54923318 0.51221358 0.57165897
