0.5532834838236541
0.5570883173082405
0.5815581972647139
0.5091940160430636
0.5607464717938135
0.5587522789215612
0.5608912944785638
0.5494887487106597
0.562272435246706
0.5696742306523186
0.5740979085396237
0.5827561205680523
0.5352274656227031
0.5419521693009056
0.5510725726214859
0.5405539812358052
0.5615376638831838
0.513150335310754
0.5487668898267728
0.6084982736537063
0.5799871119605754
0.5206411378558086
0.5213567464923919
0.5539213369202296
0.5863354785185299
0.5522305821596949
0.5579480301470062
0.5974942755767615
0.6167801308869211
0.5681601394517815
0.5512066843100898
0.5819844648627801
0.5394775802655312
0.523627127208519
0.5488901674013966
0.5605903952703556
0.5446995275505733
0.5797534501073043
0.591818452115415
0.6081057707735171
0.5983802640778461
0.5461732658699019
0.5635355088142088
0.5699332930871569
0.5376642727113113
0.5518484346292359
0.5256315987982876
0.6024727742737835
0.5615651066064002
0.5098891794894801
0.587175234204564
0.5647273620281691
0.5921417022944995
0.576935045958001
0.5364514323067019
0.5731199008304075
0.5535402948486865
0.61136406841904
0.5951490630235367
0.5783579139813982
0.5100568532665213
0.5342934793706526
0.5555008646986094
0.5493517547166816
0.5737881467131244
0.5572502710424178
0.5524519093153766
0.5957463067448642
0.6085483821471883
0.553257111585313
0.5413272719721768
0.5714656169131046
0.5657666239541703
0.5408071724908741
0.5799652449669337
0.5697286060502713
0.5909629697717754
0.5622196508104967
0.5505569349712796
0.5591393334177647
0.576549675391469
0.5601806494657822
0.6011681177824086
0.5882667678987024
0.5251279072474698
0.5659977117364067
0.5958533080611769
0.5988386913257496
0.5814035296127623
0.5517865230128762
0.5883925066089282
0.5667668496905489
0.5294223244965236
0.5468898770665263
0.5724371987949302
0.5571307407164943
0.5751960032553862
0.537820822567653
0.5647936687623628
0.5967465827363542
0.5144138387463125
0.6058722399860407
0.6185020646854608
0.5860954884238662
0.5293087796202068
0.5300047806988512
0.5182443150985266
0.5532094105611863
0.5548658140681987
0.6232091049102892
0.6025916417666639
0.5568922833729424
0.5400333287453128
0.5832905756095758
0.5656490253445831
0.5148278155123813
0.545668660162267
0.5851048887728154
0.5714473507014913
0.5590541229674828
0.5549850050064526
0.5134256553701302
0.5465414555939884
0.5815513215019902
0.5573543630821043
0.5938148578493696
0.569479409432962
0.5607086926760699
0.5962737703116954
0.5641529395462288
0.605835857367138
0.6179998974863603
0.5471026903704815
0.5135125486045028
0.513343346547034
0.5552599201965289
0.5694517783513438
0.570790505975119
0.6274457474535137
0.5339811784425422
0.5983430607052289
0.5162208835816774
