0.5615813202941219
0.5340907691181632
0.5096816002041014
0.5617920795648815
0.5129582734097095
0.5089416097984549
0.5490040194600403
0.5562578521517508
0.5422407446637187
0.5497406994954747
0.6341789923860519
0.5653279264932034
0.5815784690839206
0.5784750038886038
0.5662400219148362
0.5539359622067591
0.5551602768476004
0.5375053956845539
0.5545752270253995
0.5997250749017413
0.5211207017509938
0.5090066056436487
0.5943797027974193
0.5833538428367387
0.5273167316453183
0.5622884720498662
0.5616986417334359
0.560932819909948
0.5660331804457043
0.5286843883973514
0.5933922409753092
0.5286576486929
0.5897476549479209
0.5550413170372811
0.5869721402366684
0.6221650007978681
0.5461529615494494
0.5983259572172832
0.5379568953889771
0.5178197111642359
0.6175326558484863
0.5849286483390047
0.5212604463942643
0.629955283075045
0.5828720783500879
0.5626066764400188
0.5448971695538083
0.5589786785025816
0.593105823193351
0.5827438343640903
0.5338572948704163
0.6093973277245199
0.5770591951376397
0.5525080711636273
0.5940603430379215
0.5574502778454699
0.5277321455025351
0.554393808878423
0.6256625729114286
0.5566381750170197
0.6171049553913758
0.5754677612319936
0.5863479002490987
0.5864714624362333
0.5623085516761996
0.5707865102120221
0.5173377315252908
0.5893261963149251
0.6058052808663043
0.5985282492339455
0.5704129933300225
0.5421047117982024
0.6042346548475576
0.5295865190674176
0.5616872737209556
0.5771759514753321
0.5662825917411005
0.5099072611654829
0.6098006945518208
0.5418828924641507
0.5926803139323668
0.5448752730789231
0.5749664344541413
0.5777573198154873
0.524210651106007
0.5549806884687555
0.6360700689678084
0.5346175077112653
0.5244695281628546
0.5544070119372211
0.5277812133899431
0.6123090598825017
0.5688179891910713
0.597124292606872
0.573391859272569
0.558535146213814
0.5355995681194804
0.5689034807563912
0.5584380928250429
0.5856452068129712
0.5556687627288998
0.5980710909410464
0.553218192331197
0.5746256039213482
0.5545274873298824
0.6182112849621335
0.5882504177938346
0.5388445152924649
0.5406830033035918
0.5739702871312906
0.6150879310998312
0.5535101941424216
0.5660345614123018
0.5179764511684227
0.5826908669345565
0.589791453834664
0.579968434302183
0.6017840874382779
0.5421088411709688
0.5169482338911213
0.5573680341051347
0.552806742208999
0.5583528388033285
0.5724244418994221
0.546292939468382
0.5905993215061082
0.5505772357936286
0.5589481829865898
0.5686354689875217
0.5602559474201072
0.5566266123074193
0.5829142327243975
0.5793592615375686
0.5590036540480128
0.568967564691914
0.5317833297050755
0.5721614248907531
0.6106874362620381
0.6175074819517767
0.5685334251120057
0.544330689836777
0.5982704590525104
0.624600049367388
0.5377255642212336
0.577559112347491
0.5166613094738269
0.5900764656089437
0.5344585208939635
0.5770234318844484
0.5858085128434103
0.552270612322323
0.5453000693834049
0.6015313910331626
0.5494831264962716
0.5956012225291437
0.5779457805120165
0.5851894872854647
0.5567567967744125
0.5125250372726659
0.5566979431846101
0.5828946122954992
0.5936710210448144
0.5320845970818984
0.5779794682746947
0.5789038149329537
0.6117466202024603
0.5711667936478642
0.5601794958528951
0.5380932140613137
0.5546130159024141
0.5426437175496481
0.545297716702559
0.5484641061325916
0.5302876262084157
0.5573503090223358
0.5420258807676822
0.5865172161694333
0.5661937016241995
0.5871709286789042
0.5334767743433544
0.6265422521783145
0.5682089292951814
0.5340081065933826
0.5344488891121153
0.5426451559381237
0.5424126595468973
0.5817227473613159
0.5499527773873076
0.568370751438882
0.5951609360788084
0.5729277342778429
0.6298987804295455
0.6099469642727787
0.5167292911683873
0.5492523241618196
0.5651426026047255
0.536651793735245
0.6293811649412103
0.5808742122529706
0.5298538057532471
0.5783932231557269
0.5094435478951659
0.5370225378739969
0.5283228640194093
0.6296889719786006
0.5696240610547963
0.5123828821895658
0.5859671014664836
0.5546084496980418
0.5739956790493004
0.537252780455397
0.5187010978493065
0.5767419362993642
0.5253573228663273
0.5792579202916369
0.5538698812900167
0.5528971127797911
0.5097968326951486
0.5503872829584041
0.5295557373835413
0.5567829463357505
0.5682978113673502
0.6168447726481342
0.5090202532779271
0.6017364610006305
0.5102239852190499
0.5095312327081429
0.5144052933100481
0.5822525036607183
0.6018283672415827
0.5823885159755489
0.5781545327806443
0.5368864543699702
0.5785630491398658
0.5578198977579705
0.5279223368627857
0.5954808038198777
0.5854910806248572
0.538415009594218
0.5190490524919987
0.5684920325812292
0.6309288692745225
0.5598581016309567
0.5706252667123641
0.6052752329749431
0.5387792054732183
0.5409377490455195
0.564796639101753
0.5490013543957302
0.5169293854815377
0.5419927462598968
0.5453845731832498
0.5415420709635823
0.593149082542003
0.57753683808784
0.5936143529248465
0.5372356337423664
0.5973037088912936
0.5894290839627009
0.6015076056774722
0.5528395065608501
0.6215221769436532
0.5743712379419982
0.5929681402835122
0.5317098510875446
0.6061812514216265
0.617916118974448
0.5882767771342957
0.5581139350971186
0.5829177109320584
0.5648881998960527
0.5541792975111639
0.5102606413153525
0.6098359530394345
0.5885780136159008
0.5808764338968274
0.5450388219000296
0.6009389412218253
0.5499710189829695
0.5697450086371921
0.6031131247918143
0.5085752263752737
0.532128512315385
0.5834372353453037
0.537417993096021
0.5769117980471773
0.5944668945068728
0.5802448710777444
0.6142459748323537
0.5448199256210011
0.5417533369567104
0.599470727590439
0.5936455794119788
0.5670781471013371
0.5664161069415462
0.5513289432121594
0.5642659151916468
0.6097314414624955
0.593663029412354
0.5268057026676651
0.5572430076016928
0.6302914757907964
0.5293252271141449
0.5834193315471069
0.5829546333906463
0.5767008031186319
0.5334496330312056
0.6098701864491333
0.5457710149021971
0.5216508042396447
0.5402753125295582
0.5396860167083248
0.5198771976379958
0.5560177490049475
0.5410583119473752
0.5371168755564135
0.570844544412862
0.5767264190558455
0.566334497079105
0.5572997955696207
0.5641367784091746
0.5693731974287841
0.5947109542167146
0.5543335351960883
0.57370984110118
0.5699861645387138
0.5967195692206992
0.5632620013930844
0.5448897168945929
0.5743643018652504
0.5779415891410045
0.5543344072549516
0.5650721491854067
0.5799908569562532
0.5205641812169473
0.583032315191133
0.5474619682976719
0.5905086764076592
0.5494903929626784
0.6022110436905179
0.6049867128138222
0.6218831815279217
0.546839213134985
0.5960247978933784
0.6147171372314488
0.5377887808063723
0.5180593284892075
0.5253890639110586
0.5544189182662341
0.5894312968277222
0.5663433342309343
0.5726319295515272
0.5779953496282288
0.563226530675641
0.5218960628626591
0.5621583191096505
0.6002668957555347
0.5718814530118852
0.5430186302940397
0.5615672756694584
0.5487733598301416
0.5858048683254984
0.5691483316492836
0.5287637109890565
0.5957205767251366
0.5502804249470306
0.5726298999727731
0.5570860021980761
0.5499067972365634
0.5797829311316786
0.5646891326476461
0.5852783368554437
0.5856990077723739
0.6093030932983955
0.5938662841209057
0.5465106337948793
0.5921512444620374
0.5491934709914664
0.600240789034688
0.5538561153023885
0.5869004577197205
0.5718191404526486
0.5505497888232382
0.5480996224827803
0.5407858489351662
0.5518876601841843
0.5740660521392039
0.5741664228603107
0.5694123210378853
0.5958583234450402
0.6030397301666559
0.5129878325521556
0.57441013662786
0.6132690781184159
0.5935054869639216
0.5645933826588023
0.5538421549409219
0.5530637523175637
0.5417753062530754
0.5574289223765113
0.538111002997013
0.5991281579999087
0.5601187419954118
0.5112174514420572
0.5615306245122044
0.5287517032188165
0.5711755016199253
0.5621879680740074
0.5559828118780406
0.570875626299097
0.552475572156752
0.5420159440350327
0.6177861559344338
0.5423558481955678
0.5950249792350559
0.5452913135338819
0.5980057574467216
0.5611716765512385
0.5646422917557621
0.5613592366032636
0.5332979770671809
0.5898018253154348
0.5708299791322075
0.5744011180489307
0.5754416783068214
0.5884107205035611
0.5982034542747404
0.5378224180738616
0.6178970753526617
0.5757430097593872
0.5541817044788859
0.5541003338135678
0.5720134914329711
0.5880873608737022
0.5733659846022742
0.5670145322379037
0.526333329536055
0.5785532603044881
0.5704604691785552
0.5984866978442307
0.5487835853165953
0.5778129696526532
0.5500386889998748
0.6003691414335947
0.5744526862043383
0.5391900680861134
0.5783675052065856
0.5845443820687068
0.5671407087814063
0.530788982841896
0.5787942512442882
0.534460358298108
0.6108401061973929
0.5629565754226078
0.5348743331454519
0.5467367089086355
0.5378310719715015
0.5824658313094035
0.5878994986732717
0.5774436626589733
0.587103117970459
0.6051696814172972
0.578364205919638
0.5969203352816562
0.5465982515651853
0.592660683064183
0.5862264652951736
0.5697148948484222
0.5505067429493964
0.5830904611578563
0.5786580478942531
0.5946988175618981
0.6031094755493578
0.5693901567429178
0.6301965232798995
0.6192847934330407
0.5436652299622289
0.5460268571845032
0.5894506423617889
0.5341141592471533
0.5518412533058563
0.5416255458247733
0.537971140616688
0.5959279853980195
0.5095754526829211
0.5467636248157436
0.5306113936198106
0.5337787802919249
0.5588298913685608
0.5799743738486333
0.5759151680575574
0.5471076639292016
0.5633176637746631
0.5664168858862858
0.5862838838771708
0.6110661751088979
0.5839896266664624
0.5458562296163685
0.5377630076936232
0.5338762792825795
0.6049988648769826
0.6314655025974113
0.5610423492033971
0.6067767040285414
0.5543403863936232
0.5823064536112271
0.5093028993101222
0.5713710020618956
0.5509253636327848
0.5735829179242964
0.6177542978785951
0.5405887535147226
0.6107452687235022
0.5541183367343218
0.5344512905972544
0.5467513845328642
0.6057999027361687
0.5184812548496679
0.6096537246095549
0.5582089806305442
0.5552443882767235
0.6077112649658788
0.595399417000663
0.5618991910327454
0.5717490001602676
0.5909365373102423
0.5858814000204673
0.5378205499959816
0.5147517095875584
0.5089370715950706
0.5612883100859585
0.5331599887225819
0.5593047443664855
0.5331619957922604
0.5431827039536979
0.5726647593455358
0.5837268007412424
0.5697007769625164
0.5827519829840775
0.5819227768995704
0.5679083714020561
0.5574201364096284
0.5483041305129763
0.5950346197406376
0.5592368765800376
0.5838218778045654
0.537638936144781
0.5640281742056371
0.5753163313586688
0.5556288940757143
0.5241346428105522
0.5588868888895925
0.534204649505916
0.5493351244953312
0.5700585220317314
0.5977880927222227
0.5460700882737078
0.5214383366139318
0.5785178747299796
0.5344034061693526
0.5911734350626683
0.5939714060913346
0.5732882996145747
0.5824259584497584
0.5564395666153682
0.6008224667108629
0.5563413128008695
0.5766397791954847
0.5786574835426724
0.5431445511328928
0.5656161663000419
0.5740713819020702
0.5664224628023098
0.6083682490446972
0.5337177655268808
0.6093768287813909
0.6098838041519442
0.5436102761018948
0.5532522601976898
0.6029640329274788
0.6053798967720573
0.5849624694275765
0.5606433043948649
0.5351505667090865
0.5890088635578483
0.5818707357202894
0.5821540537815407
0.6127931060554201
0.5927734591335915
0.5950530495848125
0.5957963958558353
0.5288210820176551
0.5532119158302871
0.5352029572930896
0.633820983549531
0.594642925336096
0.5700410980681243
0.5093489250889164
0.5710163455087789
0.5422325220977495
0.5523387662118093
0.5750368508752178
0.5468334501245226
0.5410064253139849
0.5456291135200239
0.5614345638716217
0.5152553065085452
0.5413486538627706
0.5769542588207347
0.5339249502203548
0.5861694518275751
0.6066764150380816
0.5928321975528279
0.6087677922275553
0.519900264668839
0.5665613843822944
0.5670605417313771
0.612018309275156
0.5804314755942284
0.5491906465820474
0.572532263527359
0.5596517964475147
0.6011614762138268
0.5663916874506643
0.5744381019093139
0.5693782850642171
0.5585017263818813
0.5423595530771786
0.5923888033162503
0.5897935700933105
0.5588444488661468
0.6015628347809584
0.6046462887935936
0.5543516339019976
0.5410583394548935
0.6066691035880333
0.6122275215231953
0.5618676772969753
0.5951202628896141
0.5191204498123437
0.6047061140794632
0.6062952345905053
0.614669799958907
0.5817462808385916
0.5911212263239468
0.5372052318629209
0.5539723149462955
0.5468274217708156
0.5823923817736052
0.5339880810126122
0.6285006753092098
0.5173585890627079
0.5510007875228508
0.5739421576163999
0.5838770448057734
0.5474981741611159
0.558668833542807
0.5681315168112416
0.5822516454474888
0.5872125008710628
0.5350457384567436
0.6029128979057095
0.5909903093212687
0.5874811128466664
0.560824753640632
0.5710225072926304
0.5554580722252468
0.5970660400717595
0.5790485792264614
0.6068932156521225
0.57811935988181
0.583261792722104
0.5527404924070572
0.6032840507863515
0.5525676362671585
0.5657449350980197
0.5541619474501891
0.5454513217406404
0.509660521478783
0.5803072897075565
0.5834895435153353
0.6016907863064171
0.554798745007975
0.5736465355235366
0.5592517567438263
0.5616001122945801
0.5830684867956388
0.5554506458307827
0.5860614104489122
0.5242736290669885
0.5307510856333442
0.5826825349942697
0.5229675497055656
0.5626796701606642
0.5148013618450059
0.5499497157309692
0.5224162596647781
0.5662478000213363
0.5261071834632522
0.5341615620841502
0.5497352999171979
0.5146242780484082
0.567471466900256
0.6054413492244068
0.5569983657634395
0.5709611399477262
0.6019042268769086
0.5517000909127064
0.5210836288998436
0.5473227696769306
0.5453234249124282
0.5329909342593527
0.5549125432377586
0.509362372948582
0.5301112010241948
0.5916930057711212
0.5867214819849608
0.5779470331396545
0.6102017080881798
0.591354809499509
0.6156368480966817
0.5853599593313261
0.5633857607020246
0.589336649024091
0.5829086117590776
0.6153030592420348
0.586287358178492
0.5666613655327732
0.5474290478713413
0.5612161116994031
0.6195889799081454
0.5786994288244163
0.5230962598029817
0.6013234788557159
0.5855323842645938
0.5673765660661677
0.6311890242913315
0.6284682402496247
0.5704639850891171
0.5360246994359507
0.5427369686580736
0.5626673041501284
0.554355284343833
0.5632021317640238
0.5897441982103332
0.5872045794360475
0.5716647893433687
0.5550033847502669
0.5584858268876882
0.5569642310582854
0.6054271948196847
0.5343770131677199
0.5241921167942063
0.5469171271361645
0.5408473203750596
0.5360821713927406
0.6020810921817468
0.6284723598963858
0.5683246985318855
0.572115190096405
0.541445423751157
0.5586695984097778
0.565435631391367
0.5551196349623494
0.5522282467461522
0.556963998419101
0.6157854422416548
0.6329047273588373
0.6108683488457664
0.5569791798282373
0.6041984573516125
0.5778280374472906
0.5642825237029733
0.5490251525599742
0.5097761618098711
0.562092786552731
0.5842242312548104
0.5866040023939991
0.5222734188889853
0.5668452967667391
0.5328414856535202
0.5836341916924015
0.5859895276683091
0.5818746340533917
0.5974132713945676
0.583937463709365
0.5135483202602878
0.5489317107888828
0.5852773878221571
0.583687919047444
0.6092642072804283
0.5809889106117774
0.6358924026651384
0.517786685440517
0.5707063709202599
0.590431104484174
0.6154063329618192
0.5702649363427463
0.5604920171384271
0.606668148713462
0.5383965788248691
0.5664999113520511
0.5702067298285488
0.539418573296201
0.5815740622528309
0.5891003162813946
0.5661809909881074
0.5543917099264869
0.5416102403413997
0.5796008788778801
0.6362589265049297
0.6427049629233079
0.5144879710393053
0.6115263973599586
0.5829823802584766
0.5859493233249579
0.605338619073005
0.5298751355443578
0.5614155931520192
0.5649050886727736
0.561800004806561
0.6217376191400213
0.5586458227497637
0.5375959891004053
0.5762980633413539
0.6065533452597917
0.6010748135572033
0.5736138812711967
0.5666674890528379
0.5726960149467952
0.5779424596703833
0.5732478472408892
0.5990444133389277
0.5452847922937274
0.6384197327396398
0.5422703463427736
0.5281634283753636
0.5134299895203432
0.5781969918742165
0.590932267871505
0.5559495552588615
0.6357614450444606
0.5883890778924503
0.599556265956954
0.5544755508442536
0.5541834114475976
0.5350137617308769
0.5632345945378674
0.5334133292265961
0.5702719023256742
0.5779898445138196
0.5931045045073452
0.6386399469864903
0.6034277755870695
0.5821667542836507
0.582037222180913
0.6607616067324498
0.5516353062554313
0.6021915322981249
0.5641745141671534
0.5820390261460774
0.5658559431429251
0.5854560227059158
0.5530279668166834
0.5657161749834658
0.5536351822558196
0.5157139327496689
0.5867087876121955
0.5705043862873792
0.5332932876493498
0.5502660536939318
0.5192243727687755
0.567613255914649
0.5954470455560543
0.5865310394325125
0.5968622367947071
0.5509845686026543
0.6492905217601866
0.5494486748338326
0.5945740634340769
0.6026122700052107
0.5966025626750177
0.603918256597215
0.5689760096280325
0.5690984951351865
0.5219327453942371
0.5301526367725427
0.5898642256128451
0.5314510090542905
0.5954065795469543
0.5889408776087809
0.5747248964867638
0.6068615998028576
0.5753785871508872
0.5210589862553408
0.5284251058346829
0.5656014166880384
0.5615126451578002
0.5342746876688851
0.6059384057402357
0.5540155152348456
0.5613529173597877
0.594160006807442
0.5867761697831871
0.5893081629134012
0.5411265299366014
0.5304661342189109
0.5573084847468989
0.5271236117180151
0.572897861762578
0.5646439179304801
0.5598875261639847
0.6066392334519503
0.5703125133258834
0.5976607579354166
0.5808586065970509
0.5605130658523348
0.6059914314562969
0.5614667621148862
0.5207721796684562
0.5857141875244182
0.5338775954947693
0.5307981259667299
0.5767426485808768
0.5588520532332537
0.5130458324173635
0.6022294421369783
0.5783488834339928
0.6057848706703901
0.5660019441701404
0.5292177099915836
0.5710132122774023
0.5103424409396845
0.6447542077571738
0.5208222898363444
0.5729056916926044
0.562299328895811
0.548471383432587
0.5206012791005281
0.581228367804681
0.6748799660850968
0.5536808367478006
0.54937602866642
0.5895725327964055
0.5404898024352136
0.5204041336909547
0.5333443128989729
0.5856952353138508
0.5576832403240833
0.5222010502491217
0.5661024365969457
0.5696132167659975
0.5944128559481369
0.5820486718260642
0.5704308801164795
0.5509562455644181
0.527156515645649
0.5758279128177486
0.5701428311607418
0.5931788426777733
0.5825142545771625
0.605855263969186
0.5280560042377314
0.5377980399849537
0.5137245144184364
0.5766523163791125
0.6191419833213343
0.5127161023991821
0.5440878642063663
0.5221318537025835
0.5854409842767867
0.5418194103722698
0.6069295721452859
0.5763519937154152
0.5702981341022306
0.5181538962463077
0.5974621090266322
0.5555314815351678
0.5413475896203169
0.5537087154747691
0.6273322470933508
0.5378291889731099
0.5367963477615413
0.5587498012150668
0.5616351080332727
0.5874694079551376
0.5447113714195074
0.5381349230708207
0.5693346944171082
0.59059030060724
0.6072497790898307
0.5148137088834714
0.6068320269723496
0.5249959637031172
0.5863324520141648
0.5781672581440751
0.579956340561345
0.6174411963127375
0.5239953305883044
0.5826461402043651
0.5946336177008712
0.5736723709515765
0.5418665628921913
0.5861415222593142
0.6123182799940677
0.5584825529060955
0.5998691698541614
0.5292965123041538
0.5876553404997771
0.5627233118118045
0.5395436786256282
0.5654888676218792
0.561420445856014
0.5592903039860947
0.5185974314813189
0.5410699467938237
0.5357340230445898
0.5341675426907126
0.5510485197345654
0.5683106808888749
0.5570882943753509
0.55526615543258
0.5743384643106658
0.6066173029752163
0.5098983020838185
0.5335414628782452
0.5713011527932742
0.5739062661658323
0.5214765422109086
0.5884124688208021
0.593559748882727
0.5668902478236788
0.5628423245371527
0.5882219314015475
0.5378930351097015
0.618060112671998
0.5253215571897621
0.5728916428475795
0.6062064811025342
0.5168738949231433
0.5980543299822045
0.5777633847343295
0.5661325998325588
0.565201199628282
0.5417357387281291
0.5569957761911203
0.5220749058396239
0.5534471172113224
0.5230774713645582
0.5622528595270355
0.5540717578064264
0.5170396547640426
0.5474529775571424
0.5395072777095775
0.6348610267803781
0.5529610871345121
0.6044859046587807
0.6689777904285875
0.5786616341180336
0.5817948370947926
0.5484013761462468
0.5745512395288368
0.5894107122932617
0.5986475791655589
0.5225879989828727
0.526634308844919
0.5853369186696004
0.5334498328066338
0.5978284070587869
0.5573512214124706
0.5854835711040282
0.5706018470364056
0.5846236951626653
0.5834578785832014
0.5403824662056239
0.5481432589114241
0.5655476721793642
0.5659486994157027
0.5392775687928669
0.6501324702032143
0.5135876550822293
0.6205378649058809
0.590887730680604
0.567867927043797
0.5985333304283538
0.5348172747590395
0.6413162694264299
0.5608976225593202
0.5990438369535139
0.5570124488883451
0.5621734530276805
0.5467109334960113
0.5645467350044109
0.5713432467062449
0.5648209643927647
0.590757354843235
0.577958513555809
0.597410836235901
0.5531185193541108
0.5102704337166175
0.5085669960072191
0.5932996513781341
0.5777113085196238
0.539165135323782
0.5772687141085476
0.5855230635850457
0.571668452241649
0.586652436109501
0.5265370329414252
0.6175355207440194
0.5434037563436459
0.5584675007382035
0.5889998681672192
0.5704917700216497
0.5867458826233588
0.5731114626429324
0.5271798230137298
0.553823285192077
0.5935503963035408
0.603302789626531
0.5086236288885714
0.5633865568081166
0.6071200096039651
0.5658341981955682
0.5578812522361685
0.5271168031676683
0.5240691441178151
0.5165862137925844
0.6226063322769135
0.5391288103654022
0.5711691943044351
0.5240818035886059
0.5093056333742888
0.5420451384464476
0.6142922063510495
0.5893069048690148
0.5944054127901776
0.5935041937517527
0.570830525464175
0.5801777616581101
0.5590836538662993
0.5468316956214152
0.5632802535685293
0.5736102550784159
0.5501754881465427
0.5246568325838805
0.5892631898650856
0.5771234923771041
0.5397948788913283
0.5805097567769711
0.5275821392195682
0.5600973728535199
0.5360274239519275
0.6027666996100258
0.5603073013082936
0.5717461273798607
0.5744614234346036
0.5347065350291008
0.5963831157485379
0.5763165275923355
0.5242116626426998
0.581083903509711
0.551998661783638
0.6189717646440033
0.622197466240292
0.5961923414151269
0.5693623176879549
0.5085504387769576
0.5297928130630549
0.5650888002430158
0.564650727983905
0.5328679149959779
0.5114660278153512
0.5528242752416599
0.5772580511306136
0.5376758647035661
0.5292668147402898
0.5187360247735164
0.5640096853974302
0.5422477473065238
0.5880958535827907
0.5696900043294539
0.6187870854315728
0.5993838838346102
0.5778595629790081
0.559856501143605
0.546974649780518
0.5991880463630596
0.5946235097354728
0.5581716482996483
0.5292350886896903
0.6097327436843004
0.5539070924829468
0.5225577431555356
0.5746129139484492
0.5707208932418465
0.5851216827284461
0.533548981118478
0.5857416246864586
0.5668701246913976
0.6027042486846198
0.568730896348473
0.5805659888125169
0.5212034767851175
0.6051450853034235
0.5183287398371051
0.5517742269774112
0.5870257636606026
0.538291919841001
0.5963693506027574
0.6878200611111157
0.5498051243382338
0.5579661641319229
0.5163041575422466
0.5538421551382118
0.565958511274899
0.5987138183726245
0.587210966445104
0.576837657504969
0.5171074127488888
0.5864436069808586
0.5303716412791072
0.6096314066862144
0.5247111604020965
0.5573529765671952
0.5448698229774234
0.545473717876095
0.6155964360802335
0.5397527459848928
0.6076356155141975
0.5647705867632984
0.5936836323904803
0.5140989277682815
0.5974857977347433
0.5097432779414207
0.5504546669522592
0.5569143555108184
0.5610182646211535
0.5367884820035101
0.5622493674558251
0.5178637816344889
0.597543512076499
0.5088575906753001
0.6054004284656747
0.5635302428254191
0.5853491795753821
0.5957751228327431
0.5619366427572675
0.5266888289085236
0.5674326388010692
0.517505218332964
0.5625712847940695
0.5251954550345928
0.5291685800181763
0.5222333459899351
0.5627868980589219
0.5586311115069899
0.5470864085518017
0.5552717448614946
0.6189192457013377
0.582108866336591
0.6067199007012466
0.6111136363847102
0.5667615835819925
0.5694026790621378
0.5934576807537932
0.5853926897987295
0.5747891233895014
0.5490684485701169
0.5640959824072601
0.5594912501809708
0.5583758672100417
0.53439189623513
0.5861710993253765
0.5826964381864149
0.5828103726263678
0.5879444281443403
0.5638834536987665
0.6102073837417388
0.5418744433369679
0.5489826045856012
0.5335285577857831
0.5589442693564389
0.5444429825518664
0.5463451621699196
0.5148411709544626
0.5699580120263047
0.6069428004400328
0.5330581794862879
0.5634757359233796
0.613716402058445
0.5889270702141254
0.531219886293779
0.5693409802361139
0.5443673895789224
0.577805514936029
0.5385106639197857
0.5573972472489862
0.5377633673180475
0.6033103211371947
0.600742324941207
0.5887317152016476
0.5538602977593451
0.5553949022349071
0.5419773436368046
0.5472911225960766
0.6166304128475238
0.5178109983586299
0.5830682309695809
0.5904489303328523
0.5606966244306424
0.5579386522180185
0.5417312098635371
0.5783495749119357
0.5911600104514055
0.5516828140491912
0.5577677514436563
0.5810587370453052
0.624519067093892
0.5229167040379585
0.5873212668840662
0.5780833343696762
0.5543212004789291
0.5489614292310064
0.56854190632582
0.5649699827826318
0.5257584088151512
0.5672576871146306
0.5528707527730278
0.5538427471948812
0.5419866930593431
0.5474274483156628
0.5373825569745446
0.5877186812448058
0.5814441190055901
0.5407842406937108
0.5850954772497756
0.5759607147971001
0.5438896183678675
0.6063689624335787
0.5662702692471765
0.5167087591721193
0.5086803324774101
0.546327721271454
0.5280387272737587
0.5820955643894397
0.5281772635702475
0.530390736204589
0.6068353637501956
0.5363092799941822
0.5648729273781897
0.5989391667267621
0.5737513426358026
0.590290849862489
0.5123172572933984
0.5234933380342472
0.5705413589684006
0.5817808314879043
0.5771121486049543
0.5628687181290192
0.565719061610632
0.6008963845917467
0.5837746738043378
0.6038135414444588
0.5675583229564526
0.542053642735913
0.5624387475029221
0.5691341020747868
0.5342046882260532
0.5475461213911158
0.5861631462570307
0.5455604560693275
0.5094273877568747
0.6012461826180507
0.5659466392483213
0.6063227568451112
0.6069688760151383
0.5979759850639272
0.5780464425207915
0.5139321028330641
0.554738963677597
0.6064039971463383
0.5682407591375223
0.5660284784336085
0.5674094945989655
0.5766978346560215
0.5784216563831271
0.5348195230295737
0.5957131175755871
0.5560837695903538
0.5419720532858747
0.5556954619651607
0.5851707981031202
0.5712332266581487
0.5766203740343767
0.6148665102903366
0.5773105920380353
0.5290382533243011
0.5515710152444474
0.5246610242678923
0.6139149258766214
0.5777740839392096
0.5710632987563355
0.5304691902100677
0.6112202886158867
0.5832009017837427
0.5490418155735662
0.5765554112258034
0.5498187216620609
0.5819058933865741
0.604113650409372
0.5594126063487855
0.5703244196581545
0.5808788771856973
0.5743061241514333
0.6138329841368217
0.5462055506435847
0.5933507103892554
0.5769445569126037
0.5844241486645648
0.5689508140081234
0.5912624348044465
0.5466450179968938
0.5919773740405151
0.5581231544245655
0.6134128940453079
0.5600707980061476
0.5798039011330567
0.5721056322292554
0.564383100642797
0.5606266135797806
0.5931424311232836
0.5609665702603425
0.5169982885886764
0.573852539765795
0.5687533665325534
0.5328870737261837
0.5884710223512906
0.6140104542007594
0.569486344376942
0.5506580392836211
0.5094156726870255
0.6029757705987812
0.60238856646183
0.5363675213173527
0.5517866195391901
0.5778727917624047
0.5238167299108861
0.5826462473933101
0.6058429306819463
0.5341012410046881
0.5484327087644542
0.5388514440970859
0.6067341340907055
0.546711911523212
0.5706267697371513
0.5406403526762807
0.6254391398788407
0.5840203598003398
0.5709113484476678
0.5589629086455992
0.6135695775402096
0.5459442881371168
0.5894849252022425
0.5875312734914668
0.5262324993876314
0.5494185533774776
0.5349486413542033
0.5852087602213357
0.5687675760237365
0.5458971555512018
0.5422866018434815
0.5913839263917552
0.5613213967258792
0.6055397380815994
0.587987398617721
0.5383812476224658
0.5906773374650999
0.5454637709127648
0.5291302150608883
0.6106089213932567
0.5463528279006024
0.5739268020827539
0.5939444616345333
0.6257624919575707
0.5898198218037678
0.5565704559579743
0.608988687442131
0.510085882264116
0.5828535991899793
0.5923272268570673
0.561580341054472
0.590393320403371
0.5712400153028817
0.5650239067555505
0.5500410479874297
0.5676733927771942
0.5436631190468416
0.5414687033574015
0.597885000713858
0.5815965879969892
0.6099784592544019
0.6057226613903028
0.5838375924199355
0.5251923845266949
0.5826659199205263
0.5630258698276976
0.5619317162824825
0.5795086699855608
0.5094580027301997
0.5443376109678427
0.6071719243817852
0.584241100202499
0.5661087124299589
0.5397118124485495
0.6060180829988877
0.6223060896304183
0.526093891936977
0.5291416695286012
0.574453493747069
0.5085960686641058
0.5548099510261156
0.5869908391407451
0.6048885966810154
0.6556693571769444
0.5979544194724867
0.5535767928754556
0.5645473453754362
0.5735517811471023
0.5531226725379215
0.5713373202334472
0.5529004401206538
0.5938039836801547
0.5639189284897047
0.521044824120785
0.5668784257733247
0.6266628324835145
0.5907914438226383
0.5614111060413588
0.5648933348051239
0.6058105710901068
0.605297085628293
0.5637094857491869
0.5087925010976019
0.6265205745017371
0.5090834969789568
0.5719903453006442
0.5989924782743905
0.5785227191707272
0.5246188586406761
0.6464136036737176
0.5397769044014546
0.5577339254335056
0.5097202481344428
0.5085503344482892
0.5582227403877525
0.5641160972447967
0.5888520335480522
0.5868009945732787
0.5830956395140786
0.5626295235333242
0.6099980802010465
0.6030454743758816
0.5872777182349035
0.5827836554861883
0.5508132986010011
0.5379088257269192
0.6283769927290431
0.5814937280508543
0.58310668545043
0.5609439604543748
0.5366047102443029
0.5979664316960516
0.5764174415846731
0.601322605266937
0.5779076245975218
0.5340271973560938
0.538803862571763
0.5657470709841539
0.5711941978077487
0.5697313583051307
0.5421017780135465
0.5746742897253323
0.5372675571834585
0.5720767925272764
0.5667065255559771
0.5773276127968985
0.5414836454372814
0.6184359792918155
0.5746734419619977
0.5426177281035983
0.5825608920324301
0.5725414836860783
0.6135367674034512
0.606664207827785
0.5734338997047337
0.6016421098850286
0.6092214695856422
0.5907646612931345
0.5982798545439484
0.5735872893190685
0.5850143164687278
0.6191726228967543
0.5984375728830235
0.5501445793258681
0.5568780123965716
0.614409821035221
0.5645309108031563
0.5872782416756862
0.6008917465841721
0.5508282881213823
0.5511508237460655
0.6155304839431603
0.614368256379503
0.5730734010863398
0.5793831936002315
0.593696557090855
0.5543353424942641
0.5240536684687378
0.5353234378585379
0.5298265128292661
0.5535001025754083
0.5630630135113196
0.5437640048551892
0.6010137933675398
0.5656347779441687
0.576610985574987
0.5640640097839661
0.5985867538708474
0.6269948127594238
0.5984247755580028
0.5784248928124807
0.5395144645648715
0.6203444725230715
0.5388514108493031
0.564560781877769
0.5236650686651557
0.614018668858547
0.5448751152838632
0.5584798831893177
0.5429373293174646
0.6213872866694395
0.5190337362163481
0.5509982260316032
0.5673927389428026
0.5334400401482955
0.5579995390291135
0.5598514857730983
0.5645275245184754
0.564125372741013
0.5664863206678458
0.5703000185401975
0.60202169939735
0.5957374184287444
0.5676302801403608
0.5528823983495067
0.5346485627315398
0.6091145973488816
0.5336810361976729
0.5201270102431071
0.5641545000403395
0.6067618558206758
0.5418977303261366
0.5621907639737301
0.5956797797121033
0.5354756724189097
0.5798679558241495
0.5985417570870268
0.5702656053105424
0.522694897282112
0.5637317406129541
0.5787037105286492
0.5625508532665601
0.5353066587136588
0.5816900364984203
0.5668151783015944
0.5092197101847002
0.5518146667530808
0.5668271010394745
0.5829673947865256
0.5154122625954578
0.5699144833262305
0.537833091795785
0.6048478162108284
0.6152589226929133
0.5744838425378955
0.5537724192316635
0.6036221000575179
0.5745223567873536
0.5684758008972834
0.5832193367997366
0.5414730822156193
0.608620130522724
0.5568637573842835
0.5213408762284266
0.611547015257553
0.621406329540432
0.5799176922910255
0.5268659401029632
0.5579936027099337
0.5898971777506377
0.5941487523923874
0.5816083773834249
0.5714971475751126
0.5180582678579057
0.5480251879085642
0.5772516868257604
0.5701497873087676
0.5983159204451329
0.6010745827768
0.5835056970441628
0.565108073717452
0.6049943406974089
0.5851956060314013
0.5999139998634407
0.5920459477013841
0.5827954304784883
0.5692338450848188
0.5730402362349408
0.587098742578586
0.5503110593471524
0.5890234453995943
0.5689733567445947
0.5443491055925717
0.5797405897554266
0.6267345999050561
0.593402578131976
0.5169027442849286
0.5789835483628678
0.6286235303327206
0.6041207675726327
0.6007083457455191
0.5467723413176077
0.5173155109741505
0.5288759839443984
0.5811859765071842
0.6063484850716436
0.5926928031285345
0.5885995970618768
0.6059981274170072
0.581696114436576
0.574728594110216
0.5577659480341284
0.5509890526040057
0.5718911113382381
0.5854430157160734
0.5383993326005918
0.5342488779970797
0.5932308950246976
0.6022996537980586
0.5773296616656604
0.5746964683176146
0.5838834861802072
0.6000323883830695
0.5802871197752213
0.5469376086327762
0.5663217536156324
0.5608526422255271
0.5436082278341733
0.582944726973539
0.5600814991678152
0.5102236120180347
0.5932843417174402
0.6630026931481348
0.6203504889571575
0.5413811225817767
0.5725231177373313
0.5692980465910715
0.5518163648393349
0.5730286267137213
0.5352745858192802
0.5663888441145687
0.617032163724744
0.5827581441999699
0.5588632777729455
0.6100111149648824
0.5859565818240056
0.6216174523372466
0.5335863223913272
0.5944121008297804
0.6068768788687915
0.5978740258948809
0.5812200571164541
0.5769181200473885
0.5895701975004787
0.5395369994328217
0.574713176844931
0.5898489812994744
0.5520243540640297
0.5495654472523936
0.6165645652950782
0.581283886184036
0.5978888204380642
0.5957705479329549
0.6088103966525049
0.5816467108726913
0.5237613611980406
0.5619025649150267
0.5835250495851602
0.6149413153257137
0.5543455424434746
0.5499721567989385
0.5447245528853918
0.5908030040464337
0.5471259254496996
0.5602060088943907
0.5203227274185173
0.5340465114243179
0.5090075237134365
0.5257859653680511
0.5994796286678156
0.6142844092489299
0.6143692483450056
0.5939265111578627
0.5657056280287518
0.591870040551364
0.6019988752144174
0.6106728271283851
0.5340392703812317
0.5938103159634588
0.5496862152895452
0.5806265453975786
0.6087182852687768
0.5661713505659796
0.5646488917966349
0.6044724701037766
0.606112098447028
0.5454624023910214
0.6126742533292329
0.5372676276402767
0.5407275877190462
0.6099205012055509
0.6058831234113109
0.5918565494322872
0.5537819515946192
0.5857109227721682
0.5439417317579484
0.5967411697435392
0.5779006335039231
0.5689345883295409
0.5343726806492214
0.5729852167919638
0.570375419343985
0.5905356319303364
0.5694218572435789
0.574829370451874
0.5680300987577607
0.5787497906316068
0.5697966464532744
0.5690152757624571
0.5701680444631521
0.5415669883569035
0.6212057571791446
0.6064462240435727
0.5875898608436451
0.5961683708218657
0.553815019056252
0.5940586325775511
0.577370092516263
0.5771031250584481
0.5378955070545517
0.5460631519477019
0.5982981502122274
0.6517978979138455
0.595982386472614
0.5674796781320226
0.5429985100512477
0.627161238092691
0.5626025473323241
0.6065667087124864
0.5331067031836251
0.5536856630141659
0.6089200136314123
0.5883907363848665
0.5304813325785245
0.628334542674839
0.5541527263457239
0.5884597675172539
0.5701217628890102
0.591014708188244
0.5849212107377936
0.6186548272126644
0.5937305768895714
0.5416246069884476
0.5552379661580918
0.5852043355832567
0.5907290948358499
0.5850949215774738
0.5745277490038798
0.588536379408891
0.6284244409259119
0.5220097465014402
0.5956242850820139
0.5569824113042211
0.5656358886802143
0.537577079311193
0.5776919795405899
0.6113392490017328
0.5728389806920329
0.5643434347085111
0.5947629607231396
0.5627550730280579
0.5970305281664842
0.5960463579421588
0.509431919801071
0.5969309095982024
0.5902580480886628
0.58276508610653
0.5487407252494996
0.5538063190665402
0.5699484744575829
0.5620021336712615
0.5989399410469639
0.5503244249428125
0.5872013091630243
0.5635499114743636
0.5907633830808985
0.5671097689358595
0.5708818368773745
0.6120311691816823
0.5859396905702005
0.5589247901218342
0.5772758822717122
0.5889138947604001
0.5740991816208181
0.5090449851341006
0.51504318524219
0.6027723089551218
0.6088108669459853
0.5460687761775865
0.5948160475401353
0.5576853492109639
0.5352449552821164
0.5396658860264344
0.5715969326190984
0.5804493737348896
0.5937408859945529
0.610431082124356
0.5855919339785138
0.50974235806055
0.5753753120446513
0.6111672540274319
0.5463539099415692
0.5425573469306619
0.6067116559624292
0.5470623775300042
0.5551101411140859
0.5586607980567424
0.605986355047466
0.5374182588568487
0.5716289789061592
0.6214587096386923
0.5100031587173622
0.5436145439329998
0.5860753838305516
0.553562138543827
0.5628422548708438
0.5954527988108365
0.5704270845245809
0.568791180166827
0.6426494132341334
0.5436619232476825
0.6026942404774588
0.5517888548753594
0.5455198767715684
0.5633339257980523
0.5687899837360982
0.5740776816140383
0.5818561187324545
0.5913099877414163
0.5706720477633974
0.5505490973144986
0.569501793745482
0.5470529032972307
0.5784154816736485
0.5539756833274537
0.522388746356209
0.5820831451830042
0.5907891203018618
0.538908264952541
0.5882967864473599
0.6258104479552457
0.6096928529923886
0.5321697261213579
0.5218675783340755
0.5895071419430912
0.5864417284144775
0.5549287224787638
0.5696633637372482
0.5421649777161126
0.5881883436699052
0.509088121027907
0.5911213187155554
0.5582425204255995
0.571121458357401
0.5804548102912732
0.5560226692197565
0.5791817581197802
0.5892287132065452
0.573224362787332
0.5403379951647393
0.5665462027875755
0.5785995957789766
0.5611935585632455
0.5619839152105418
0.57817443815971
0.5898724713365149
0.5810371740759611
0.5942428197102506
0.5341334756705007
0.598476185872958
0.5582225416747425
0.5311833349718145
0.590206298418288
0.5700743183199443
0.5907286047163037
0.5945415572164114
0.5796401435030094
0.5701169374315713
0.5909030657208088
0.5783212782992043
0.5216662898227968
0.5344884755691912
0.6664179419093529
0.5740288505812333
0.5102706649634701
0.5636853871764634
0.5758657494475311
0.5246060012102103
0.5904704243666526
0.5130900331938926
0.5567136896559415
0.5975389635142603
0.5866705312638234
0.5577146289504832
0.539414458151141
0.5706217720752602
0.5466159377686689
0.5674079216096355
0.5389666689859968
0.6038358177888368
0.5180427716095057
0.5655159095632508
0.629146518429495
0.5674077437733758
0.5731107208088894
0.535540834494307
0.5380570372270466
0.5502172851888046
0.5815327165885171
0.5775940863594535
0.5624157202630135
0.5589874879508417
0.5941305882255753
0.5934811058071219
0.5853597650348805
0.5218368559108681
0.5106973732730246
0.5672676561075375
0.614746111842218
0.5673253598069625
0.5575252341758594
0.5084218760198375
0.5730465228324217
0.6130514568121159
0.541327105963453
0.5637383702224475
0.5781552377194111
0.5169460229422289
0.5348557446194114
0.5611865313705626
0.5447855667276582
0.618744743227237
0.5418634006797421
0.5100072383928058
0.5423737789595042
0.5506770813757494
0.5901407398212475
0.5697367335070639
0.6165179884341293
0.5095432556924747
0.5626138358230822
0.5826065655213883
0.6438118682467097
0.6512788348967572
0.5779078494231731
0.6010645216464973
0.5667469002366023
0.6044046284378422
0.5914898935793031
0.634065817685451
0.5969154635056324
0.5103546024670458
0.5884379274082074
0.5881180058245237
0.5553793766025559
0.5769694921539656
0.523499969203157
0.5981976675743977
0.5789286139720073
0.559991850130941
0.5804199431936923
0.553432988682927
0.5360273726846286
0.513075293869353
0.5483798275597643
0.6042503201697287
0.5941188696098778
0.5852496286594243
0.6021713632848958
0.5945411713706191
0.59314444168475
0.5513691663329445
0.5335732107562989
0.5502505467234439
0.5669950808172547
0.5646798022903834
0.5552091306463025
0.5664111711768989
0.5875526263488295
0.5657110472026056
0.5538793301649407
0.566560464348374
0.562615199068524
0.5462976380844046
0.5478389755259204
0.6472635468208418
0.5378970140786961
0.5494270434889819
0.61330624834311
0.5507767567305355
0.5860068857963343
0.5941371711327321
0.5667724442783935
0.6320059484078234
0.5774260898998859
0.5835553401259771
0.5677022025839056
0.5986920528302989
0.5726227366293131
0.5519044156211484
0.583669179795568
0.5554764518258271
0.6107805499400766
0.6047377060395691
0.571684463004519
0.5780677461255942
0.5642826758098651
0.6141097570496927
0.6022028351000304
0.5928026152084953
0.5277575263847006
0.5826633511715257
0.5403802361715953
0.5427256855521639
0.5212401200892396
0.5353452269888457
0.5223219426376506
0.5521345910573197
0.58606018190596
0.5380130290001596
0.6385588256246444
0.5371761095690225
0.5565027891161127
0.5316543971160906
0.5889447728139688
0.5638923198491195
0.5697716177476652
0.5809790466922967
0.5661723876129764
0.5648936561920304
0.5673615141185772
0.5579644558835019
0.5817865747916345
0.5658669860316151
0.5389721204489518
0.5255545115591124
0.5679541112404715
0.5480501394066579
0.562411010191392
0.5700861892974574
0.5857020836758484
0.5801725280139456
0.5751202670634514
0.5652224344318619
0.56615853685631
0.5577392357140457
0.5750012456954124
0.5705548930755848
0.5577286632869016
0.5812440903192713
0.5492952139414513
0.6132593874136887
0.5215369772669451
0.5408341617946036
0.5773900315495369
0.5948862457417711
0.6263959318202711
0.5744375833265912
0.550831964712232
0.582645282267158
0.5175760842867888
0.5826344682152953
0.6338840854907916
0.5851224824793594
0.5792020945365084
0.5407746581421392
0.574179212181256
0.6121611784448143
0.5838781164428269
0.6014982487755048
0.5445507863007273
0.5577149067264529
0.6019548410746018
0.5430392436765207
0.5988235750284587
0.541298584257734
0.556221259452201
0.5293299929498911
0.5939907527621155
0.5608441331549533
0.5708745448868912
0.559548094971348
0.5153034671696652
0.5337743337015344
0.5705084833710121
0.5375965523762941
0.5534332424785857
0.5115610113394179
0.5553074479640717
0.5182242904899382
0.5506531582772083
0.5762069824869995
0.5577055668620748
0.5533915163031828
0.5722489621746141
0.5669062194087623
0.5829326379176668
0.5911069253064193
0.5527109434995165
0.5535384788692844
0.5632308024123888
0.5371167869308288
0.5759139696726673
0.5317611273836719
0.5109013700628066
0.5491325550266453
0.5095744129075761
0.571025667988798
0.5094796223471124
0.5286079345768876
0.613486653312346
0.5390899472904106
0.5462585471349948
0.5981011122215607
0.5698584662397199
0.5748906885045423
0.6101829506935131
0.5813988846814132
0.5101424642102479
0.5498374792907925
0.6071922765818205
0.5761337027325292
0.5251962810416051
0.5477215458264515
0.5879649825753681
0.5410745126869478
0.5488384933403082
0.5656134721634543
0.5661021993522416
0.6096529347210539
0.551607253890276
0.5222175874879744
0.5584713589140782
0.6026296102159715
0.5649799478982546
0.5252103411729264
0.5094568387849128
0.6008789486544621
0.6186739834203494
0.5706796243839477
0.5808575921446173
0.5628684639034569
0.6047707609085048
0.5822926329417532
0.559017524708481
0.5378226605544851
0.6030478438435368
0.5441144620726339
0.5494235908869389
0.5563061213227094
0.5710592458130846
0.6002788136336876
0.6099208558456606
0.591875028396448
0.5373735564071779
0.5789421525308852
0.5465315529869775
0.5982692526146468
0.5855003424068315
0.586825484084899
0.5306931354407246
0.5587779910066635
0.5809446196437881
0.5644518793766623
0.536114855228614
0.566050601158853
0.5361373055204255
0.5741353180067482
0.5473983636085792
0.5408242421205978
0.5830629964761398
0.6122124003310757
0.5959721273548703
0.5664262595609274
0.5498495297724393
0.5461983956658906
0.5220286720367622
0.5820763878369144
0.5323714750941362
0.5244853815098491
0.5984293324702897
0.6038444688362891
0.5877830921901304
0.5875566953594745
0.508678972493971
0.6269374473977981
0.5612054459541171
0.5498301799693457
0.5986752103952202
0.5181133780352104
0.5859198760843416
0.5849470251629013
0.5460956630026605
0.5396058072336194
0.5169551472503775
0.5614310404521489
0.6348527540992054
0.5821086128634131
0.5517492385591676
0.5724577640386775
0.5860264426667735
0.5671338389848024
0.5094347204769504
0.596959026243208
0.5865610650370178
0.5758055116690063
0.5676064794276217
0.5815976416205131
0.5900323787378152
0.5362095865894293
0.5628856392073498
0.5750018965629476
0.5876414599618198
0.5618685326526802
0.5477166440273767
0.5370136046418997
0.5746831421577419
0.5871941193689962
0.5181326073064155
0.5728416744317698
0.5994466850992833
0.5540276494022619
0.5657361990656088
0.5818602425805516
0.5587082553283254
0.5676892262780419
0.547771334543455
0.5762257116695549
0.6143718540177244
0.582203023748886
0.5941282166406967
0.6073548472027704
0.5650194698434403
0.5938836996210606
0.5666335911660647
0.5387822836712313
0.5664720887086017
0.5376391142353882
0.6183924166818152
0.5913225837122598
0.5145733111660742
0.621766790212218
0.5997931382537444
0.6144528587439188
0.5994983745697033
0.5628991426149892
0.5422623097054953
0.5676647446100479
0.5623141604475729
0.533400086279061
0.5993982776340464
0.5452392181547083
0.6107884807380943
0.5835639727765309
0.6191402972939423
0.611979734556045
0.5311662587806908
0.5211386690059259
0.5921249397066858
0.5491297943529913
0.5691295815699435
0.5702614326494408
0.5742352522172147
0.6137353287835302
0.5939603113319198
0.555287966579193
0.5319935738621564
0.5910247143618058
0.5548021480835958
0.5485299076900837
0.5772810657286199
0.587597475148123
0.571355904993436
0.5797699944696583
0.5895041430924117
0.5538492478259025
0.5836608298936338
0.602150550434009
0.574118527746409
0.5539951513394242
0.5692298588778044
0.55276279916225
0.6145662081752586
0.6111620329451939
0.5682657019817999
0.5492504803534196
0.5557799278081709
0.5688547683956234
0.5317381941100194
0.578427882008657
0.5385931386527854
0.5830299789468076
0.6078731829513662
0.5917044387342338
0.5786911613535328
0.6063912061868653
0.5942638654508865
0.6089870781876815
0.566260837145065
0.5181685631979909
0.5840941145135677
0.5746430310862393
0.5509302764077543
0.5478143064517913
0.6143811558583763
0.5792899163917486
0.5573153470076837
0.5747503709559851
0.5506332349429699
0.5559523136263916
0.5760030552687616
0.6057358106613125
0.5589504568750729
0.5705440267839699
0.6033918181316279
0.5086558740145658
0.5707858661932875
0.6026189682795369
0.5588110611616615
0.543157770012941
0.5533098821700742
0.5780489110097007
0.5595152946549576
0.5970484190273371
0.5850711548675962
0.5599520680373824
0.5729862383682632
0.5703301160199735
0.5593911787835433
0.545924967387546
0.5545088256754404
0.5463396275756652
0.540982363561638
0.5582791742378622
0.5996866864259489
0.5648224153740045
0.5522130883238644
0.536715174154737
0.5924279358663698
0.5575009767491489
0.5976712701749074
0.5944117718437707
0.5260702992649735
0.5419680263003357
0.5107709961671489
0.5337339809604554
0.5824651295971848
0.5494690011451306
0.5838957819255777
0.5838220995988512
0.5558520159225784
0.565808232690868
0.510155101178435
0.5281187868668603
0.5825717249583392
0.6018553447463514
0.5772277992418889
0.5545204840948006
0.5649432422431254
0.5561075268187251
0.6091944304967426
0.5608688308798758
0.5657259864794321
0.5086887171819089
0.5656265526762295
0.5593959371198831
0.5533314233677807
0.5540820425529304
0.5259086039827662
0.5906160854476087
0.5709178390827998
0.575482200657307
0.5739535557879984
0.5133720809702866
0.5671252898219032
0.5409498786139749
0.5519005002397775
0.6146966509833888
0.5454083424788312
0.5214329187124417
0.5657563295900965
0.5967001387490994
0.5986230425542525
0.536238738035018
0.5934939343507813
0.5536592963148786
0.5567702146535392
0.5822535316910704
0.577026411649739
0.5563613475702678
0.544609259958487
0.5294234590729388
0.530810143647075
0.5335911248871147
0.6187091841698873
0.5092409032392279
0.5244473013854555
0.5839668558804915
0.5329115127398784
0.5800434386208262
0.5427046198960559
0.5875255931664165
0.549652869122958
0.5579598042976611
0.5704697189486477
0.5086368777416702
0.5666289188117714
0.5600433283958346
0.5815510391624813
0.5620614740648838
0.5373192385206995
0.6100087022854818
0.578178589391289
0.5662301190506202
0.5614859019987287
0.5439347872088303
0.5581384099986817
0.5376774591067921
0.5455708981115875
0.5337972866249118
0.5527904292277389
0.5532989699521932
0.5542532430931064
0.5970859537569383
0.5790036156868236
0.570411843282024
0.6068527248914888
0.5707117839862907
0.5839963194511181
0.5689361094419964
0.617256527873325
0.6024795335551562
0.5382955116547589
0.656679544941835
0.5296333417892978
0.5686981907050676
0.5835004203816816
0.5093293000694434
0.5153085607128786
0.5688600575152134
0.5650459715603925
0.5666224726788994
0.5713732469162571
0.5643473153036938
0.5846355096089813
0.5851816543136251
0.5629678057619676
0.5576298094075407
0.5726047304636738
0.5536106452570522
0.614554761725825
0.5724264093412293
0.588892996302342
0.5298029253716094
0.5217213634638991
0.5958460985502118
0.5580821841342314
0.5641208892934514
0.5519925792606675
0.5319060955986376
0.5646798451451477
0.5731747374321469
0.5758801251639075
0.6387722175654686
0.6133990599923758
0.5726259141908294
0.6056411415568128
0.5920654894004886
0.5735573966756419
0.5492036038595081
0.6133608244704211
0.55893500154098
0.6031902993965653
0.5925316087563701
0.586962872310402
0.5170840945379844
0.6232057634511378
0.5719830403339108
0.5439014509007688
0.6006994905174999
0.5819521258951917
0.5785933096879772
0.5242775952831291
0.5354082620562336
0.5340395520679879
0.5467005158806529
0.554167561913254
0.579596528812284
0.5854343527359367
0.6048647477654612
0.5621195755469922
0.5653616623729921
0.5740877717545779
0.5457890022196789
0.5441335272763398
0.5416113717882626
0.5833649143621212
0.5122020305915218
0.5745628986467427
0.5246547050687519
0.5771644394439376
0.5583842628324674
0.5836629992200498
0.5667563509846874
0.5285761949384277
0.559699869566296
0.5549624404894246
0.5810906006998615
0.6003514881655891
0.5299863641345111
0.5495583207749671
0.5649176544715816
0.5818489569468722
0.5772107533669654
0.5914236307373344
0.5584632699908029
0.574033491395164
0.5207464656079716
0.573505909502991
0.5092301005526626
0.6109034288089363
0.5736416490787228
0.5622558691825151
0.5838773947192968
0.5382204830031585
0.5095834253776408
0.533110528146237
0.545966374884804
0.5565732363452216
0.569924193645263
0.5748062365937688
0.568851309789736
0.6018258805824032
0.5709863975075444
0.527150127405667
0.5804193564656384
0.5652871993552449
0.5325782682963554
0.592455554604077
0.5425676830764317
0.5996408111831784
0.5695663199285411
0.6396300280617847
0.5510319216891032
0.5751092887444526
0.5365799535530628
0.5741364923706512
0.5680816967470854
0.5587827151677132
0.584921091919348
0.5580172845244469
0.5633493135905913
0.5261268717643944
0.5788928343350744
0.5719482453398423
0.5698692283381683
0.5696846027879964
0.565895204112215
0.5959731914391565
0.6196900043124322
0.5510777176780602
0.6065518178095671
0.5593870923500542
0.6013277337114593
0.5858815523443193
0.5718016005525819
0.5108036238382982
0.6102971245592064
0.5221696557555305
0.553408983005897
0.5424231766470785
0.5673039335946554
0.5382555746093431
0.5896580108152518
0.5552445012388212
0.5456818269991738
0.5827574734343535
0.540477130216793
0.510325787352447
0.5338017792928444
0.6201664362071033
0.5738690025246809
0.6194241373449593
0.5213822880873528
0.5423786566335953
0.5621644608713431
0.6044008853237808
0.5271536730046573
0.5418423183446814
0.6147347940482012
0.5735059932094088
0.6018931306152024
0.5734077592816231
0.6186264015513994
0.5572089563693071
0.5642857005037155
0.5605827047052634
0.5354791113948513
0.5369804378017751
0.6079207074497606
0.5344546103450042
0.5663098710198922
0.5934252186659303
0.5384946431569446
0.5945751727000318
0.5516979137568746
0.6262140681351631
0.5460527294035497
0.5967321200502063
0.5965254728661453
0.5671194030525903
0.6306828208797309
0.575360130983373
0.5935292036492664
0.5673443841107647
0.519905868158876
0.5660723543828785
0.5533488349822001
0.590213259429051
0.5540222289798881
0.5716267122706935
0.5851074692599745
0.619215906503812
0.5499039034484964
0.5777082344580803
0.5351001588062552
0.5868295985561465
0.5392946221900525
0.5803810676895593
0.5530606334063152
0.5142639959784523
0.568797711545717
0.60703313931279
0.5455785555564565
0.5596498315232104
0.5735073718375311
0.5756892129517378
0.5836897748642809
0.5486685425679024
0.5259916650481101
0.5954616334544267
0.578662555380412
0.5301588183759548
0.5408437245387931
0.6012627363941293
0.570581569347418
0.6272176821948894
0.5470396949874999
0.6235595671043372
0.5726427521022261
0.582207756233687
0.5356094982702262
0.5792814492722999
0.5268503040820894
0.5952492560853093
0.5884103400823409
0.5632142982982195
0.5230169107999644
0.5303843912434182
0.5702015151424278
0.5259214388007651
0.5224988253376985
0.5795163867792302
0.5774391042975859
0.5446318800413605
0.6741033641009104
0.5680216569675217
0.5665858480302921
0.5754878304761881
0.6198158420137543
0.5752639659097003
0.5662959014476092
0.5656977393960511
0.5811709034916763
0.5677846104209433
0.5872121313726023
0.5544783474804391
0.5664624097531639
0.562862662166328
0.5221507104410651
0.6026714490284064
0.6191347791030575
0.5171174306563412
0.537961675899516
0.5859047217340293
0.5217241415193266
0.5510163973736256
0.5899618213440975
0.5664082286443592
0.5993124577851837
0.5266163580282669
0.5604749923042194
0.5869467277404611
0.5588746439992044
0.5541472514981916
0.5617126983845403
0.5653065837742848
0.583782362196622
0.5300456606717805
0.562928517090776
0.5946452428070231
0.5344354279324894
0.557164394087182
0.6014385273209949
0.590682061209314
0.5657421377218794
0.5211925194743233
0.5619608411345517
0.525230662404329
0.5772407391560492
0.5598948410127659
0.5633208490478483
0.5984698138346045
0.592201235365319
0.5943307257865849
0.5662210761653176
0.6020091310383422
0.5210680344681107
0.6017234048680391
0.514674742532495
0.5224882401878678
0.5840429935268615
0.5861113667091173
0.5935364777509818
0.6040433839351156
0.5986177913515457
0.5585544621816546
0.6183015283561715
0.6029403232941495
0.5830913778674989
0.5512934507028602
0.59923959381779
0.5765187751529351
0.6014546361330392
0.5782018617037998
0.5587181926553746
0.5385084031857907
0.6194806248227009
0.6144043593493523
0.555356504605861
0.5957193704614485
0.5132310293466431
0.5637369247173604
0.5984637288076198
0.5817901724081976
0.6207195646216844
0.5746179069916855
0.5618323004920438
0.5550133469709202
0.606135239160695
0.5572981941652214
0.6124252930703035
0.5952997736195544
0.5098871413557333
0.6110580434003289
0.6054353550220458
0.6195016995058596
0.6225365651288323
0.5210758036506059
0.5372419598467475
0.5429286984468472
0.5881170846317663
0.615987881647853
0.5918288575333456
0.6126032380608056
0.5494659180228403
0.5713520053571938
0.5434142970603005
0.5899509934684121
0.615536507848842
0.5427700732849083
0.5732065065207129
0.5180792279832452
0.553962592754393
0.5658720757640725
0.5741696825198574
0.5672408388368732
0.5909774237853643
0.5860290104566602
0.5554829167248495
0.5801731398382437
0.5191086594788378
0.5103250891928672
0.5767539707717032
0.5656494034135046
0.5536563150248176
0.5506074928976536
0.6099894432070773
0.5735026783248501
0.5549254269591071
0.5266163891995563
0.5432895143227091
0.5858025167547434
0.6385256585521938
0.5543527595820321
0.5685382807526056
0.5957217832322047
0.5541689559222404
0.5458082304193558
0.525431160746322
0.5610083309795845
0.5527479675343788
0.6159284338108344
0.5590905324352217
0.560773772404214
0.569404568674207
0.5618346225988796
0.5915080423308712
0.5513651998141965
0.5387006402793031
0.631884923068417
0.5814825681305551
0.584495255885743
0.5555254601779466
0.6318867164519505
0.6031051317133924
0.5709093914237862
0.5699841455408896
0.6044473409995347
0.5752513456575047
0.593094414476611
0.5395795382964467
0.6463232227592017
0.5362069859560599
0.5664762387347222
0.5590927292946798
0.5537867313853487
0.6392791705972118
0.599335363257181
0.5821100220185487
0.5581004043736614
0.586692715129791
0.5847233607954955
0.5499497144381503
0.6215041661591663
0.5503561338802379
0.5180765224478983
0.5998146347806246
0.5534181846851559
0.5940732346594404
0.5560153216163829
0.5767755879441862
0.6480505956230692
0.5681574549164987
0.5847018980320848
0.5581691420097058
0.5902416101356124
0.5244221341725006
0.5739195970751485
0.5895413017711223
0.5674502121199143
0.6260410801083605
0.590272125463695
0.5837362660118655
0.573777893988094
0.5786222612442831
0.5763340984564256
0.6037047547227966
0.5701324331931551
0.5734407698349184
0.5996451537661448
0.583062188620802
0.5350074991075846
0.5366392138963553
0.5841885835209482
0.5789232338949472
0.576772001011132
0.5874299613950403
0.5189475034393315
0.5751062333322767
0.5627167592440959
0.5421237453362521
0.550195392625719
0.5730194461970077
0.604441008757243
0.606497131316353
0.6232371556986058
0.554408100428816
0.5953516787150791
0.6138136366871206
0.5508573041227011
0.5742321614254912
0.6054691761848554
0.5610593413529696
0.5588388779873484
0.5969736641991494
0.5776467877808896
0.5743874053624349
0.5985854228915752
0.5615308692129447
0.6062375611401879
0.51758899226795
0.5749791617852534
0.528749576573878
0.5591803155142041
0.5965520360715075
0.5964928028557258
0.5624740678117355
0.5901937844127877
0.5875047677934434
0.5696534702850466
0.5730381794787476
0.6021181393940099
0.5499409417839036
0.6064123341509149
0.5464441319254283
0.5842045642533478
0.5987623322209195
0.5374094454343035
0.5471717589405665
0.5532196982651628
0.5619446475440927
0.557901162188894
0.5436469720979686
0.5416865026898354
0.5130940407526401
0.5683652903139953
0.510270560124455
0.5714197609902321
0.601819321723264
0.510156751283327
0.5508723699751072
0.5079215591359374
0.5775746078210192
0.5255783454901864
0.5525514524202447
0.5536127431620507
0.5814902159902965
0.5632469067075194
0.5299760866702261
0.5371387169370786
0.5568069462517237
0.5894366803235687
0.5866806355161155
0.5871597944972691
0.5485592652985387
0.570345027463468
0.6057449262011422
0.5578563695933132
0.6154380639765136
0.5716949771085417
0.5983763646078506
0.5897825874873585
0.5094096567490706
0.6362782473631051
0.5744625653714737
0.5293980894184859
0.5342535522669273
0.5488309088984801
0.6191408471087828
0.5562705931096976
0.5494029450704683
0.558705405023039
0.6005834357343268
0.5261499927195833
0.5823974840830191
0.5778354928345648
0.5566957244667042
0.5706242958347273
0.5501194940943535
0.5645662303002867
0.5217096096875313
0.5977534507237043
0.5990112113038384
0.5513359474479965
0.5774026447978361
0.5202330621220579
0.606873592360017
0.5866907020402432
0.6029973944769405
0.5393153995810802
0.5749339143199164
0.6026519425722264
0.550834662335575
0.5779610491518952
0.5535487199377418
0.5722582465162086
0.6152959942298651
0.5695067389866325
0.5670857071414837
0.608759816969754
0.559893695811964
0.5339767148014118
0.6099185136420312
0.5527603529983388
0.541114902378682
0.5687835103021577
0.5568225841010633
0.5999664544288973
0.5247340838860145
0.5983879442461465
0.5779229470806279
0.593955963637813
0.5880896907300955
0.5249972823434212
0.5795189330263711
0.6190119000023796
0.5543940919748529
0.5585559834206258
0.5449805154360116
0.5251608894121726
0.5467871191552429
0.5615204176860719
0.5777215401677825
0.6121786685702801
0.5444229055082462
0.5879176100073185
0.5591476768830641
0.5787724500073818
0.5417646534621972
0.6085430694256926
0.581688871607452
0.5267958148625099
0.5416308978604344
0.567423972710468
0.6229717070572718
0.5455782334384652
0.5852459485153135
0.5667610786307926
0.555439970701953
0.5942088408952554
0.5855023303982505
0.5179352993801826
0.5681560065364306
0.5295197233373629
0.5912988201722231
0.5886015823359275
0.582502409135644
0.583068679177303
0.6153718876465879
0.5453428081326653
0.5948664566615978
0.6079809773621944
0.5705603727262675
0.5657641484263761
0.5683102602960824
0.6031895961075237
0.6003602399578716
0.634367863986437
0.5445047974404759
0.5932548378019188
0.588640911787156
0.5407601785918819
0.5561155013553366
0.5735310294773601
0.5997115877147781
0.5279974497518363
0.6104662714933068
0.5175397213654288
0.6125160750612474
0.5701130871975995
0.5206358824416552
0.6036373003097524
0.5338775688089187
0.5145049406492711
0.5978247229349339
0.562145049556144
0.593407232203569
0.5786823980955716
0.554941893918245
0.5660098225076858
0.5850193697707361
0.5884086250689944
0.5407812480330966
0.601083191958874
0.5460375119118698
0.5910758700360319
0.5650270574240661
0.5528336452659194
0.5544918354649961
0.5852998107614434
0.5511466822614266
0.6051352759084495
0.6027037280580215
0.55557769471285
0.5599085489181114
0.6194513751555895
0.5691551441151268
0.5705063109583703
0.5367424838020143
0.5716565032327331
0.5647872805746342
0.5907539156716135
0.5413831586734726
0.5884529952108308
0.574333870170105
0.5716491479424587
0.5632429383191965
0.594837399070077
0.5361571128658419
0.575920530446796
0.5607946470550521
0.5602135997137769
0.5750442971183558
0.5270154708219995
0.542673627834342
0.6144705344974617
0.5892410296786441
0.6278492746882034
0.5667783221630722
0.574432668136379
0.5680286432901857
0.5381021921593051
0.5646838201786332
0.5540018913656295
0.5951027906490567
0.5783509657785585
0.5737826594233701
0.5906313839786262
0.5310165256393685
0.5863710083769591
0.5309144300778885
0.5953290933424348
0.5501060108830557
0.6117359787224005
0.5422882002405555
0.5361613092353656
0.6055907552176331
0.5412626877410998
0.5348976307249196
0.5726653943338507
0.5941144368842048
0.566124614682983
0.5984251203007097
0.5880586485018577
0.5589323169918696
0.5583800366197863
0.5873084992555228
0.5929578634067558
0.5684595241987068
0.537681791149038
0.558801412797203
0.591526676077603
0.5752609314486616
0.6199379217386198
0.5455340428643172
0.5144730046394133
0.5740580172268802
0.5660781868945508
0.5778939134826873
0.5383732899635161
0.573222853667238
0.5829142113029449
0.5770063411189226
0.5660453713728646
0.5902250716891364
0.5913449844188687
0.5661102125428488
0.6047374782346855
0.5292256889944515
0.6394562146354469
0.5596741516185133
0.583277675658885
0.5981298147988322
0.5822206554759748
0.5981464133596853
0.5733313292028004
0.5853427710084718
0.5786709794549098
0.5511910346087788
0.5322784259247282
0.6354163946363185
0.6028763461573741
0.5596466218428603
0.5970642110528922
0.5680152859876747
0.5940970572751308
0.5733654697872311
0.5577245915023213
0.6541126292019327
0.5872482090854184
0.5866060754925122
0.5690036126606453
0.5740170453258505
0.5132391730823237
0.6125054481562463
0.561805770243141
0.5772747561317414
0.5416144802843584
0.5414770164261805
0.5308906377381969
0.5932271169849896
0.6084117560372483
0.5873275417944025
0.5213784940055514
0.5443124174366877
0.571173551504627
0.6006406389822453
0.605578808344094
0.5849988810065189
0.5575675908347979
0.5613697030661411
0.5657789849682076
0.5727628826647634
0.5997734859287203
0.6044009014232322
0.6063028585166701
0.5444939018014175
0.6278250726421875
0.5189972987162565
0.546670509399044
0.5633546882408392
0.6009934608629626
0.5567567474709401
0.5630959727660755
0.6041292952412024
0.532703070624915
0.5588391545803074
0.5457329321017118
0.5891648534804068
0.6104988644207756
0.5579596860123434
0.5292845180786491
0.6083337510151643
0.5137732301224149
0.5792406997953101
0.5608390249264747
0.5573904632749563
0.5584687197456009
0.5456684131354054
0.5921655728514217
0.5901327875202391
0.619041628369124
0.5917686514831216
0.5637963715568426
0.5509697374899218
0.637262829297248
0.5870978668035793
0.5495682533491008
0.5399747556434054
0.5692171853519035
0.548772531162817
0.5382364000413935
0.575574618094455
0.5299065107969219
0.5276009577846116
0.5389365559991294
0.5583168253699724
0.5441866283555575
0.5974715058138071
0.5790111315790595
0.5586884691159508
0.594466685300737
0.5657179064943072
0.5528445251969303
0.528775665483199
0.5653245849942142
0.5658901345733285
0.5135955964934846
0.5495521581185979
0.5461851669369252
0.5835613263645361
0.5818023264228003
0.5529719106607853
0.6059692117315438
0.5628762939475667
0.5458563470392684
0.5633538674157595
0.5780434134048386
0.5974143078585871
0.5646579425066701
0.5669214517131208
0.5657641326133137
0.5818856860361232
0.5895596298536585
0.5942664806139012
0.5728652712155776
0.5576556654424659
0.5606729733347539
0.5910299261904527
0.5844114236778356
0.5741007879830107
0.5785245266372829
0.5787530696016479
0.5338767809852126
0.6332038589454865
0.5993862595627921
0.5346442846184895
0.6157294870490966
0.5389771660839058
0.5905173852471862
0.5567090162555047
0.5601477733523481
0.5495459369076264
0.5458525676017046
0.573770243583938
0.6105952811815313
0.5542080396348174
0.5583315087132208
0.5701009941330468
0.5903159089679829
0.5827941616212501
0.5367703924852172
0.5565913122033146
0.5954551937045071
0.5550684642741943
0.5693364030461723
0.5593370129086304
0.5732327981417015
0.5536103797073764
0.5478297709169933
0.5421913144977338
0.5967050953271912
0.5879297495958011
0.5528414235203355
0.5603953215094829
0.585874909448892
0.5659038071111606
0.6019719854730009
0.5268440925815917
0.6090174141575933
0.536674480083839
0.5280208032386994
0.512466488697945
0.5448567036554313
0.5893024619761008
0.5585601626268799
0.5371497531525415
0.5548479113762601
0.5393628218563378
0.5461542467002094
0.5779480222156521
0.5699617705831078
0.5268613921566282
0.5348030595159646
0.5323536166867431
0.5089830876116156
0.630483761117146
0.5381558781202554
0.6018472387936685
0.5345695484369704
0.5756659783743058
0.5486958382181197
0.5964109185570352
0.5291675560986538
0.5806722789286989
0.5654513413274752
0.5080082794841366
0.5528208289024417
0.5381381189607742
0.5609158574280746
0.5985217387762775
0.5618923369987319
0.5704164808862694
0.5551823433217141
0.5914043205458243
0.5666243503190033
0.6086677690843803
0.5447311456718876
0.6147885988346146
0.5598417781953337
0.5441022984388025
0.5644467048407789
0.5627345206319602
0.5740587733262212
0.6229787974169376
0.5598068802610433
0.6067948751536856
0.5877294491832143
0.5455545023124451
0.5872496902943186
0.5242810710773038
0.6277659700089941
0.5206086727033395
0.6018089044642124
0.6193093644626878
0.5781946841416704
0.5487539911909615
0.5525537651538411
0.6019975293082965
0.5422273316177811
0.5774648383671868
0.5604087955048068
0.6059887589949163
0.5263776905949344
0.5818989845866024
0.5580593111407712
0.6014976026326585
0.5846373213249461
0.6081948581176645
0.5654502122632267
0.5338873003791528
0.5369223200674756
0.5841384711004101
0.5504238823756943
0.5544017523824041
0.5820305594661214
0.6285025252919113
0.5656041389972583
0.5380177092836135
0.5630090354639978
0.5497331731841291
0.5127507221908371
0.56205625396991
0.5932212180097464
0.6114745210420734
0.5472898784433401
0.55512226538538
0.5470216771783761
0.5385246167068556
0.550495469735268
0.6138160088333203
0.5759201590434878
0.576478836986405
0.5859854501138259
0.5473787167500476
0.5465276935679068
0.5756507899050678
0.5608729473931447
0.6238212221717057
0.5954388218855506
0.5758347465894502
0.5651517617699133
0.5610345819073186
0.5682525341298832
0.5615613871346158
0.5198196012787171
0.6112159125759029
0.5941074469718007
0.5560841082588612
0.5143491702124633
0.6032212868822415
0.597716497488648
0.5768790119061519
0.5899033287133297
0.5469909230673032
0.557557457331082
0.5581468227115535
0.5603471376841762
0.5479297769092604
0.5431349861359523
0.5826233766228446
0.5925212623672206
0.5937057671870939
0.5424824480156619
0.511946906142994
0.615075370454129
0.550935235463048
0.5815799877659773
0.5133148156934156
0.5458874873333017
0.5429349427371657
0.5862018844559959
0.5371947351188957
0.5588592743270382
0.547430593306185
0.5688341372840403
0.5545014136217675
0.5200148295809146
0.5953139253055184
0.58543024061536
0.587772394327103
0.6111327567443877
0.5414041177535672
0.5553364209061984
0.592206124537224
0.5972345251518046
0.5676827975870788
0.5901053895097121
0.6079874423525952
0.5542783913647471
0.5865502688566521
0.6310566382743106
0.6011638985794454
0.5149017104933278
0.5638783098433584
0.5505089994613434
0.5504005173039658
0.6099975113200232
0.6229509937661962
0.5964546606847078
0.6074497031467971
0.5438715002992934
0.5927465152828983
0.5945337754552725
0.5937007824402698
0.5505891513347982
0.5503479958331278
0.5706590191722192
0.6337239795360422
0.5717724031231902
0.5759277219843563
0.5613949075746393
0.5380139801610225
0.5788004212329555
0.6039829240725579
0.5379502387619844
0.6066129031947054
0.5476842053702828
0.5333052172541429
0.606463163540387
0.5938508785213451
0.5839924042367775
0.5491363003411933
0.5695510029528242
0.5619096373348168
0.5543123976864868
0.5510445135655777
0.5533466247695704
0.5989919693797178
0.6002135856233086
0.5940662001978513
0.5459220119115235
0.5585520232243302
0.5223832961281253
0.6343918791557426
0.555077158876098
0.5631788168038037
0.5538294941713569
0.603118882426612
0.5769007121027666
0.5652597313901301
0.5186874862754357
0.5240246091255572
0.5988763651809489
0.6343580464646129
0.556857067473215
0.5572598389482518
0.6109614485878732
0.5739525791385754
0.5933429792558711
0.5977213575230237
0.5346830727991878
0.5824120793946269
0.5472858052076056
0.5537724738984489
0.5826631877891532
0.5291274836207005
0.5533249123289166
0.569663342973009
0.5778400720974153
0.5208793672813916
0.5455278132184914
0.585988363856555
0.5812466009459124
0.5215446820845293
0.5494701962323879
0.51426554614502
0.6153835410207701
0.6005276109507846
0.5676804422322141
0.5938891355407662
0.5339813037402563
0.525745921560781
0.517773793180331
0.6168761786088616
0.6013193023749435
0.5656332411901679
0.5492181138320227
0.5647613108294891
0.5119863402650069
0.6174581184131085
0.5956124870661303
0.5666378741669876
0.5893095703210359
0.5441110350192513
0.5874970881276316
0.5413090356594691
0.5811045753515748
0.6102703174796176
0.6348415178947084
0.5400782587836324
0.529899865384051
0.6184383256745091
0.5554219229710351
0.5293921232194241
0.5557067742005114
0.5844241179560601
0.57248804957604
0.6059151971398203
0.5712410820866115
0.5691970190212822
0.5483718755205578
0.5820229779294706
0.5943220302656741
0.5367884756296142
0.5363216385009004
0.5795113228905823
0.5339891739689119
0.5510647090427656
0.6046318390696851
0.5387555574611731
0.5390534775940018
0.5917468078540684
0.5476278273523074
0.5846863115189516
0.5427088439616736
0.5095790153952199
0.5914069478638346
0.5615426441339367
0.6135570491009213
0.570469660776365
0.5504279643392151
0.5585539497350602
0.5424073037166504
0.550238158910362
0.606589471746397
0.5419977436213078
0.5779790578311808
0.5459549315280143
0.5290557178601325
0.5738541469649887
0.5335551616839328
0.5268027053647885
0.6345495820748892
0.5611069369031332
0.547825465187607
0.5089954777129019
0.5706130765572043
0.5445645709200885
0.5334669826342286
0.5435076964518141
0.5566558452223415
0.5335716376181592
0.5689249558565787
0.5462495161871544
0.5770296086459759
0.5955529255314906
0.5705897985639831
0.5758750741502153
0.5198118708773601
0.5987964780597472
0.5902587497905285
0.5495787454304829
0.5691971776086764
0.5622531207950016
0.5862551179374051
0.5195276913735681
0.517461098993505
0.5809768206717885
0.5638947668137655
0.534234582970369
0.5467057530745701
0.5855509865509401
0.5646314750762157
0.5791841518211446
0.5917739719967654
0.5580880279879026
0.5154851323620423
0.5364570739787522
0.5634377943798745
0.5251825308517458
0.5727130112938322
0.5945951523719649
0.5428932024742965
0.6022470519053582
0.5087783588150436
0.5582633559532679
0.6138349412699748
0.5394508820021461
0.6229803221942278
0.5760182278671059
0.5305915549334882
0.5788374728110796
0.54685634522131
0.6428271948390678
0.5603890801791127
0.5508547224837154
0.5391357375960908
0.5542059740038418
0.5953942520478139
0.5217813839064858
0.5649983425917834
0.591224099567408
0.5605340831548599
0.5505212111725204
0.5461247597301627
0.6076886845166904
0.5749830011906483
0.5818896978739807
0.5774237768556255
0.5818251124442063
0.5196900205028505
0.5951801425661911
0.6099525708151897
0.5913738025953382
0.5366706280755414
0.5975076502053257
0.5946027416981581
0.5992775828320707
0.5827011196891202
0.5913059330307406
0.56273028597152
0.553171376372733
0.5495419787610386
0.5489493171286498
0.5772401860298892
0.587236846408295
0.5633540492374659
0.5223645249159989
0.5579589494546755
0.5577384182019456
0.6143429292829728
0.5912972214495207
0.5171878177403618
0.5625794220812922
0.588400839164415
0.5662087368413761
0.5605345555046153
0.603060391432526
0.6355166955640428
0.6020248701637613
0.5898716519155154
0.5738877538766625
0.5696993771964666
0.5725661684969405
0.5780890698793147
0.5422265728013791
0.5784515513597014
0.5455392446128795
0.5900432677517806
0.548859762219972
0.5575697550815116
0.5580877638999527
0.5742235079602662
0.5696197356778538
0.5141388328730958
0.5582660385380935
0.5089601019567539
0.5751758539678401
0.579899831603094
0.6043438368695176
0.5659434767806729
0.548276631991456
0.606292671528213
0.595205578311328
0.5537482751248387
0.6115658268778201
0.6086651610620755
0.5820421418458592
0.5904734742885741
0.5679497893661706
0.5429620806405234
0.577529358476955
0.5947122989273247
0.5917160970094855
0.5631554644918558
0.5751691050553229
0.55176837758245
0.5396509130099707
0.6492384899027884
0.5840416563586516
0.5653787759611314
0.5472759432626851
0.5578433754448655
0.5813249209009957
0.5265021277222357
0.5393016221560145
0.588705183412669
0.5908963861299117
0.5426256243170603
0.571760628077443
0.5443568318736111
0.5894381354585557
0.5467222729333426
0.5117727002625583
0.5705051666228869
0.5180358608776353
0.6012850515684487
0.588504898185815
0.5322244722136477
0.6264117513350506
0.5840451087740144
0.5996269624042212
0.6235158439327705
0.5729074326356691
0.5705862079952477
0.5514573469893875
0.5786135693694473
0.525471355996682
0.6165650118739113
0.5380684348808634
0.5913361621531521
0.5598945049042747
0.5793281574407134
0.5493916757088873
0.5574906829715477
0.5599851083137084
0.5871361981064286
0.5879908665043097
0.5503154781529601
0.6101932569289178
0.6061353498006088
0.5571691156607947
0.5452803279199476
0.5641579255907292
0.5863855422555974
0.5688972638721707
0.5960287169767279
0.5520750752008086
0.5412958886409738
0.5384204757650832
0.5740615802919179
0.5960839208869639
0.5811131192065881
0.5335005190610506
0.5464504092392553
0.5715861813232421
0.5832927027524278
0.5509847068182739
0.5629336537249833
0.5623859014960602
0.5217262347074372
0.5508169629460737
0.553326546099374
0.6036448939481883
0.569045315521759
0.5898264204138249
0.5358429227739313
0.6319344815833828
0.5422205849878856
0.5796423772636627
0.5474436777634994
0.5588753735246074
0.5415329005598173
0.587447726145846
0.5809921134150396
0.5566868802300585
0.5392382447749973
0.5426785298367284
0.5513409383018324
0.5177503997168709
0.606994927325431
0.530748517134987
0.6227171379219211
0.5753989064043501
0.5779329195610557
0.5867142815916483
0.5771372107955665
0.5107390758245134
0.5376212531520423
0.5706393097672704
0.5911651275516844
0.5103154387219001
0.5301761124873348
0.5505170185988129
0.5418587003215025
0.6003995446638114
0.5367805222541255
0.5263054590348357
0.545708565772437
0.5782278330526414
0.5387773935153147
0.575789308430814
0.5913340468333458
0.5104322068211264
0.5628568395436704
0.5481393901622863
0.5738775787399547
0.5428257799141833
0.5731014480398129
0.6055043889012472
0.571657791001027
0.5673083042735692
0.5842270963440936
0.5111497766979979
0.5640002114663177
0.5883918184760543
0.5622370225825036
0.6157774669347796
0.5592780761468107
0.5625472792743147
0.5990550212066701
0.5604485548640183
0.5913523789535622
0.5733733866645818
0.5290238778813797
0.5458152830997858
0.5750426556005401
0.5650192865116761
0.5706250867633004
0.611570147805352
0.5372677981534884
0.5314532771806948
0.5894535856396199
0.5730209774209595
0.5490508245394435
0.6033778844976458
0.6064918307502147
0.605312052599585
0.508839734220872
0.6339405518570775
0.5218546583952716
0.5531758640111574
0.5691596780333368
0.5629233962613682
0.5425933695850917
0.5550778015728609
0.5544562879942582
0.5260351902226639
0.5906899659212931
0.5758261913500741
0.5644522362701396
0.5102108299673411
0.5710095026697407
0.5844047943732875
0.533968528320601
0.5551846593098364
0.5897708254661067
0.5771539032965658
0.5789195629227957
0.5824538295062758
0.5171303202349669
0.6159039100889776
0.6133167698710658
0.5540758660661872
0.5786314637913097
0.5555769794774765
0.5456822265900978
0.5373614315551085
0.6014697982263227
0.602811616791095
0.56215045240238
0.5630221312227215
0.5738326211215186
0.562137548617162
0.5522455960331059
0.5497741976564229
0.5500502590666206
0.5444224420048164
0.586760604750321
0.6052663302825902
0.582541877545886
0.5770770466966147
0.5790111943824421
0.5614920238371716
0.5796348694080604
0.5831699462243821
0.5201493014257867
0.5774474283412425
0.6189816892942074
0.5492654684082772
0.5874602271670374
0.5432793883670636
0.556649316293636
0.626545410792747
0.554476197140285
0.6028225393526122
0.5399762480269209
0.5666858781510822
0.6196174635648042
0.6073320630206417
0.5084587558366183
0.5777518477901821
0.5776719168482563
0.5782195628695372
0.5975636399129022
0.5454502282168396
0.578006738855105
0.5446051605623614
0.5818125259347233
0.5894107557520198
0.5399561001489609
0.5545108344493235
0.5836214615638988
0.6083139330019591
0.5106775565434224
0.5783137612257889
0.5954308632559913
0.5520976055968592
0.5620757787751292
0.5521815844929623
0.5503984800212766
0.5686628557998802
0.5563880481652786
0.5581731535746653
0.5980716901535807
0.6228086832386914
0.5093644806900229
0.5764271455351926
0.587137093027978
0.5731919950521629
0.5622577098653947
0.5941694415786095
0.5298970123054502
0.5505288547522685
0.605204718245477
0.5742860995133968
