0.625      0.59666667 0.57166667 0.61166667 0.59       0.59666667
 0.57       0.57       0.56333333 0.57       0.58       0.58
 0.56333333 0.55666667 0.565      0.605      0.55       0.62
 0.52333333 0.59333333 0.615      0.57833333 0.59833333 0.60666667
 0.57666667 0.575      0.61833333 0.57166667 0.58833333 0.57166667
0.625      0.59666667 0.60333333 0.61166667 0.56166667 0.52666667
 0.575      0.59833333 0.57833333 0.60333333 0.54666667 0.585
 0.61833333 0.58       0.59833333 0.60666667 0.61166667 0.56166667
 0.54       0.61166667 0.615      0.55833333 0.56833333 0.53166667
 0.625      0.57666667 0.60666667 0.61666667 0.59       0.58166667
0.625      0.55166667 0.60166667 0.545      0.61333333 0.6
 0.59333333 0.59666667 0.56       0.60666667 0.58       0.61333333
 0.605      0.56       0.60166667 0.60833333 0.60333333 0.505
 0.59333333 0.62166667 0.59       0.545      0.6        0.615
 0.58666667 0.58       0.57333333 0.60166667 0.58666667 0.57333333
0.625      0.605      0.61       0.57833333 0.57333333 0.61166667
 0.61       0.61833333 0.595      0.58333333 0.57166667 0.59833333
 0.60833333 0.53166667 0.56833333 0.61333333 0.60333333 0.61333333
 0.55       0.54333333 0.59833333 0.60166667 0.625      0.59666667
 0.60333333 0.60333333 0.54833333 0.57666667 0.585      0.595     
0.625      0.60666667 0.565      0.61666667 0.60666667 0.575
 0.59833333 0.55166667 0.57333333 0.54333333 0.59       0.585
 0.58833333 0.59       0.595      0.59       0.60666667 0.60166667
 0.605      0.60166667 0.59833333 0.61       0.57166667 0.57166667
 0.58166667 0.60166667 0.6        0.56666667 0.59       0.57666667
