5.13275975 5.10031139 4.89773935 4.85903445 4.88115118 4.96501204
 5.01563916 4.57371756 4.95878912 4.93057522 4.89059275 4.8200439
 4.83797206 4.70514465 4.8262394  5.03221318 4.89869035 4.89137729
 4.93413028 4.89228818 4.97174692 4.93088951 4.80805578 4.93254456
 4.93318145 4.87280767 5.05982242 4.95828128 4.65335089 4.77858186
5.13275975 4.70732374 4.97300007 4.98572625 4.7876893  4.94817174
 4.80873648 4.68364407 4.89020572 4.9986977  4.88530784 4.95595199
 4.91654277 4.96573888 5.02125219 4.81865243 4.90621933 4.92998976
 4.9655856  4.76930183 4.93308005 5.04959303 4.58428582 4.87272369
 4.94205881 4.87482016 4.93219945 4.75403114 4.94633073 4.78524092
5.13275975 4.97314513 4.84944743 4.79529696 4.70785249 4.94976303
 4.79411156 4.68377315 4.80907187 4.79256509 4.79903154 4.91585425
 4.83367176 4.85753645 4.91728653 4.82663326 4.95572424 4.96385055
 5.03045588 4.91595576 5.08287336 5.03381655 4.58109442 4.90605895
 4.98239626 4.81745911 4.86780254 4.91452595 4.78453564 5.00529908
5.13275975 4.87587416 5.03089569 4.85661093 4.9306133  4.81854486
 4.84996528 4.9160386  5.00916299 4.76213273 4.83395663 4.87814237
 4.84272288 4.90655638 4.95495341 4.97995014 4.63519693 4.6218941
 4.97357122 4.84338438 4.9664456  4.86531499 4.71771172 4.85893566
 4.84115408 4.71440053 4.99215665 4.87345893 4.74542258 4.64365354
5.13275975 5.10827817 4.88737868 4.89998459 5.00578931 4.87297701
 4.82995639 4.90126814 4.89851439 4.87492048 4.91494927 5.02647156
 4.87454519 4.94002375 4.93884202 4.98113217 5.0666331  4.81831289
 4.98399211 4.94525431 4.85107801 4.84193997 4.83545614 4.81282773
 4.89834823 4.95483199 5.01523673 4.78444497 5.05067085 4.85075514
5.13275975 5.03456304 4.81105543 4.86441976 5.02684882 4.87911923
 4.97282311 4.8781179  4.84101945 4.7527974  5.00070217 4.92356365
 4.96369717 4.97531289 4.81787916 4.90828497 4.90542396 4.94796981
 4.93094428 4.82430517 5.0391333  4.96401007 4.68974399 5.02240044
 5.06942884 4.95037071 4.80292905 4.80848092 5.0631625  4.82446581
5.13275975 4.93059073 4.8658324  4.88174227 4.75700246 4.81342612
 4.93312666 4.85755383 4.77973114 5.03236834 4.94693129 4.96692537
 4.94285903 4.90065952 4.93915696 4.90574993 4.93093013 4.89747623
 4.80609371 4.93121432 5.04981001 4.91664419 4.94206709 4.89129434
 4.96078212 4.99457486 4.90423643 4.92174018 4.90690769 4.93817719
5.13275975 5.01506141 4.99717481 5.05249666 4.7936602  4.98090849
 4.92148596 4.94188982 5.10884845 4.99959652 4.86589357 4.85827049
 4.8662554  4.84983923 4.82045199 5.10122692 4.82411081 4.63691466
 5.00270241 4.96512028 4.91760889 4.94078881 4.98079402 5.10570668
 4.86595939 4.99891665 5.02281262 4.94202569 4.86842142 5.02390097
5.13275975 4.89914601 4.88290492 4.81929212 5.01631309 4.70591552
 4.85960851 4.8574393  5.04819449 4.94410159 4.8188125  4.75685803
 4.83033874 4.95538136 4.94745382 4.93943839 4.79066122 4.89891935
 4.98053781 4.914644   4.84143207 4.89964799 4.94227946 4.80961912
 4.65350267 4.84389121 4.80271019 4.68245533 4.93983814 4.97513006
5.13275975 5.02345428 4.88719403 4.96393596 4.62772549 4.76939443
 4.76117253 4.98631077 4.86589333 4.90587745 4.92979143 4.97314121
 4.70649346 5.04716207 4.98746675 4.93665796 4.8809901  4.94137997
 4.99133544 4.88515707 4.82281215 5.06408657 4.841373   4.74296747
 4.75102822 4.82507394 4.80193954 4.92604593 4.98208944 4.91007655
5.13275975 4.99115417 4.9103393  4.75406143 4.92261541 4.53919348
 5.13385577 5.04107162 5.01887162 4.84838848 4.99231888 5.08065289
 4.8354738  4.74698606 4.84245791 4.92394513 5.05521831 5.10814622
 4.75689871 4.73356309 5.03201081 4.88933053 4.97259683 4.94187798
 4.81089899 4.80192722 4.93066138 4.89919514 5.01622169 4.89044619
5.13385577 4.90670652 4.86456213 4.81760777 4.99747149 4.87304776
 4.80819902 4.98998371 4.81774396 4.75348435 4.94411275 4.99054047
 4.7930197  4.77706232 4.94732814 4.73883757 4.84341195 4.89122074
 4.89812814 5.03061829 4.87354735 5.00892031 4.92664571 4.87333358
 4.93991265 4.82511512 4.95632615 4.88198009 4.71359021 4.86625595
5.13385577 4.92244532 4.89956435 4.92059473 4.75600202 5.00525204
 4.88547406 4.94120613 4.76838488 4.98191265 4.86676329 5.00769286
 4.84983302 4.69730301 5.01457281 5.0730172  4.86451172 5.0231205
 4.89106478 4.94940886 4.80064205 4.93213861 4.88701272 4.88086927
 4.87462182 4.97228085 4.94783545 4.6784109  4.72838639 4.92458418
5.13385577 4.90114279 4.97216767 4.79211289 4.72309215 4.7934539
 4.84516701 4.78441212 4.78105854 4.77918788 4.84742252 4.76222733
 4.78460234 4.83547107 4.8414907  4.90691832 4.66009348 5.00484494
 5.12641455 4.91540345 4.9803052  4.90093364 4.99131483 4.81012028
 4.93843277 4.93102313 4.77123894 4.7827043  4.78412986 4.67630675
5.13385577 5.09138411 4.74542586 4.79294343 4.76124783 4.99692065
 4.99852556 4.82427539 4.84864945 4.84431752 4.88443497 4.84266719
 4.90958712 4.76990951 4.93118563 4.83551577 4.98691533 4.76553149
 5.08410847 4.84994508 4.9962084  4.98086163 4.81840794 5.09552171
 4.89808148 4.83639916 4.98812154 4.91418407 4.85147966 4.90999293
5.13385577 4.91481545 5.03647897 4.87446616 4.86834808 5.12338183
 5.03410964 4.91091066 4.70149904 4.8817778  4.94771535 4.95754636
 4.96304134 4.90662144 5.11934306 4.89032434 4.90738095 4.84299434
 4.8608902  4.90674119 4.80094329 4.90970489 5.01567628 5.02291171
 5.0568401  5.09293866 4.88994757 4.83958922 4.75437247 4.88996887
5.13385577 4.90095819 5.03152676 4.86716728 4.76186023 4.78158805
 5.02115156 4.96455204 4.94353755 4.97142853 4.79467974 5.11587941
 4.98777595 5.09756511 4.99868078 4.84946673 4.98275896 5.06415896
 4.79460603 4.93311291 5.03398195 4.90252401 4.71443119 4.89992959
 4.99992972 4.81868247 5.01519752 5.00466667 4.99718449 4.97385459
5.13385577 4.7224411  4.89735671 4.80804687 4.71296201 4.89942611
 4.9240888  4.92340676 4.87249163 4.69825055 5.03917981 4.84295694
 4.89955392 4.78544345 4.87122113 4.82545357 4.8762552  4.84113563
 4.85046689 5.03851667 4.86806123 4.991723   4.81933217 5.01624418
 4.97629687 4.87277715 5.03796654 4.9574627  4.85200581 4.9149726 
5.13385577 4.82604178 4.88990155 4.92369776 4.83539516 4.72087488
 5.03213135 4.91478456 4.75870885 4.88422211 4.69091794 4.73711778
 4.89074286 4.8258025  4.80180664 5.07479002 4.6747352  4.89179286
 4.76274561 4.83383287 4.87525726 4.73822148 4.63045671 5.00503176
 4.99616052 4.84950302 5.04618325 5.03901159 4.9641856  4.8655938 
5.13385577 4.85189514 4.51385831 5.0057116  4.84591243 4.85047674
 4.68181545 4.9188184  4.61388959 4.84105001 4.76113318 4.84594571
 4.97241046 4.96426048 5.03469264 4.82569537 4.87372339 4.85024042
 4.88932279 4.93998664 4.81814435 5.04287374 4.97806937 4.94705239
 5.03205622 4.98046138 4.84013495 4.91450104 4.49901837 5.0048683 
5.13385577 4.88184578 4.97272764 4.89115804 5.00529813 4.75315724
 5.02322549 4.77682523 4.94664727 4.89118887 4.76146785 4.93710035
 4.94116437 4.6766862  5.03375666 5.03761475 4.95509557 4.84274397
 4.93985115 4.71801083 4.77974649 4.85192158 4.67489631 5.06528248
 4.85164885 4.85048959 4.82109054 4.86636316 4.82650607 4.82497036
5.13385577 5.063852   4.91932953 5.07379695 4.74514074 4.9567137
 4.83436357 4.92415939 4.99279905 5.02239961 4.88164978 4.83335156
 4.96733914 5.00684291 4.75813841 4.8905048  5.1153394  4.88083875
 4.86544821 4.84223125 4.95830766 4.73721766 5.02124566 4.84831457
 4.94772196 4.87452764 4.87374937 4.93973708 4.97930038 4.96876784
5.13385577 4.94669704 5.08996964 4.99143    4.97300291 4.89085941
 5.0052881  4.91383718 4.82689633 4.92374135 5.01916114 4.8827938
 4.70602924 5.10592567 5.08307603 5.00246722 4.94664316 4.8507837
 4.95646956 5.06141767 4.72856939 4.94694938 4.84357612 4.8533134
 5.03065674 5.1086586  4.9795186  4.84165224 4.84081869 4.64495753
5.13385577 5.1429347  4.89086918 4.66104652 4.99118023 5.04764593
 4.96531679 4.91462017 4.95874793 4.82491571 4.94993145 5.07014557
 4.68957221 4.85714985 4.87557177 5.00672758 4.92320759 5.00537491
 4.73826459 4.87499969 4.98934641 4.67459383 5.06344338 5.03168499
 5.03317227 5.01626793 4.92533139 4.90589918 4.79175537 4.99561233
5.1429347  4.6848349  4.56701516 4.80876709 4.72433137 4.80373317
 4.99157795 4.87344609 4.81715089 4.95931912 4.85019349 4.88976595
 5.040212   4.87225911 4.97988088 4.55963747 4.97277833 4.72164379
 5.07453033 4.87380585 4.89038531 4.87628868 5.00529515 4.96671992
 4.86132814 4.95149894 4.56189132 4.956618   5.03251587 4.93211746
5.1429347  4.83597451 4.89331348 4.90713336 4.80056128 4.97085413
 4.86760439 4.69023531 4.88276598 4.90469705 4.89091462 5.08416347
 4.85401399 5.01067994 4.86700142 5.09119667 4.72970614 4.87132887
 4.98065395 4.93501942 5.0043953  4.74538717 4.93703575 5.06428142
 4.89048727 4.93087219 4.98307832 4.64431079 4.92406043 4.93188944
5.1429347  4.94966773 4.88159387 5.05663389 4.90072181 4.9351487
 4.8897922  4.99002658 4.84587282 4.67664721 4.69920074 4.92840507
 4.77050172 4.95817031 4.75777281 4.92461017 4.80206234 4.84948323
 4.89781225 4.86026785 4.83950246 4.84218276 4.96646557 4.81130934
 4.89923278 4.92961195 5.01559851 4.96652664 4.86199335 4.67400116
5.1429347  4.83229531 4.92648923 5.02590099 4.89803762 5.05820835
 4.77894222 4.97185546 5.03195967 4.6814736  4.8184787  4.83077483
 5.0080369  4.92789243 4.87586713 4.90748842 4.70621738 4.88203411
 5.03916424 4.96798542 4.68336141 4.88228649 4.64712233 4.7861669
 4.91763629 4.85057175 4.97489863 4.91404165 4.9140998  4.90847041
5.1429347  5.03141488 4.98389507 4.94884059 4.79377014 5.0318879
 5.00144947 5.00762648 5.05501741 4.6710787  4.80087376 4.93146924
 4.71587285 5.01276998 4.76977825 4.83483916 4.80131079 4.99837943
 4.99656562 4.99634139 4.7375658  4.87332679 4.92258137 4.61094053
 4.86789802 4.83799334 4.81072737 4.95781906 4.83464243 5.07435264
5.1429347  4.78633583 4.85139348 4.82420799 4.77756761 5.06583723
 4.76989798 4.85988138 4.99157159 4.64327963 4.66674789 4.89398441
 4.83272038 4.77722791 4.77941091 4.77859758 5.01323594 4.94916279
 4.93872603 4.94258403 4.86908616 4.90793796 4.776612   5.03094717
 5.0061669  5.03108315 4.89942303 4.92752756 4.97404335 5.06437584
5.1429347  4.87520517 4.83984767 4.97507547 4.9724638  4.82597291
 4.98152701 4.98137374 4.89075857 4.94789566 4.92560263 4.97253431
 4.82673756 5.06734282 4.92398953 5.00534562 4.92474931 4.79348797
 4.7603674  4.79280088 4.76468319 5.06651101 5.03880253 5.02550217
 4.96392356 4.8099902  4.87465284 5.06602071 4.95503633 5.05533407
5.1429347  4.86444876 4.98992037 4.85663344 4.6389689  4.92778122
 4.85021466 4.89077814 4.93901349 4.93131048 4.97205286 4.99290905
 4.90712811 4.84260504 4.9240433  4.9287038  5.02574796 4.84104682
 4.73158422 4.73281929 4.82616494 4.92231461 4.92270019 4.69034607
 4.74433572 4.94809856 5.05001118 4.97202332 4.88156709 4.75337696
5.1429347  5.03003372 4.82592852 5.04094288 4.98114162 4.91439876
 4.90383309 4.89107315 4.92229905 4.98054237 4.92205558 4.8658289
 4.87774614 4.89990585 5.07103671 4.88918919 5.07616636 5.06430604
 4.93227142 4.85784083 5.0164782  5.05011105 5.05950974 4.86597726
 4.77684957 4.79300616 5.04882672 4.86496253 5.12538608 4.75802058
5.1429347  5.01446178 4.92481186 4.93207721 4.68157725 4.9362925
 4.83196101 4.96926776 4.80747473 4.67037714 4.8814834  4.8574682
 4.85068013 4.82803796 4.99212638 4.90728022 4.91544709 4.80217795
 4.95630398 4.71310981 4.81177388 4.94880361 4.55936748 4.88221552
 4.72975114 4.86084179 4.93379464 4.92568555 4.74579099 4.96721933
5.1429347  4.98232054 4.65815856 4.76245034 4.77714725 5.11697709
 4.81147636 4.73005072 4.52831036 4.89990347 4.60587541 4.75322972
 4.89943645 4.94938002 4.80284363 4.95810489 5.0494371  4.8583132
 4.96515494 4.92331821 4.98205084 4.75359443 4.84286324 4.9570787
 4.6927898  4.78474325 5.0077405  4.91544821 4.96380214 4.94941654
5.1429347  5.01006506 4.92472301 4.85959001 4.80284092 4.99953965
 4.81004267 4.8831535  5.06774411 4.68379339 4.89978772 4.91447793
 4.95101147 5.01583962 4.96446842 4.93217485 4.89193528 4.95030869
 5.03226557 4.90698451 4.94033871 4.79332863 5.0053651  4.76555415
 4.69872483 4.95008454 4.94708961 4.91006158 4.85740476 4.81700374
5.1429347  4.81946264 4.94260301 4.94046032 4.91877889 4.88405563
 4.92231186 4.65149821 4.9057598  4.90080882 4.93039186 4.98099503
 5.1246164  4.98297284 4.84319613 4.9010781  4.9803781  4.64659633
 4.91493454 5.02412133 4.6944953  4.66106499 4.66913342 4.93843286
 4.94955805 5.01665404 5.01447803 4.74038496 5.02434179 4.66846881
5.1429347  5.0186502  4.96508762 4.98835873 4.98998874 4.9575103
 4.88439005 5.01746732 4.99704357 4.89077767 5.02744558 5.01371521
 4.93480274 4.91374364 4.84644239 4.94193152 4.88974277 5.03788377
 4.931302   4.91601994 4.91371114 4.90172808 4.92531772 4.87659183
 4.9504919  4.94073421 4.93461233 4.83455196 5.01311434 4.92469366
5.1429347  4.96336674 4.96553038 4.89925545 4.75360773 5.08082153
 4.96241591 5.09399533 4.94546968 4.91892871 4.76987651 4.97152863
 4.83415919 5.10264451 4.5041565  4.81842009 4.88919875 5.10708541
 5.06690678 4.9225453  5.09264426 4.84009845 4.81038137 4.6842979
 4.78993137 4.93369866 4.74706753 4.86116701 4.97129331 4.96484273
5.1429347  4.82397803 4.97672407 5.04848373 4.92326771 4.94039937
 5.05550318 4.92407873 5.05355899 4.94735825 4.9059616  4.86551101
 4.93264246 4.77098519 5.0425363  4.92354928 4.85025484 4.98866172
 4.94966982 5.05859256 4.79401159 4.90548473 4.78699419 4.80066537
 4.84977185 4.99288215 4.76317381 4.85774146 4.88139506 4.91418265
5.1429347  4.95673034 4.84623426 4.90995941 4.85507808 4.72182474
 4.92347157 4.91563704 4.80961385 4.94694195 4.9410582  4.88046002
 4.77729559 4.90123206 4.83292166 4.92575785 4.80047343 4.73107425
 4.93134059 4.80934561 4.82279919 4.89066622 4.77672572 4.89501713
 4.90604257 4.828527   4.93242802 4.88261597 5.07412342 4.88342267
5.1429347  4.96724101 5.03831648 4.8114099  4.84957806 4.72957208
 4.95793989 5.00473189 5.02320296 5.00041258 5.0858598  4.84340003
 4.7411982  4.87440767 4.74631314 5.00495743 5.00008224 4.82509007
 5.10691885 4.89875539 4.71487817 4.74777139 5.06462337 4.94052819
 4.67385903 4.72875379 4.70755667 4.84233665 4.8320936  4.9057899 
5.1429347  5.01241025 4.87305069 4.82595809 4.81076419 4.85705678
 4.81922561 4.8040165  4.74486483 4.99934378 4.80860745 4.88220422
 4.8650222  4.7069853  4.71328868 4.6426743  4.85678377 4.68234327
 4.95680803 4.80154506 4.94762348 5.07589029 5.07538425 4.76900912
 4.79435037 4.95515092 4.97151832 4.89840552 4.96285901 4.98980906
5.1429347  4.99094011 4.88275198 4.77753377 4.85019574 4.88380542
 4.88984457 4.4977874  4.96392181 4.94938639 4.81044438 5.00586524
 4.7322082  4.88084429 4.70109247 4.85707915 4.76264767 4.98115447
 5.04924549 4.98315244 4.88974608 4.83278233 4.85919825 4.9783678
 4.74588705 4.84983309 4.91576314 4.72228212 4.91464666 4.92526152
5.1429347  4.85886415 4.94843452 4.6520607  4.96589236 4.90617524
 4.87587071 4.91439666 5.00092065 4.84243186 4.6139037  4.63667585
 4.94904964 4.90549692 4.80998588 4.98174575 4.76364748 4.56369418
 4.76422297 4.7295842  4.84174457 4.91677805 4.79166097 4.93828384
 4.84212023 4.9569319  4.92618671 4.50460449 4.80285135 4.97903709
5.1429347  4.97809408 4.69299731 4.65294964 4.98927132 5.01431595
 4.98844952 5.12250969 4.90585893 4.80842378 4.68133999 4.93160287
 4.57471555 4.70562477 4.81791592 4.97501782 4.76582574 4.76325849
 4.74037993 4.91412703 4.94790239 4.90693396 5.03208482 4.76938644
 4.73678671 4.61959224 4.72499653 4.90860332 4.69025384 4.8648831 
5.1429347  4.87559058 4.8983421  4.67545575 4.99817103 4.77622717
 4.98913012 4.80877094 4.74684362 4.69994983 4.98748354 4.80383544
 4.86620539 4.97961456 4.77780146 5.0068654  4.9000157  4.83617822
 5.03164448 4.80910591 4.95803397 4.69747126 5.01460034 5.03435726
 5.07477199 5.04724585 5.01574004 4.79804494 5.04149173 4.8498008 
5.1429347  5.04095919 4.86996189 4.83301097 5.00610067 4.81946115
 4.95453088 4.90744978 4.87436938 4.7445186  4.87539485 4.93036436
 4.77897398 4.8421448  4.69927336 5.0061485  4.89716654 4.82460522
 5.00046394 4.4991801  5.08228324 4.97230673 4.87625859 4.84260711
 4.89858018 4.9726049  5.09099503 4.89558792 5.04038245 4.93125532
5.1429347  4.91419606 4.58522736 4.94762299 4.63474116 4.78472486
 4.96417072 4.96914265 4.97963336 4.89903448 4.91385376 5.02683991
 4.75292021 4.77822332 4.93938471 4.98447647 5.03056848 5.05657876
 4.92358484 4.97177258 5.03127945 4.72177069 4.95112918 4.94734723
 4.93816151 4.89142648 4.66093005 4.93210267 5.05652    4.81670301
5.1429347  4.93353749 4.67365822 4.92373703 4.86546688 4.76130609
 4.63450655 4.76964666 5.02275324 4.90813374 5.05157755 4.86643742
 4.94710706 5.00474723 4.72381013 5.0753496  4.72142227 5.15647273
 5.02269908 4.93002171 4.8334278  5.03048815 4.70508038 4.96395653
 4.94953312 4.92609098 4.87695484 4.88130556 4.99811783 5.13364742
5.15647273 5.03069142 5.07770433 4.65799989 4.53661542 4.74594102
 4.80419076 4.87339651 4.88452419 5.03078534 4.99154812 4.95599014
 4.91587885 4.9408622  5.09162091 4.88363952 5.00678373 4.87488478
 5.03148902 5.0383627  4.90051061 5.08120902 4.91576712 4.79651299
 4.82821081 5.07466477 4.89039635 4.98918764 4.91527029 4.67745817
5.15647273 4.86539562 4.8276143  4.93151604 4.80932132 4.88247978
 5.00675857 4.92743499 4.92468827 4.91868482 4.86598831 4.9564838
 5.03210061 4.85830531 4.94958817 4.89894595 5.04640401 4.89897292
 4.92183213 4.76065822 4.82549153 4.908936   5.02659467 4.8740536
 4.94898524 4.77358621 4.90164381 4.88452352 4.69586971 5.03936651
5.15647273 4.98994788 4.87574054 5.01452597 4.90772728 4.71717584
 4.90116999 4.90074896 4.93285498 4.86537266 4.90736897 4.99750748
 4.93976477 4.89354679 4.89877192 4.88163729 5.03975098 4.6742781
 4.85697449 5.02362858 4.58741368 4.9985074  4.89158567 4.72194353
 5.03158613 5.0405743  4.87636914 4.89896659 4.87506448 4.92338962
5.15647273 4.52582442 4.73028077 4.84927314 4.96381944 4.84272444
 4.74564436 4.99742628 5.01952376 4.94741633 4.77812118 5.03015512
 4.90657739 4.80063938 4.95173752 4.63578629 4.99939851 4.94109958
 4.70088315 4.88977497 4.60521553 4.59833221 4.65162669 4.99872019
 4.91597367 4.80126316 4.78832081 4.72342478 4.79425981 4.85753029
5.15647273 5.08910667 4.89308031 5.04921194 4.86572116 4.84096459
 4.74708872 4.74633766 4.8854479  4.6368728  4.67371612 5.13486269
 4.9624862  4.86176115 4.90667273 4.90686118 5.02518738 4.86589084
 4.72679275 4.76427445 4.9238835  4.71359896 4.98036302 4.96008566
 4.87625059 5.01121164 4.94965954 4.90583196 4.94823235 5.05586641
5.15647273 4.77698731 4.74756802 4.86572614 4.85828783 4.72075489
 4.91059144 4.91432364 4.78477736 5.03625346 5.0108697  4.75303399
 5.03180949 4.78097195 4.87108632 4.83684761 4.93268757 4.77052187
 5.00525967 4.64753725 4.8657569  4.94785595 4.97494642 4.93975261
 4.84251548 5.12333228 4.92447847 4.93895709 4.75552902 5.00011037
5.15647273 4.9464902  4.815649   5.06192148 4.70898056 4.88961632
 5.0640487  4.73355717 4.67451567 4.78511934 4.93860492 4.91687969
 5.03084129 4.94371989 4.89892826 5.0518131  4.8654154  4.62299634
 5.02215217 4.99818461 5.01304135 4.9804073  4.84890888 4.8534214
 5.01694233 4.79665653 5.00458995 4.67641199 4.93033722 5.01611077
5.15647273 4.66689283 4.68611539 4.92114932 4.88152876 4.96531802
 4.79394509 4.69839889 4.96874195 4.9227928  4.95763649 4.8894896
 5.05479801 4.8097709  4.87641412 4.61404086 4.69318379 5.08224799
 4.89012177 5.03046662 4.88599886 4.94440302 4.98889268 5.074421
 4.79300641 4.77800857 4.85849808 4.99848479 4.86936033 4.84111772
5.15647273 4.94690202 4.95854852 4.90002944 5.09872848 5.04920316
 4.7476422  4.96463551 4.94740451 4.97343313 4.71637514 4.59784729
 4.89023689 5.0578944  4.97156405 4.87275935 4.98613761 4.88379911
 5.01143063 4.95483082 4.85470241 4.83563023 4.77723652 4.95650355
 4.87475487 5.03833344 4.87413807 4.94016587 5.0696761  4.77352424
5.15647273 5.00543407 4.8096606  5.02436756 4.89380617 4.69348166
 5.01956383 4.78721042 4.84188187 4.82814544 4.76900781 4.907432
 4.7682419  4.86939583 4.99791129 4.86592099 4.76303491 5.01810836
 4.93931591 5.08619924 4.99162623 5.04793431 5.0479079  4.77752582
 5.07480993 4.76953597 4.78435464 4.92652573 5.01784261 4.50036829
5.15647273 4.760363   4.88141273 4.88883938 4.85966648 4.72141508
 4.84198458 4.97452351 4.73805223 4.89159106 4.64607099 5.01640151
 4.82487483 5.04614119 4.83504888 5.04715873 4.84200174 4.76887098
 4.91642123 5.02189733 4.95717523 4.61555918 4.77235567 4.80154489
 4.75805724 4.62139264 4.89007527 4.85676686 4.66329909 4.87487094
5.15647273 4.96396766 4.8172824  4.79588087 5.03960974 4.98225432
 4.85120751 5.01254443 4.83407443 4.81100291 5.08058414 4.88954098
 4.92401377 5.02597061 4.8836305  4.89074702 4.85705527 4.84152882
 4.90631244 4.91554764 4.93186763 4.99961771 4.80550974 5.04134728
 4.72549267 4.77719091 5.02587852 4.74186001 4.95736469 4.95609217
5.15647273 5.10039065 4.98230499 5.0488434  4.93502821 5.00599311
 4.85361007 4.97576082 5.02201173 4.6463631  4.96123061 4.88870515
 4.93052455 4.9993526  4.93437935 4.80898613 4.90717703 4.84121285
 4.99895793 4.70625166 4.85718661 4.92413551 5.02660261 4.89044038
 4.86550341 4.98008201 4.85809865 4.83255409 4.82517436 4.76891245
5.15647273 4.944488   4.9339532  5.00636817 4.84888382 4.96648193
 4.94127536 4.87622338 4.88451553 4.89915024 4.93119821 4.79220402
 4.90020756 4.74745192 4.8420153  4.88117942 4.95655206 4.65757573
 4.9340303  4.90630678 4.99184792 4.94037447 4.85801901 5.10075101
 4.86041934 5.01725952 4.96650123 5.04915899 5.06616858 4.95520552
5.15647273 5.0353135  4.94160047 4.83585261 5.05589644 4.97404315
 5.05863348 4.99733323 4.79253747 4.89100897 4.89970599 4.93791349
 5.05657502 5.11559994 4.98054184 4.94760058 4.77005585 5.08403794
 4.8001944  4.96822276 4.92194435 5.02236386 4.75872249 4.94239711
 4.93250807 4.76858565 4.79357848 4.83244469 4.75425552 4.75312202
5.15647273 4.93285261 4.95735425 4.93896604 4.91936356 4.74720962
 5.02273164 4.84968574 4.88257148 4.94647257 4.8171116  4.93174053
 4.71623724 5.04797862 4.88966028 5.01418808 5.01436098 4.97225759
 4.86894296 4.92317264 4.91385325 4.72244079 4.87568903 4.77936207
 4.59930423 4.91802133 4.95445227 4.97319099 5.05539391 4.9968462 
5.15647273 4.88529298 5.01547274 4.81000817 4.98291286 4.94093535
 4.99112497 4.85996097 4.50468828 4.85735408 5.04730599 4.73843236
 5.01500733 5.03605908 4.79589983 4.82693302 5.08318035 5.04893224
 5.02993687 4.82549196 4.63726108 4.65065904 4.94800831 4.64444285
 4.90618849 5.07390819 5.01608295 5.03933938 4.81228636 4.94874022
5.15647273 4.94116038 4.75587736 5.01527155 4.93487118 5.11654504
 4.7147255  4.88116116 5.00102281 4.7395421  4.91502278 4.89048649
 5.04469143 4.96295188 4.95746005 4.95587866 4.89956163 5.09828527
 4.85276624 4.96395853 4.94705652 4.92486666 4.84980088 5.0159389
 4.77971987 4.93286373 4.73702039 4.87365868 4.63760142 4.8949482 
5.15647273 4.918457   4.90650995 4.92985592 4.98415315 4.96270193
 4.98279194 5.01565909 4.83425727 5.00598705 4.95050489 4.86792872
 4.85291417 4.72306622 5.04725588 4.89059483 4.7952719  4.79198887
 4.94931002 4.8241865  4.98083668 4.99364882 4.82652317 4.88076586
 4.91425923 4.72243799 4.79387107 4.77703634 4.85908976 4.81764531
5.15647273 4.95533011 4.93204589 5.10323084 5.06991022 4.97571557
 5.08562313 5.0047417  4.93952737 4.95749733 4.78286236 4.65370296
 4.82639355 4.98391793 4.52395808 4.76139681 5.09325052 4.85095748
 4.70831443 4.66915264 4.85673577 4.90528505 5.10980277 4.86612009
 5.08028932 5.02564263 4.75572567 4.92188885 4.70869393 4.81761782
5.15647273 4.76290036 4.82586506 5.07325673 4.87552635 4.95282255
 4.94110996 4.89151104 5.00533236 4.81135883 4.70865603 4.73042137
 4.99331614 5.01584259 4.65156203 4.73799368 4.65861543 4.75089585
 5.05011345 4.99404963 4.96557598 5.01151269 4.90837993 4.98552165
 5.01934753 4.80187429 4.7721452  5.04941855 4.68513546 4.89198043
5.15647273 4.76887286 4.87555113 5.0091867  5.00881078 4.91583388
 4.99416562 4.73855274 4.98245674 4.96370294 4.74980969 4.98870221
 5.03256347 4.8199045  4.92314904 4.91227713 5.07551183 5.02398304
 4.92205663 4.69333139 4.78881997 4.76954803 5.02414099 5.0492165
 4.97487403 4.95606956 4.98751107 4.75988276 4.99682316 4.96558936
5.15647273 5.02905092 4.89063467 4.74709858 4.96405482 4.8757489
 4.83404025 4.76911502 4.79645286 4.87560189 4.94362057 4.78874714
 4.9719638  4.98632085 4.9999901  4.92511542 4.8808728  4.96173953
 4.87137268 4.85054101 4.9510239  4.69930221 4.86752755 4.9063235
 4.81087401 4.9230547  5.02784545 4.95091824 4.94297395 4.88369116
5.15647273 4.52761376 4.89349622 4.96676914 4.94813813 4.73752496
 4.95768139 4.98060981 4.94029192 4.86436661 5.04769594 4.81664004
 4.91437929 4.7944011  4.97270819 4.56056323 4.59636312 4.89827024
 4.97252152 4.80843397 5.07556828 4.58215406 4.98064564 4.89035148
 4.76646733 4.90079334 4.8676117  4.8002023  4.71079368 4.89868609
5.15647273 4.78879526 4.67397099 4.80822314 4.82644647 4.93145842
 4.97247609 4.93710883 4.75756721 5.07227253 4.65930072 4.9307275
 4.83004096 4.82450661 5.0687249  4.82146073 4.84162087 4.99781667
 5.01540354 4.7620018  4.88964246 4.98431457 5.00959726 5.02489549
 4.90563294 5.02487688 4.89024359 4.79379299 5.07437419 4.99759544
5.15647273 4.87381868 4.86669958 4.93290211 4.97978338 4.71851136
 4.78672265 4.73197564 5.11061468 4.89107124 4.79441752 5.00779134
 5.01448226 4.98065225 4.90616026 4.85425513 4.76374113 4.93201735
 4.76248886 4.99118358 4.89334273 4.88172718 4.89530298 4.72276892
 4.8046646  4.80023765 4.90840291 4.87521923 4.93862799 4.92311113
5.15647273 5.03348219 4.91533402 4.85205256 5.00007248 4.89867156
 4.79854874 4.84049029 5.05542961 4.75693678 4.84066518 4.84317703
 4.97249117 5.09967065 4.7710507  4.69204117 4.89070848 5.01297181
 5.00726814 4.82606008 4.87216426 4.93091105 4.79220289 4.79387745
 4.84879227 4.89991143 4.85967106 4.92482269 5.01465206 4.94077222
5.15647273 5.01435679 4.83501122 4.96338572 4.98985376 5.09777572
 4.7698259  4.85342584 4.88109287 4.97234718 4.91362869 4.86908032
 5.03292343 4.85783522 5.03168507 4.98090477 4.82614178 4.7361686
 4.90529081 4.98536336 4.96479557 4.94057704 4.95450912 5.00532147
 4.91502526 4.80183021 4.77597866 4.8020194  4.92571413 4.7963221 
5.15647273 4.93183868 4.9504416  4.81221443 4.75351278 4.8476521
 4.6227007  4.93288048 4.9436123  4.86551829 4.96041549 4.7930524
 4.73018515 5.04769527 5.03108924 4.93312655 4.88218351 5.01399977
 5.01300279 5.02136618 4.8335802  4.95676378 4.75396832 4.88818591
 5.05565926 4.8129273  4.89730319 4.94494133 4.85291969 4.96962901
5.15647273 4.67436398 4.84208918 4.95897938 4.85687549 4.88240432
 4.5132105  4.84431129 5.03238228 4.58427267 4.89837404 4.9375502
 4.84907329 4.85704278 4.92972666 4.99851711 4.87439693 4.98489251
 4.6999884  4.75349699 4.91467089 4.94908725 4.9736016  5.03871539
 4.9166617  4.87388508 4.70605136 4.64228002 4.88253968 4.9850134 
5.15647273 4.94983766 4.98310395 4.80891058 4.99761202 4.77533524
 4.89897903 4.65848002 5.07551425 5.03142078 4.94747982 5.05610262
 4.97170195 4.96389445 4.96446888 4.80022761 4.97404164 4.91345777
 4.98246758 4.98919091 4.93211834 5.00978646 5.00031101 4.85821848
 5.0218714  5.02336725 4.73750216 5.01317471 4.98913466 4.8980579 
5.15647273 4.95705104 4.79527843 4.58114603 4.91560191 4.66692302
 4.99820529 5.02350229 4.99195632 5.0231584  5.04922061 4.93051564
 4.81750276 4.89649713 4.80957419 4.85485043 5.01538332 4.93147981
 4.95674817 4.93907075 4.96638187 4.89834578 4.85598577 4.65302432
 4.73340088 4.90100653 5.01572477 5.02467831 4.91420551 4.94322869
5.15647273 4.82476802 4.96293187 4.87296596 4.62008426 4.9313438
 5.02155494 4.82640643 5.05648489 4.86553696 4.82793785 4.86082036
 4.85137853 4.89982965 4.98612931 5.0395329  4.98184933 4.7623612
 4.94784842 5.03443573 4.7400284  4.94420552 4.94063257 4.93058071
 4.89016835 4.948882   4.84945335 5.07262099 4.98969553 4.96609661
5.15647273 5.10120835 4.98978688 5.00517791 4.84922967 5.02320195
 4.89833301 5.07184337 4.94763599 4.81691298 4.88160551 4.9990011
 4.96480461 5.00669559 4.86695515 4.96823513 4.86495272 4.99231902
 5.02371336 4.82620489 5.05768137 4.96163067 4.84207474 5.0506312
 5.06408289 4.92352699 5.0746903  4.90890776 4.87059977 4.9813656 
5.15647273 4.95483051 4.73997447 4.90641373 5.09931283 4.90633816
 4.93206027 4.86157607 4.98103567 5.05011572 4.83313929 5.03975399
 5.02972326 4.96548815 5.02439582 4.86503373 4.59694341 4.84329036
 4.85678775 4.90830896 4.84518649 4.90682697 5.04633804 5.06506173
 5.0310546  4.78511574 4.90752534 4.84991889 4.89114606 4.86748895
5.15647273 4.80048809 4.72133677 5.0322385  4.97700168 4.96439298
 4.79209682 4.99114448 4.96287322 4.77691875 4.94674475 4.9335163
 4.93066664 5.01429424 4.84862065 4.8586244  4.86714437 4.83413768
 4.70479081 4.94847532 4.90116569 4.92186282 5.02362517 4.78806737
 5.05200109 4.76892813 4.93155847 4.86622888 4.8498408  4.98370379
5.15647273 4.85843964 4.88417154 4.61523694 4.923566   4.91544983
 4.85023901 4.86628381 4.93192263 4.79267203 4.87419854 4.74630737
 4.8895098  5.08947907 4.93954127 4.94647358 5.08325807 4.64459378
 4.94713393 4.89197235 4.85723388 4.93035348 4.9485309  4.87562564
 4.97363762 4.93110614 5.05474605 4.94798145 4.86666554 4.99845317
5.15647273 4.89840277 4.89183585 4.9070997  5.01276318 4.59885824
 5.020869   4.84821664 4.78510975 4.89044373 4.98921732 4.97175102
 4.89139737 4.95049353 4.72334532 4.91546487 4.76937575 4.89833944
 5.04132863 4.92351073 4.99617185 4.79524722 4.68491947 4.73027373
 4.82827973 4.81722709 5.06418549 4.77787634 5.07090595 4.85874044
5.15647273 5.07339799 4.94846028 4.98237557 4.99068151 4.6993297
 5.03400502 4.74555422 4.81700557 4.91578496 5.0492804  4.97405749
 4.6432242  4.93075558 4.93232655 4.93468919 4.88326499 4.98023829
 4.63017406 4.90529319 4.83359797 4.8509152  5.01101269 4.90564272
 4.87717837 4.90700001 4.95858803 4.85920716 4.8724866  4.78624307
5.15647273 4.97190254 4.72172487 4.88468281 5.09243361 4.86457802
 4.91399904 5.04769086 4.98077141 4.79394457 4.96999164 4.87420585
 4.98379976 4.8667679  4.95739603 5.07440639 4.67883589 4.93947987
 4.98808208 4.9313887  4.82167602 4.85847178 4.79193244 4.95868348
 5.10116485 4.98136164 5.03260721 4.87350679 4.95779944 4.62301884
5.15647273 4.72041731 5.02789646 4.79393346 4.87843592 4.98303692
 4.88165651 4.80126953 4.95508421 4.92299266 4.7050213  4.7213285
 4.90617438 5.03276487 4.59980311 5.02208278 4.74485118 4.85648994
 4.94967567 4.87544772 4.87305193 4.85727351 4.83786901 4.91572745
 4.98294455 5.04891092 4.79362227 4.96693426 4.65078161 4.77851526
5.15647273 5.029349   4.9052983  4.91713471 4.80888762 4.90807813
 5.02319693 4.84126693 4.90183835 4.98861268 4.80187696 4.98118081
 5.04152052 4.84208826 4.95593506 4.90723231 4.95576138 4.80498131
 4.83858949 4.73242118 4.96424064 4.95213812 4.83256462 5.0156319
 4.90552118 4.76202838 5.05840091 4.85746693 5.07302457 4.97185848
5.15647273 4.76055135 4.81240923 4.88271119 4.82481345 4.96564311
 4.88111584 5.03127986 4.93091723 5.01567579 4.8997823  4.85790278
 4.95453709 5.02400838 4.95521192 5.03799978 4.73743208 4.80982103
 4.79976397 4.82599729 4.91551668 4.88906495 5.03446471 4.84119182
 4.68650776 4.95554745 4.93297387 4.72870627 5.02115432 4.75318137
5.15647273 4.88176801 4.85994292 4.93089854 4.86641728 4.98772701
 4.97643476 4.84342421 4.94109022 4.71652527 5.0572498  4.85618072
 5.02063538 4.84865309 4.89023281 4.93082088 4.93119484 5.00870994
 4.99262008 4.88437901 5.03155354 4.80279896 5.02456912 4.83314657
 4.91618819 4.91313718 4.95576458 5.00107025 5.00780815 4.74718721
5.15647273 4.98714842 4.91379583 5.00681582 4.97158179 4.86742112
 4.83549171 4.86013775 4.89790508 5.04978387 5.02281352 4.81624268
 4.83325953 4.8799794  4.83308268 4.95447754 4.72837267 4.90644173
 4.89562343 4.70673732 5.07279354 4.98845297 4.97195835 5.08924157
 4.65959434 4.98045467 4.86019751 5.03248106 4.8330362  4.84927585
5.15647273 4.76120237 4.86619984 4.92197219 4.61362731 4.99869024
 4.81729843 4.9216826  4.7518446  4.85054542 4.89008381 4.73169065
 4.59813827 4.94670588 4.96471578 5.01717589 4.49850398 4.84378637
 4.72347591 4.72886423 4.97161999 4.94096253 4.89970372 4.75015603
 4.97422071 4.89744637 4.91300722 4.9564061  5.09965116 5.03179099
5.15647273 4.85946722 5.03019592 4.90895746 4.62105994 4.9489054
 4.85115574 4.82513841 4.88836199 4.84167399 4.95500872 4.80070197
 5.06360979 4.99730919 4.95824035 4.93332172 4.96280877 4.80290856
 4.86610167 5.02382635 4.72862104 4.93354089 4.98129751 4.97439243
 4.99066854 5.02270998 5.02802963 4.91563688 4.98068321 4.87417567
5.15647273 4.88482277 4.95234622 4.70963852 4.78276674 4.9959052
 4.9075628  4.79262233 4.99092847 4.82948172 5.07724527 5.01370652
 4.62017296 4.96598521 5.04775464 4.86685297 4.92460372 5.03299123
 4.83373581 4.87441901 4.81142735 4.99748534 4.94811058 5.04967399
 5.01397879 4.97939374 4.93970815 4.85339537 4.89304409 5.01446333
5.15647273 5.07532339 4.70221491 4.88229035 4.94844899 4.94077335
 4.91672052 5.07337469 4.63591256 4.94932137 4.86631453 4.90656445
 5.0164493  4.65221607 4.82688661 4.83269416 5.03917148 4.93243624
 4.85124666 4.82717518 4.99855284 4.93813934 4.85714936 5.01512692
 4.63560888 5.03913504 4.80008416 4.69254589 4.66828961 4.94015152
5.15647273 4.84075337 4.66736874 4.87263139 4.91527511 5.02390651
 4.79324438 4.75427825 4.67748532 4.84500733 5.05846831 4.93345656
 4.84095036 4.96176359 4.90663149 4.85785271 4.923076   4.9299775
 5.06401551 4.99137206 4.85850544 5.08013856 4.93180569 4.81590916
 4.50345469 4.9392346  4.79266298 4.96483653 5.01556841 5.0210698 
5.15647273 4.76324769 4.97436459 4.75241652 4.90544881 4.88343492
 4.72230892 4.95744764 4.99969968 4.9737817  5.03165559 5.04881175
 5.12505791 4.99592549 4.9571904  4.91759667 5.02533062 4.68142493
 4.81865699 4.94919368 5.07369051 4.9406302  5.11765583 4.89800479
 4.77414624 4.93837802 4.7852502  4.88041401 4.88338179 4.8254429 
5.15647273 4.91589064 4.90723598 4.80020163 4.73740069 4.89177339
 4.89326928 5.14042057 4.8409019  4.75342348 5.03351768 4.9313734
 4.85823673 4.90906505 5.01351207 4.86783313 5.00041289 4.95600515
 4.89030161 5.09372298 5.00457318 4.89064712 4.92981458 4.86519191
 4.80362345 4.66830475 4.91787066 4.93010965 4.84135295 4.69672011
5.15647273 4.86561689 4.76038518 4.53824928 5.13140162 4.90918909
 4.92179002 5.04098802 4.85746353 4.97403571 4.94627778 4.9635809
 5.00659537 4.86845988 4.86644118 5.07444911 4.95582828 4.9266613
 4.84354401 4.91609306 4.94835687 4.95587132 5.0160737  4.84711528
 4.92307873 4.80232403 4.91515524 4.90638082 4.84931149 4.79541546
5.15647273 4.96693596 4.98841051 5.08178343 4.98317486 4.98105777
 4.92357491 4.92451328 5.00533395 4.95753301 4.9967851  4.85666395
 4.81674974 4.95529409 4.90652957 5.06588282 4.95849763 5.05788914
 5.03879104 5.0677854  4.93211242 4.98819202 4.9166293  4.93371979
 5.02181841 5.00730803 4.80834504 4.81742812 4.91403    4.84181531
5.15647273 4.72827607 4.96947507 4.81295962 4.85957316 4.76987998
 4.99014111 4.78326969 4.94649838 4.66671446 4.96407395 5.09899487
 4.73717475 4.94038268 4.91467581 5.03171459 5.02750126 4.98927853
 4.90291992 4.98016121 5.01273539 4.5078734  4.8752087  4.77753319
 4.99314802 4.92255908 5.06411689 4.95605716 5.01330153 4.86648612
5.15647273 5.05948873 4.78542911 5.00459982 4.87370344 4.99813542
 4.91457224 4.98046144 5.01889103 5.0338782  4.70062231 4.80883664
 5.01464805 4.98338817 4.95036456 4.88400229 4.97798768 4.74457865
 4.98898872 5.03032661 4.6296089  4.8173031  4.80328642 4.80388317
 4.90676872 5.03957128 4.55457886 4.82485081 4.81733616 4.81258722
5.15647273 4.88277007 5.04651982 4.9144954  4.97586067 4.95537789
 4.97069536 4.86901102 4.81657847 4.91504637 4.85006105 4.77607208
 4.89014081 5.04015113 5.05180773 4.83353219 4.65255149 4.82502436
 5.00557137 4.98815025 4.90690574 4.91429553 4.86498661 5.08264447
 5.06520505 5.04811632 5.04636714 4.98848575 5.05465919 4.80884635
5.15647273 4.96791552 4.80028327 4.94191573 4.785701   5.01631342
 4.98923769 4.92217836 4.88967377 5.02307    5.00522126 4.923407
 4.78528083 4.89249175 4.86684805 4.76139387 5.02187733 4.49905201
 5.04225111 4.83330498 5.00558229 5.04009652 5.0065289  4.96459993
 4.9987076  4.93170511 5.09088954 4.8212063  4.92369809 5.0739727 
5.15647273 5.03840283 5.04684299 4.92453277 5.05858873 4.92549022
 5.06936025 4.85917988 4.93033127 5.03207607 5.0649347  5.00974315
 4.85129406 5.06693394 4.91533827 5.02257225 4.81261876 4.83338757
 5.0835532  4.83523162 4.93158287 4.91727953 4.89983736 4.79287763
 4.84264573 4.7312759  4.93896366 4.69871358 5.00501811 4.93198927
5.15647273 4.90039504 5.07249686 4.90495237 4.97497164 4.70690222
 4.68235692 4.94702505 4.91397018 4.81742374 4.96483497 5.02120979
 5.00686703 4.9990042  4.8854503  4.78332296 4.93323344 4.81690117
 5.0266501  4.91611001 4.84925248 4.72913199 4.89761198 4.9945779
 4.95583421 4.90313722 4.89836081 4.98275539 4.88966544 4.84129938
5.15647273 5.0555663  4.80213087 5.02999525 4.89021659 5.1001322
 4.94581198 4.99013795 4.95746531 4.99280301 5.04098234 4.76894808
 4.80016993 4.78495227 4.97995832 4.95954677 5.00491434 4.92487979
 4.85828042 4.87922054 4.99687978 4.93148916 4.76315437 5.03144929
 4.50688908 4.92281903 4.69920988 4.87238437 4.86483558 4.88259335
5.15647273 4.86515993 4.85095453 5.03152711 4.94861396 4.85654512
 4.85141574 4.90722716 5.06506302 4.97449084 4.81738065 4.79184084
 4.80966566 4.84969254 5.07487576 4.93947562 4.8341046  4.8810161
 4.79642965 4.78470205 4.85973157 4.82624896 4.99870157 4.81249895
 4.91903372 5.02125997 5.05041265 4.95576806 4.96638361 4.99108315
5.15647273 4.8259735  4.99933341 4.86423461 4.89321675 4.89037719
 4.97384515 4.8849267  4.9650199  4.87285495 5.08050515 4.80883491
 5.07614762 4.77218026 4.94081565 4.84433883 4.98924835 4.84160196
 5.06602158 4.92288773 4.81090868 4.98828381 4.84030529 4.95921294
 5.05511275 4.97395732 4.84246824 4.74689427 4.77768027 4.86844993
5.15647273 4.98920752 4.76174344 5.05180889 4.86725082 4.97272023
 5.00904731 4.80870829 5.02310852 4.93914292 4.93920404 4.94868857
 4.91575844 4.77192721 5.03819718 4.90727241 4.90535343 4.8417787
 4.87535272 4.86091613 4.86715565 4.84202361 4.67922012 4.98097868
 4.70145933 5.04960062 4.89899768 4.78150153 4.9654595  4.89608639
5.15647273 4.93064571 5.04692407 5.06941463 4.82586772 4.97238493
 4.98237194 5.01335105 5.03907396 4.83319183 5.0228158  4.90884332
 4.91997159 4.91681552 4.86487923 4.97954024 4.93317905 4.99004196
 4.92304656 5.01529159 4.61546548 4.84976993 4.94167614 4.91513335
 5.07256319 4.96353798 4.95933869 4.85779469 4.80873844 4.71002818
5.15647273 4.82806185 5.10031399 5.07720043 4.95679637 4.99135153
 4.8110398  4.95819716 4.89838097 4.89272861 4.74563207 4.85136208
 4.77660346 4.91607905 4.63738965 4.95718291 4.86474851 4.90765197
 4.64639498 4.76928967 4.86542575 4.728655   4.97960115 4.9055392
 4.85026181 4.82553324 4.88224454 5.11540103 4.84129153 4.77426497
5.15647273 4.99112797 4.70628414 4.93202497 4.82821529 4.59025804
 4.94708608 4.91441882 4.8422685  4.74733102 4.98828493 4.97335467
 4.63000265 4.90260669 4.79511754 4.90800095 4.96432589 5.06767322
 4.99643489 4.94743133 4.99752394 5.08947347 5.0218457  4.8675849
 4.99872595 4.81668271 4.77761926 4.8759266  5.03246521 4.83352791
5.15647273 4.76063623 4.97431134 5.09283977 4.84669004 4.98051984
 4.85366633 4.84223026 4.58628133 4.70979509 4.82197663 4.98749325
 4.96459013 4.95183092 5.04127374 4.92322211 4.78460931 4.84170924
 4.80148389 4.77268823 4.89719058 5.0266698  5.01582776 4.78598111
 5.0340432  4.98929726 4.95814981 4.93030554 5.03851978 5.07484018
5.15647273 5.03342284 4.55853089 4.66782654 4.93905571 4.93021661
 5.11620579 4.95903311 4.89858989 4.78060419 4.82805397 4.96889208
 4.9234911  4.95634722 4.71284188 4.85747207 4.98848542 4.96394742
 4.97382433 4.92445311 5.03314855 4.90552718 4.78628016 4.76987355
 4.96518833 4.98078922 5.07321442 4.82832183 4.79365905 4.64405736
5.15647273 4.85025729 4.89822125 4.97309028 4.9964832  4.9158431
 4.85018189 5.0171598  4.89386911 4.97328306 5.07060965 4.89257431
 4.89812011 4.9234609  4.77943425 4.8091942  5.10630366 4.87432095
 4.85860825 5.00776928 4.97514107 4.89741242 4.6661544  4.86717142
 4.90732006 5.08050442 4.92276213 4.9735596  4.91682876 4.84429357
5.15647273 4.91802961 4.99797531 4.58470187 5.14209034 4.88173842
 4.83392339 5.06437413 5.09130082 4.92478229 4.73664101 4.97985367
 4.99743371 4.89249618 5.07662425 4.96560244 5.04226957 4.88911396
 4.87298541 4.74577863 4.8680658  4.94871064 4.80469468 5.0311914
 4.8505688  4.77209335 4.87740944 4.92561482 4.80137475 5.12303455
5.15647273 4.94676815 4.88489529 4.96453098 5.02549432 5.05807436
 4.99932196 4.94702037 4.69105694 4.99318686 4.86593232 4.97099374
 4.77852074 4.82120911 4.63620471 4.86733683 4.71520989 5.14134725
 4.84941077 4.73893952 4.77696004 4.79262211 4.92282201 4.83567859
 4.9531775  4.98063218 4.82608806 4.97210144 4.99388174 4.93655013
5.15647273 4.76881881 4.87386174 4.88174911 5.04100093 4.89161894
 4.79208818 4.99351425 4.77664347 5.05673311 4.9962805  5.04065426
 4.67544924 4.92463175 4.62209512 4.91285339 4.87687931 4.86530244
 5.03455287 4.83019786 4.92349811 4.98901391 4.87386854 4.80769103
 4.91542974 5.01470895 5.04121431 4.84917124 4.93855833 4.84665854
5.15647273 4.68215057 4.96344612 4.91461633 4.82255509 4.99959856
 4.79246198 5.03062577 5.07335353 4.93978792 4.91462014 4.76163274
 4.8980635  4.72710399 4.6590531  4.9910943  4.95218895 4.77695158
 4.93938998 4.72328735 5.00714048 4.78541396 5.02375936 5.09162964
 4.97322224 4.91592997 5.01906963 4.98997886 4.95820745 4.73777359
5.15647273 5.05700281 4.90825417 4.75197526 4.91409157 5.02192492
 4.98056057 4.80271066 4.78552613 4.79212151 5.00722562 4.94039985
 5.01690527 4.84273552 4.84108724 5.00897894 5.0029636  4.90237373
 4.74492509 4.75303777 5.0151218  4.89835975 4.88926251 4.95089916
 4.77758137 5.06378741 4.86605152 4.99117577 4.99199679 4.96372731
5.15647273 4.972382   4.96317738 4.91853626 4.66090509 4.80915998
 4.86015703 4.90422258 4.95791891 4.96752593 4.84349306 4.8481812
 4.80245322 4.66463625 4.79048511 5.09219361 4.89933793 4.95550115
 5.01820447 5.11513304 4.90051543 5.10980684 4.65118081 4.78641068
 4.91389141 4.85671361 4.84880277 4.92429302 4.9150358  4.85814788
5.15647273 4.62084019 4.95848123 4.86779633 4.97176036 4.825615
 5.01393451 5.06281874 5.06621148 4.82549739 4.87731814 4.83336497
 4.90733046 5.05855426 4.72624674 4.68319431 4.78527601 4.8985552
 4.81849994 4.94998687 4.97964448 4.79975456 4.96556361 4.99698492
 4.91459574 4.98897476 4.84104991 4.84526289 5.03013206 4.87976499
5.15647273 5.10186756 5.02977616 4.9249448  5.0554151  5.01395498
 4.85194776 4.77635555 4.60881035 4.801871   4.80873687 4.88882872
 4.8346965  4.84223631 4.90608835 4.95597083 4.96437527 4.910589
 4.92564559 4.81144306 4.80191877 4.88568039 5.00466478 4.89073719
 4.66813491 4.9496689  5.00667763 4.9834982  4.84110891 4.95726518
5.15647273 4.99888018 4.76968795 4.77020612 5.10011395 5.06425145
 4.99798912 5.09829954 4.99042264 4.75641499 4.9864575  5.01341565
 4.94157847 5.05836252 5.08894666 4.64341455 4.80009627 4.78771794
 5.00906008 4.88944762 4.91419129 5.09083148 4.88435299 5.01075638
 5.13574622 4.75261763 4.68263932 4.83339952 4.95436621 4.8750232 
5.15647273 4.73799632 4.83315867 4.87466519 4.78505474 4.8185181
 4.98082375 4.8930023  4.85842477 4.9705939  4.92176826 4.84060913
 5.03381401 4.8029491  4.84969101 4.8989187  5.0157373  4.80814121
 4.93219406 4.84167586 4.85929909 4.83281179 4.88934586 5.06630019
 4.68356378 4.84822695 4.99991246 4.825166   4.9721783  4.8934648 
5.15647273 4.78537792 4.83659439 5.00505419 5.06536654 4.92776442
 4.81779316 5.04068449 4.88391835 4.99824768 4.72091096 4.99775568
 4.96744593 5.02634871 4.67770205 4.9319613  4.94914684 4.9009896
 5.03248981 4.97230679 5.01500741 4.75490782 5.03440724 4.81838128
 4.8885551  4.94754135 4.95717285 4.96501304 4.81155527 5.02154591
5.15647273 4.8759873  4.9214429  4.89800539 4.81176394 4.8911628
 4.85786247 4.93971227 4.83230639 5.06623091 5.01039946 4.90770291
 4.9570169  4.98890909 4.92376636 5.03029468 4.95710405 4.9964145
 4.8910004  4.96506015 4.83310686 4.85207683 5.0223091  4.91470716
 4.89783051 4.99737874 4.93191967 4.87380271 5.03143516 4.65134883
5.15647273 4.82546438 4.77731851 4.91399205 4.94968256 4.65978534
 5.03325967 5.03803245 5.02236116 4.90643615 4.88041421 5.07237091
 4.80242534 5.06493768 4.84151696 4.90137699 4.86604916 4.87406539
 4.87572157 4.99022264 5.03986957 4.8452234  4.84818107 4.86491642
 5.04785432 5.02300227 5.00573983 4.83430573 4.99024323 4.85920692
5.15647273 5.01352307 4.89012997 4.91860661 4.83126092 4.77818479
 4.77634801 4.84836743 4.93778012 4.94086439 4.85808813 4.90641803
 4.92193776 4.8484105  4.75482242 4.89438419 5.00639671 4.85265148
 4.68180958 4.81622229 4.93255546 4.70923096 4.90761328 4.77584129
 4.84146827 4.95518875 4.87778737 4.88430407 4.83336032 5.05647308
5.15647273 4.9662481  4.97419801 4.7697118  4.92267365 4.92506328
 4.85219507 4.99610632 4.97480113 4.94176607 4.74831361 4.78967719
 4.9656959  4.94089189 4.70957781 4.93471617 4.9226752  4.88453506
 4.85699735 4.90708407 4.72465944 4.6360086  4.87578376 4.92284621
 5.01424513 4.73766412 4.83668547 4.87374141 4.86889205 4.7770193 
5.15647273 4.9911393  4.66021648 4.86513076 4.81653061 4.85041299
 4.7785229  4.94675202 4.88446404 4.92649017 4.74836122 4.96501816
 4.88321095 4.78496999 4.87001279 4.85054195 5.04187909 4.78042446
 4.94289318 4.92830579 4.93209255 4.796488   4.73587004 4.75369365
 4.82465837 5.03024265 5.04306067 4.90503972 4.70609488 4.94263086
5.15647273 4.84107868 4.93445024 4.69178529 4.80130421 4.79281253
 4.81895065 4.98369428 4.89265132 5.05801918 4.83631429 4.80609338
 4.89022616 4.86027632 4.67699447 4.73740168 4.93130522 4.96640315
 4.93868957 4.99691109 4.90657487 4.84045339 4.85984882 4.9241297
 4.85971076 4.90889202 4.85367215 5.02448275 4.97114041 4.87692613
5.15647273 4.9170488  4.93013371 4.91441753 4.78047698 4.86747556
 4.93133288 4.80319218 4.8506822  4.89026171 4.81913841 4.88316853
 5.01004937 4.94028057 4.90750101 4.84070539 4.9236416  4.97688764
 5.06495895 4.92157596 4.83468665 5.03952779 4.84963274 4.96342079
 5.00589727 4.91102854 4.99904624 5.07713627 4.8820533  5.05072546
5.15647273 5.0400725  4.94986163 4.95586007 4.75846877 5.06106621
 4.99747154 5.05860277 4.96367563 4.85626322 4.74467002 4.93221352
 4.96487244 4.7447745  4.84066338 4.76980026 4.73694563 4.88187463
 5.04884133 4.86551643 4.77895799 4.8269819  4.79300156 4.89871089
 4.99973767 4.92444546 4.87544277 4.82588973 4.57951394 4.99330348
5.15647273 4.68219047 4.89941207 4.90997777 4.94734581 5.03419207
 4.94031339 4.96916437 4.88997025 4.73822502 4.75572049 4.77732526
 4.73768893 5.00853558 4.94932806 4.99035308 4.9580011  4.84967504
 4.87101313 4.87392029 4.9797858  4.92364779 4.94002059 4.90620513
 4.78652038 4.91441436 4.90637158 5.05000859 4.78735036 4.89032125
5.15647273 4.83222716 4.90020745 4.86084911 4.88990526 4.97577793
 5.01539638 5.06083089 4.97328405 4.93810953 5.04231664 4.94339629
 4.90984938 5.00886437 5.06868928 4.91355285 4.85880504 4.96640576
 4.82534798 5.03854617 4.93048553 5.0139111  4.87272597 4.84907787
 4.74645288 4.91211171 4.80888688 4.93808597 4.86570364 4.83284505
5.15647273 5.1419822  5.08371197 4.90812667 4.90008659 4.9418517
 4.74750461 4.79433888 4.79591139 4.97381527 4.82475107 4.9986618
 4.91752616 4.92497411 4.91579349 4.86965426 4.82820644 4.80872137
 5.03212293 4.91694173 4.97217995 4.90863622 4.97592638 4.85683798
 4.92367732 4.98091876 4.96789832 4.93935757 4.78071219 4.76150073
5.15647273 4.81262313 4.97469285 4.88756648 4.69090365 4.83249321
 4.87470302 4.68181956 4.97339983 4.88159751 4.76903835 4.85179834
 4.93058712 4.92538354 4.92196266 4.86531339 4.89971198 4.92332836
 4.82596754 4.78631227 4.82485748 4.9237631  4.97287068 5.00111255
 4.96429481 4.8824488  4.97803041 4.98648341 4.88503088 4.79385064
