0.5705326376061005
0.5209754847997183
0.5534942123698698
0.5888603722768176
0.6186811650109829
0.5091463183404701
0.5981563656702241
0.5700033682045517
0.5612285037903031
0.6097641010821923
0.5750895028688028
0.5381456573591572
0.5747346914071019
0.5624816676489396
0.5592797699120494
0.584902615902125
0.5370101793003065
0.5597467808455588
0.5450333786391227
0.5667778659878964
0.5134066906513672
0.5778924329323929
0.5584218216449348
0.5549434996641753
0.6133710680965144
0.6044075804421197
0.5482905120559354
0.5331659100873906
0.5588089368252102
0.5837627286565991
0.5995501587423394
0.5371455809797084
0.6029860449498513
0.5561458757068835
0.5414505825666354
0.5818381905902451
0.6005100843306364
0.562252681977688
0.5712833329764514
0.6196394452173555
0.5361789190540854
0.6353489118415526
0.541184333547764
0.5492890601763791
0.5847876436617077
0.5632805134062485
0.5822270812644963
0.5195359030932473
0.61609348754547
0.6228422286136404
0.515378525893565
0.5980110636152066
0.5358486595773859
0.5368909908697096
0.5855254286057688
0.6064920852950704
0.5638727892704584
0.6161422948013356
0.5753889877244124
0.5571201742707309
0.6020090022347884
0.5583765357120498
0.580610378340761
0.5614924130452282
0.5789350093671933
0.6020962624037458
0.6216309292263382
0.5659639163156827
0.5583967702689737
0.5219332439865277
0.5750849664867499
0.6018790173734606
0.5668527330710494
0.5878815931314632
0.5908792529320415
0.6247782707746012
0.5342866332960602
0.5461857815699414
0.5216932439865277
0.6064783703113681
0.5465999009466145
0.5303239462594173
0.5589480275507777
0.5174437238682861
0.6115895448113882
0.6059853188555396
0.5501885481964939
0.5707414211641572
0.6055254382694395
0.5833941249912066
0.5364746105824139
0.566456141072666
0.5461769065858614
0.5875473543478333
0.5618438655290857
0.5289318166737843
0.5822970804632654
0.5852829830640687
0.6078891771873673
0.5241752769647513
0.5790997314999138
0.5464179314904828
0.578704753603515
0.5923073979531502
0.5470180998821214
0.5106706567713276
0.6472733481166598
0.5560076995456711
0.5608999685515882
0.6620720073647193
0.5502361417317639
0.5834807201084328
0.5598323155549508
0.5501226792503191
0.5109520398780159
0.5854074979674011
0.5813301933772016
0.553108163715225
0.5731550549401
0.5781076706626378
0.593248240219961
0.5152283146562708
0.5927008467454185
0.6124805941636609
0.5894839899296124
0.5658077496245844
0.5442112819900676
0.573299606149603
0.5292318922786367
0.6056337489054039
0.5199677411925842
0.6119512608354643
0.5890465708833847
0.6053346533389853
0.5296279057665967
0.5113642120466342
0.5635302594318162
0.5961368962213645
0.5893443493792886
0.6060806916759462
0.5777959311185215
0.5764053811436921
0.5741520789942732
0.5298682930642029
0.5918314216861251
0.5670574620533606
0.5846910803329243
0.5894011969060488
0.59355578382097
0.5774172345013011
0.5485775507749039
0.6066843116814378
0.5737036334349163
0.5922107469660911
