0.604 0.568 0.536 0.52  0.552 0.528 0.556 0.572 0.576 0.616 0.544 0.544
 0.588 0.58  0.556 0.552 0.584 0.592 0.564 0.508 0.584 0.512 0.56  0.568
 0.528 0.564 0.584 0.552 0.556 0.536
0.616 0.532 0.532 0.56  0.62  0.544 0.568 0.584 0.548 0.544 0.58  0.616
 0.584 0.58  0.508 0.612 0.544 0.592 0.556 0.556 0.524 0.516 0.532 0.52
 0.58  0.564 0.576 0.536 0.532 0.556
0.62  0.548 0.528 0.556 0.572 0.572 0.584 0.612 0.592 0.56  0.568 0.588
 0.596 0.612 0.572 0.584 0.58  0.528 0.524 0.588 0.508 0.52  0.636 0.532
 0.532 0.592 0.512 0.56  0.536 0.52 
0.636 0.536 0.564 0.58  0.552 0.568 0.592 0.568 0.624 0.6   0.576 0.552
 0.616 0.544 0.58  0.536 0.54  0.544 0.58  0.512 0.58  0.628 0.556 0.556
 0.508 0.548 0.624 0.56  0.604 0.608
0.636 0.556 0.592 0.592 0.544 0.588 0.572 0.572 0.564 0.608 0.548 0.556
 0.596 0.564 0.568 0.556 0.532 0.528 0.604 0.564 0.592 0.636 0.524 0.536
 0.592 0.592 0.588 0.508 0.616 0.668
