0.5720000000000001
0.56
0.5720000000000001
0.544
0.5640000000000001
0.528
0.58
0.584
0.548
0.568
0.5800000000000001
0.544
0.6040000000000001
0.548
0.536
0.56
0.5800000000000001
0.536
0.524
0.536
0.556
0.58
0.5680000000000001
0.516
0.552
0.56
0.528
0.572
0.5720000000000001
0.5720000000000001
0.5680000000000001
0.536
0.52
0.552
0.528
0.556
0.5720000000000001
0.576
0.616
0.544
0.544
0.5880000000000001
0.5800000000000001
0.556
0.552
0.584
0.5920000000000001
0.564
0.508
0.5840000000000001
0.512
0.5599999999999999
0.5680000000000001
0.528
0.5640000000000001
0.5840000000000001
0.552
0.556
0.536
0.532
0.532
0.56
0.62
0.544
0.568
0.584
0.548
0.544
0.5800000000000001
0.616
0.584
0.5800000000000001
0.508
0.612
0.5439999999999999
0.592
0.556
0.556
0.524
0.516
0.532
0.52
0.58
0.5640000000000001
0.5760000000000001
0.536
0.532
0.556
0.548
0.528
0.556
0.5720000000000001
0.5720000000000001
0.5840000000000001
0.612
0.592
0.5599999999999999
0.5680000000000001
0.5880000000000001
0.596
0.612
0.5720000000000001
0.5840000000000001
0.58
0.528
0.524
0.588
0.508
0.52
0.636
0.532
0.532
0.5920000000000001
0.512
0.56
0.536
0.52
0.536
0.5640000000000001
0.58
0.552
0.5680000000000001
0.592
0.5680000000000001
0.624
0.6
0.576
0.552
0.616
0.544
0.58
0.536
0.54
0.544
0.5800000000000001
0.512
0.5800000000000001
0.6279999999999999
0.556
0.556
0.508
0.548
0.624
0.56
0.6040000000000001
0.608
0.556
0.5920000000000001
0.592
0.544
0.5880000000000001
0.5720000000000001
0.5720000000000001
0.5640000000000001
0.608
0.548
0.556
0.5960000000000001
0.5640000000000001
0.5680000000000001
0.556
0.532
0.528
0.6040000000000001
0.5640000000000001
0.592
0.636
0.524
0.536
0.592
0.5920000000000001
0.5880000000000001
0.508
0.616
0.6679999999999999
0.6040000000000001
