0.5990054807120219
0.590118296655884
0.5098235794079912
0.577591659913629
0.5485663276131372
0.5948080557347032
0.5973049970753141
0.5080909607466102
0.5295491737286114
0.6000379731277554
0.6186737796869684
0.5785818038285437
0.5662472929825012
0.5971973574937177
0.5528309453178317
0.6429766246033922
0.5717416486636098
0.5779941935266079
0.5275333720435822
0.5870325157819004
0.5625456602367018
0.5515952943023945
0.617569370882885
0.5406871442354774
0.6448601778936237
0.5712312146033097
0.5614391875140399
0.5228980345501016
0.562656375847075
0.5099529265820956
0.6000306925218166
0.5455048944924006
0.6314067936620408
0.58629536340014
0.5482334470086448
0.5503092888402683
0.5953042668111064
0.5426621210908372
0.5304388983968246
0.6524409248999673
0.5373654610673977
0.6041439401014104
0.5623935844095931
0.512806426141008
0.5615133097310864
0.6020620922170181
0.5535544603017309
0.5492183883930049
0.5430691151833164
0.5706995137063443
0.5541426233900334
0.5398993922376747
0.5412587831892163
0.5505458000947875
0.5652650980731322
0.5346127459952295
0.5375908700662198
0.5550623711128724
0.610596389026345
0.5615325072891539
0.5453046814871058
0.5284090774619383
0.5498723377011533
0.6002709121648926
0.5778080373016728
0.518477210063508
0.5130325960657471
0.5449721252671029
0.5839962497585256
0.550164329783807
0.6149398831172607
0.5077323414892034
0.5860274050635541
0.6088606803100761
0.5425709285906652
0.5400164919864843
0.5531809332758052
0.5950584192118785
0.5421887862399521
0.5536671583383785
0.5335645653790362
0.5817973401954449
0.5259154878830751
0.5643741092789037
0.5214721456449543
0.5489845197918055
0.5314729689580743
0.5770798741204788
0.6256777152824241
0.605512900906599
0.6149122214824845
0.5628172618353735
0.5582744778342041
0.5094472222404475
0.5650785187003513
0.5115597389251697
0.52445809049165
0.5690999614873956
0.581191530400617
0.5951568443995651
0.5865447302599907
0.5577430692583208
0.5220140022518589
0.5462659510202759
0.6094955077900536
0.5507412832506702
0.5787701581482144
0.5419335108940964
0.5657021047870738
0.5916255178037709
0.5219856049264405
0.5186841392462469
0.5783454090524025
0.5699447529956998
0.57518538657102
0.5583595376567375
0.513339704652433
0.574073070528121
0.542805356510977
0.580806403900352
0.5991960371661211
0.5456079202567073
0.5776974551140561
0.6500771395773238
0.5623313250749559
0.6159448103111101
0.5213393838213203
0.5276346569349313
0.5973696796678233
0.6193959073598765
0.537458700160521
0.5696513339134631
0.6211268506740942
0.5901801415859911
0.5796727563534099
0.5491618561970718
0.5833163145407219
0.5523849248727547
0.5904822282588942
0.510957814790219
0.564943521600491
0.5577968773674383
0.594183177511338
0.6444309091983923
0.554803464943899
0.5993843653360384
0.5816955315054821
0.5826364893085192
0.5191265476387114
0.5412487193449466
0.5333556081986122
0.546464613860089
0.5913338491108503
0.5540012145617785
