0.61166667 0.585      0.61166667 0.56833333 0.60833333 0.58333333
 0.57666667 0.58       0.59666667 0.59       0.59166667 0.60166667
 0.595      0.58666667 0.605      0.60833333 0.56833333 0.56
 0.60666667 0.61       0.605      0.58166667 0.61333333 0.58166667
 0.575      0.58666667 0.595      0.6        0.57666667 0.585     
0.61333333 0.565      0.595      0.595      0.60833333 0.60333333
 0.60666667 0.62       0.57       0.625      0.56666667 0.60333333
 0.57666667 0.585      0.58166667 0.59166667 0.6        0.6
 0.615      0.605      0.61333333 0.59333333 0.59166667 0.58833333
 0.60833333 0.59166667 0.59166667 0.56833333 0.61333333 0.605     
0.625      0.61166667 0.59666667 0.56666667 0.58833333 0.625
 0.59666667 0.57833333 0.59       0.56833333 0.595      0.59833333
 0.6        0.62       0.595      0.56666667 0.595      0.60666667
 0.555      0.59333333 0.60333333 0.59       0.6        0.61666667
 0.60833333 0.58833333 0.57333333 0.58666667 0.56666667 0.59666667
0.625      0.60333333 0.59333333 0.61833333 0.575      0.59
 0.59       0.59166667 0.60333333 0.60166667 0.59333333 0.59333333
 0.59333333 0.6        0.58666667 0.61166667 0.595      0.56
 0.57666667 0.605      0.625      0.59666667 0.54333333 0.60166667
 0.57333333 0.545      0.575      0.61333333 0.57666667 0.62      
0.625      0.59833333 0.55666667 0.63       0.58833333 0.60333333
 0.61166667 0.60833333 0.625      0.55333333 0.58166667 0.62166667
 0.58833333 0.62166667 0.60333333 0.6        0.595      0.58
 0.57       0.60166667 0.61666667 0.53166667 0.60166667 0.57333333
 0.57166667 0.62833333 0.55833333 0.6        0.59166667 0.615     
0.63       0.59833333 0.58333333 0.61       0.59333333 0.58166667
 0.59666667 0.61666667 0.59666667 0.58333333 0.57333333 0.605
 0.59666667 0.58166667 0.6        0.61166667 0.60666667 0.58166667
 0.61333333 0.61833333 0.57       0.595      0.59166667 0.615
 0.60833333 0.62666667 0.605      0.60333333 0.615      0.61833333
0.63       0.60666667 0.61833333 0.55666667 0.595      0.60166667
 0.6        0.57166667 0.58833333 0.56666667 0.57833333 0.60166667
 0.59       0.62       0.58333333 0.57833333 0.6        0.56333333
 0.595      0.60833333 0.57166667 0.58833333 0.56166667 0.595
 0.57333333 0.585      0.61       0.59       0.61666667 0.59666667
0.63       0.585      0.56166667 0.61333333 0.60666667 0.56666667
 0.59166667 0.61833333 0.58333333 0.58333333 0.59666667 0.58833333
 0.58166667 0.58833333 0.61166667 0.58333333 0.57333333 0.56833333
 0.56833333 0.59666667 0.59833333 0.605      0.60666667 0.60333333
 0.57333333 0.59333333 0.58833333 0.59       0.61166667 0.575     
0.63       0.56833333 0.61666667 0.60666667 0.60166667 0.58333333
 0.61166667 0.59       0.63166667 0.60166667 0.59666667 0.57666667
 0.59166667 0.59       0.58666667 0.585      0.615      0.57166667
 0.61166667 0.59666667 0.6        0.60666667 0.60333333 0.565
 0.60666667 0.59666667 0.60166667 0.59833333 0.60333333 0.61833333
0.63166667 0.6        0.585      0.60833333 0.57833333 0.57166667
 0.58166667 0.57333333 0.57833333 0.59       0.605      0.60666667
 0.61833333 0.615      0.60833333 0.58666667 0.57166667 0.61666667
 0.59333333 0.60333333 0.57833333 0.58333333 0.58166667 0.58
 0.59333333 0.60166667 0.59166667 0.58166667 0.57833333 0.545     
0.63166667 0.58666667 0.595      0.60666667 0.58       0.61
 0.565      0.55166667 0.585      0.575      0.59       0.58
 0.61166667 0.58833333 0.58333333 0.60833333 0.57833333 0.605
 0.585      0.59333333 0.56166667 0.56166667 0.58666667 0.59833333
 0.61       0.54       0.61       0.585      0.61166667 0.605     
0.63166667 0.56833333 0.59833333 0.56666667 0.59666667 0.585
 0.58       0.595      0.57666667 0.585      0.58666667 0.59333333
 0.61166667 0.57833333 0.57333333 0.58833333 0.58666667 0.60333333
 0.62333333 0.56666667 0.585      0.58166667 0.55833333 0.575
 0.57666667 0.58833333 0.60333333 0.58333333 0.61666667 0.56166667
0.63166667 0.58833333 0.57       0.60333333 0.58166667 0.61
 0.61333333 0.56333333 0.58       0.575      0.59       0.60333333
 0.56833333 0.56       0.58333333 0.59333333 0.60833333 0.59833333
 0.59833333 0.60166667 0.58666667 0.57       0.6        0.59
 0.61333333 0.59833333 0.615      0.615      0.61333333 0.59166667
0.63166667 0.59166667 0.58833333 0.61833333 0.575      0.6
 0.60166667 0.59666667 0.60833333 0.62166667 0.61166667 0.60166667
 0.60166667 0.61166667 0.56833333 0.595      0.58666667 0.605
 0.59333333 0.59666667 0.56833333 0.57       0.60166667 0.56833333
 0.63       0.59166667 0.56666667 0.58666667 0.55333333 0.62      
0.63166667 0.60166667 0.58833333 0.56833333 0.58166667 0.58833333
 0.58333333 0.59833333 0.59333333 0.59833333 0.58       0.59833333
 0.605      0.56833333 0.615      0.57833333 0.58666667 0.60833333
 0.60833333 0.57833333 0.59333333 0.61333333 0.59666667 0.57333333
 0.58333333 0.61333333 0.595      0.61666667 0.60166667 0.61833333
0.63166667 0.61333333 0.59       0.59166667 0.57666667 0.58166667
 0.615      0.58666667 0.605      0.59       0.59333333 0.58666667
 0.60166667 0.60333333 0.61666667 0.56166667 0.63166667 0.61333333
 0.57833333 0.58666667 0.63166667 0.58666667 0.58333333 0.6
 0.57666667 0.60166667 0.59666667 0.59333333 0.60166667 0.575     
0.63166667 0.62166667 0.59333333 0.605      0.56833333 0.57166667
 0.57833333 0.605      0.56166667 0.59166667 0.58833333 0.57166667
 0.60833333 0.59       0.58333333 0.60166667 0.62166667 0.585
 0.59       0.59333333 0.615      0.58666667 0.58       0.58166667
 0.595      0.61       0.62       0.58166667 0.57166667 0.57666667
0.63166667 0.59333333 0.6        0.55166667 0.6        0.55666667
 0.615      0.585      0.57       0.57666667 0.58       0.57
 0.62333333 0.605      0.60666667 0.585      0.56       0.6
 0.60833333 0.62       0.615      0.595      0.56166667 0.59333333
 0.60166667 0.59666667 0.57166667 0.595      0.60333333 0.58666667
0.63166667 0.61666667 0.615      0.58166667 0.625      0.555
 0.565      0.58333333 0.58333333 0.57166667 0.585      0.57833333
 0.57       0.585      0.59       0.57166667 0.56666667 0.57833333
 0.58666667 0.6        0.565      0.61333333 0.59833333 0.61833333
 0.595      0.60166667 0.61666667 0.59833333 0.59333333 0.59333333
0.63166667 0.56666667 0.60833333 0.57666667 0.58       0.57166667
 0.565      0.61166667 0.58666667 0.6        0.55333333 0.605
 0.59833333 0.58833333 0.59166667 0.6        0.585      0.585
 0.57       0.6        0.585      0.60666667 0.60666667 0.56
 0.61       0.61666667 0.56333333 0.58666667 0.59333333 0.60833333
0.63166667 0.575      0.575      0.57833333 0.58833333 0.55833333
 0.61666667 0.58833333 0.59666667 0.57666667 0.60333333 0.58166667
 0.6        0.57666667 0.59       0.59833333 0.595      0.61
 0.55666667 0.60333333 0.575      0.60166667 0.6        0.60333333
 0.58333333 0.60666667 0.56666667 0.6        0.6        0.60833333
0.63166667 0.6        0.595      0.57666667 0.58       0.60166667
 0.585      0.56666667 0.60666667 0.625      0.60666667 0.57666667
 0.60166667 0.56333333 0.565      0.60333333 0.58166667 0.59166667
 0.57       0.6        0.56833333 0.59666667 0.58333333 0.615
 0.585      0.61833333 0.61       0.60333333 0.585      0.565     
0.63166667 0.59666667 0.57166667 0.57333333 0.60333333 0.56666667
 0.565      0.625      0.58       0.595      0.59333333 0.58666667
 0.57333333 0.58       0.555      0.575      0.62166667 0.62166667
 0.60333333 0.60333333 0.57333333 0.55666667 0.61666667 0.59166667
 0.60666667 0.615      0.585      0.575      0.595      0.59666667
0.63166667 0.585      0.61666667 0.61166667 0.585      0.585
 0.56166667 0.6        0.60333333 0.60666667 0.57833333 0.60666667
 0.58666667 0.61666667 0.58166667 0.56166667 0.595      0.605
 0.565      0.62166667 0.585      0.58833333 0.62       0.59666667
 0.57       0.59166667 0.55333333 0.62       0.60666667 0.59      
0.63166667 0.54666667 0.58       0.61833333 0.61666667 0.595
 0.57666667 0.6        0.63666667 0.61       0.58833333 0.55833333
 0.60333333 0.60333333 0.60833333 0.605      0.56833333 0.585
 0.60166667 0.58166667 0.61       0.595      0.585      0.58333333
 0.60666667 0.605      0.59166667 0.595      0.58833333 0.57833333
0.63666667 0.56333333 0.59166667 0.59166667 0.6        0.56166667
 0.60666667 0.58166667 0.60666667 0.61833333 0.61166667 0.60833333
 0.57666667 0.615      0.575      0.58333333 0.57666667 0.61
 0.585      0.61       0.58666667 0.58666667 0.56833333 0.57833333
 0.58833333 0.595      0.59833333 0.58666667 0.54333333 0.58833333
0.63666667 0.58       0.6        0.59833333 0.60666667 0.57333333
 0.59666667 0.60666667 0.58333333 0.59833333 0.59       0.57666667
 0.60833333 0.59833333 0.59666667 0.58333333 0.61       0.6
 0.595      0.565      0.60166667 0.61       0.59833333 0.59333333
 0.61166667 0.625      0.62166667 0.59666667 0.585      0.60666667
0.63666667 0.59833333 0.58833333 0.59333333 0.55833333 0.52333333
 0.53333333 0.61166667 0.605      0.60166667 0.60666667 0.56333333
 0.60666667 0.58       0.555      0.565      0.57333333 0.60666667
 0.60333333 0.62166667 0.60666667 0.59166667 0.605      0.59833333
 0.59166667 0.585      0.58666667 0.595      0.57833333 0.62166667
0.63666667 0.59333333 0.61666667 0.59333333 0.58333333 0.57166667
 0.57333333 0.605      0.59       0.615      0.59       0.58666667
 0.585      0.61       0.57666667 0.605      0.57       0.59
 0.58333333 0.59       0.58166667 0.56666667 0.58       0.56166667
 0.53333333 0.53166667 0.59       0.56833333 0.615      0.60166667
0.63666667 0.60666667 0.625      0.59       0.57       0.58166667
 0.595      0.59833333 0.59666667 0.56666667 0.615      0.58166667
 0.58166667 0.57       0.61166667 0.59166667 0.60166667 0.62333333
 0.605      0.61       0.565      0.61166667 0.595      0.6
 0.585      0.60833333 0.57166667 0.58166667 0.6        0.58166667
0.63666667 0.56333333 0.59166667 0.59166667 0.59       0.61
 0.58       0.59333333 0.60333333 0.55333333 0.62166667 0.58666667
 0.57       0.57166667 0.61666667 0.56833333 0.61333333 0.57833333
 0.58333333 0.61333333 0.60666667 0.59333333 0.57666667 0.57166667
 0.565      0.55333333 0.61333333 0.59833333 0.555      0.61333333
0.63666667 0.61333333 0.585      0.58       0.56333333 0.57333333
 0.58       0.54       0.56166667 0.58833333 0.56666667 0.60333333
 0.6        0.60833333 0.58       0.61666667 0.57166667 0.6
 0.59       0.56166667 0.56166667 0.56       0.61666667 0.56333333
 0.62833333 0.60333333 0.55833333 0.61       0.60333333 0.59333333
0.63666667 0.60166667 0.595      0.615      0.56333333 0.59
 0.59166667 0.57166667 0.605      0.56166667 0.595      0.59333333
 0.59666667 0.595      0.57166667 0.59666667 0.585      0.60166667
 0.61666667 0.58333333 0.61666667 0.61       0.59666667 0.605
 0.60333333 0.61       0.6        0.605      0.605      0.60166667
0.63666667 0.56333333 0.59333333 0.59166667 0.61333333 0.585
 0.59333333 0.58       0.58       0.57666667 0.60833333 0.57833333
 0.60333333 0.61166667 0.6        0.55666667 0.595      0.61666667
 0.59       0.565      0.58333333 0.59333333 0.605      0.58
 0.57833333 0.55833333 0.605      0.615      0.6        0.60666667
0.63666667 0.61       0.60166667 0.58166667 0.57       0.615
 0.56833333 0.59333333 0.59       0.56       0.60166667 0.59833333
 0.60833333 0.585      0.605      0.61       0.58       0.57
 0.61       0.6        0.555      0.59833333 0.61166667 0.605
 0.61666667 0.56833333 0.56666667 0.58333333 0.58       0.60333333
0.63666667 0.61       0.585      0.59833333 0.58666667 0.605
 0.605      0.57166667 0.61333333 0.59666667 0.58166667 0.57666667
 0.60166667 0.62333333 0.60833333 0.58333333 0.615      0.59166667
 0.58166667 0.59833333 0.61666667 0.61166667 0.59833333 0.60833333
 0.59       0.60333333 0.60333333 0.60833333 0.6        0.575     
0.63666667 0.58333333 0.575      0.57833333 0.58333333 0.58333333
 0.60333333 0.635      0.57166667 0.59833333 0.61833333 0.59333333
 0.57333333 0.61833333 0.6        0.60333333 0.55833333 0.615
 0.59666667 0.54333333 0.585      0.59       0.54666667 0.615
 0.56333333 0.55833333 0.58833333 0.60166667 0.54166667 0.57666667
0.63666667 0.58666667 0.59       0.59333333 0.58166667 0.61333333
 0.58       0.59666667 0.58666667 0.6        0.59166667 0.61333333
 0.55333333 0.615      0.595      0.64333333 0.58333333 0.58333333
 0.57333333 0.59166667 0.61       0.59666667 0.615      0.59333333
 0.57166667 0.58333333 0.615      0.595      0.58833333 0.58      
0.64333333 0.60833333 0.58333333 0.61166667 0.63333333 0.59166667
 0.58       0.57       0.57333333 0.59833333 0.58833333 0.61666667
 0.57666667 0.58666667 0.57666667 0.62666667 0.595      0.59666667
 0.605      0.62333333 0.60333333 0.61       0.56666667 0.59166667
 0.595      0.59       0.59333333 0.59333333 0.58666667 0.57833333
0.64333333 0.58833333 0.57166667 0.63333333 0.6        0.57666667
 0.59166667 0.60333333 0.57833333 0.57666667 0.61       0.59166667
 0.60333333 0.59666667 0.56833333 0.62166667 0.59       0.57166667
 0.60166667 0.595      0.59666667 0.61333333 0.6        0.59833333
 0.63666667 0.59666667 0.61       0.61166667 0.60166667 0.59166667
0.64333333 0.585      0.565      0.605      0.585      0.60666667
 0.6        0.61333333 0.57833333 0.61       0.63333333 0.57833333
 0.58666667 0.56833333 0.59166667 0.59666667 0.6        0.59
 0.61666667 0.61666667 0.62666667 0.60666667 0.57666667 0.56666667
 0.58333333 0.59666667 0.57333333 0.57       0.54833333 0.60166667
0.64333333 0.58333333 0.59       0.595      0.59166667 0.62333333
 0.57666667 0.58833333 0.56666667 0.58666667 0.59       0.61666667
 0.605      0.59       0.59333333 0.60333333 0.53666667 0.60666667
 0.59       0.60166667 0.58166667 0.59166667 0.55833333 0.55
 0.58666667 0.58666667 0.53666667 0.60833333 0.56166667 0.58      
0.64333333 0.60833333 0.58       0.56833333 0.56       0.59333333
 0.55666667 0.545      0.56333333 0.62166667 0.58166667 0.60166667
 0.59166667 0.61833333 0.54333333 0.555      0.555      0.61166667
 0.61666667 0.565      0.575      0.60166667 0.62833333 0.58833333
 0.575      0.58       0.61       0.59833333 0.58       0.56666667
0.64333333 0.58833333 0.60666667 0.61       0.55666667 0.59333333
 0.58833333 0.58833333 0.58666667 0.57666667 0.57666667 0.58833333
 0.59666667 0.60833333 0.61       0.58666667 0.6        0.60333333
 0.57333333 0.59333333 0.58       0.59666667 0.57166667 0.58
 0.62166667 0.555      0.57       0.57333333 0.59666667 0.615     
0.64333333 0.59833333 0.56833333 0.55166667 0.59666667 0.6
 0.57166667 0.58833333 0.6        0.57833333 0.61166667 0.57666667
 0.58666667 0.575      0.59       0.58333333 0.60333333 0.59166667
 0.60833333 0.60666667 0.62333333 0.54833333 0.56333333 0.57
 0.57833333 0.60833333 0.60333333 0.53       0.62       0.56833333
0.64333333 0.63       0.58833333 0.58833333 0.595      0.58
 0.55666667 0.575      0.56666667 0.595      0.60666667 0.55833333
 0.61       0.61666667 0.60333333 0.60666667 0.57333333 0.59833333
 0.60333333 0.59833333 0.59166667 0.59333333 0.60833333 0.62
 0.58666667 0.56833333 0.575      0.58       0.60666667 0.61166667
0.64333333 0.58       0.595      0.61666667 0.60333333 0.61666667
 0.58833333 0.61       0.54666667 0.56166667 0.58666667 0.60666667
 0.59666667 0.60833333 0.555      0.62       0.60166667 0.56833333
 0.60333333 0.58       0.58833333 0.59666667 0.58833333 0.60666667
 0.58666667 0.60833333 0.59166667 0.59666667 0.565      0.58666667
0.64333333 0.60666667 0.55833333 0.61666667 0.58       0.61
 0.60666667 0.59833333 0.58166667 0.55166667 0.585      0.58833333
 0.615      0.58166667 0.59       0.60166667 0.58166667 0.60833333
 0.57166667 0.57833333 0.58666667 0.61       0.6        0.595
 0.57833333 0.61666667 0.62166667 0.59       0.585      0.61333333
0.64333333 0.57166667 0.56833333 0.59333333 0.59166667 0.61166667
 0.54333333 0.59       0.585      0.605      0.56333333 0.61166667
 0.59333333 0.58666667 0.61333333 0.55166667 0.565      0.60333333
 0.57166667 0.59833333 0.61833333 0.55333333 0.58666667 0.58
 0.62       0.61666667 0.57666667 0.56166667 0.58166667 0.58166667
0.64333333 0.56666667 0.59833333 0.575      0.57666667 0.58
 0.61166667 0.60166667 0.58666667 0.59833333 0.59166667 0.615
 0.59166667 0.585      0.60333333 0.57833333 0.585      0.60666667
 0.61       0.58166667 0.56666667 0.53666667 0.59833333 0.55833333
 0.565      0.60666667 0.58166667 0.60333333 0.52833333 0.57833333
0.64333333 0.555      0.595      0.60333333 0.58666667 0.59666667
 0.53166667 0.61       0.585      0.595      0.57833333 0.62666667
 0.59833333 0.57666667 0.60166667 0.595      0.585      0.55
 0.54666667 0.57833333 0.585      0.61833333 0.58666667 0.58666667
 0.57333333 0.59       0.585      0.61166667 0.61       0.58333333
0.64333333 0.59       0.60166667 0.59833333 0.60666667 0.59166667
 0.60166667 0.58166667 0.57833333 0.60833333 0.57833333 0.58
 0.58333333 0.605      0.6        0.57833333 0.60666667 0.59666667
 0.61       0.58       0.58666667 0.60833333 0.59666667 0.625
 0.58333333 0.59166667 0.58833333 0.61833333 0.59833333 0.58333333
0.64333333 0.575      0.58833333 0.59333333 0.61166667 0.585
 0.60166667 0.62       0.585      0.61166667 0.56833333 0.58333333
 0.605      0.60166667 0.59833333 0.59166667 0.58833333 0.59833333
 0.60166667 0.61166667 0.585      0.59833333 0.605      0.59833333
 0.615      0.61666667 0.57833333 0.61166667 0.61833333 0.58833333
0.64333333 0.60166667 0.57833333 0.59       0.61       0.6
 0.59       0.59333333 0.57333333 0.575      0.6        0.595
 0.59666667 0.55833333 0.57       0.555      0.595      0.61
 0.605      0.60333333 0.60833333 0.55       0.6        0.585
 0.625      0.58166667 0.58166667 0.60333333 0.57166667 0.57166667
0.64333333 0.57       0.615      0.61333333 0.60166667 0.57166667
 0.58333333 0.60666667 0.59666667 0.57166667 0.57333333 0.59666667
 0.61333333 0.6        0.595      0.60666667 0.56333333 0.60333333
 0.6        0.59833333 0.58166667 0.56833333 0.57333333 0.60333333
 0.58833333 0.51166667 0.59833333 0.59       0.59666667 0.595     
0.64333333 0.605      0.60833333 0.60166667 0.59       0.56
 0.57833333 0.595      0.56333333 0.61166667 0.58833333 0.57666667
 0.585      0.59333333 0.59666667 0.59666667 0.61333333 0.585
 0.57666667 0.62166667 0.61       0.60166667 0.60333333 0.575
 0.60333333 0.57166667 0.59       0.61       0.595      0.59666667
0.64333333 0.59833333 0.605      0.6        0.60833333 0.61
 0.60166667 0.61       0.58333333 0.605      0.58333333 0.58833333
 0.59833333 0.605      0.585      0.6        0.59666667 0.57333333
 0.59333333 0.6        0.60666667 0.585      0.63166667 0.62166667
 0.57833333 0.59666667 0.585      0.59       0.605      0.62166667
0.64333333 0.60833333 0.59833333 0.58666667 0.58166667 0.59166667
 0.59833333 0.585      0.61166667 0.57166667 0.60333333 0.62166667
 0.58333333 0.615      0.55333333 0.615      0.61166667 0.59666667
 0.57333333 0.585      0.58833333 0.61       0.59166667 0.59166667
 0.60666667 0.60833333 0.585      0.605      0.59333333 0.61833333
0.64333333 0.60833333 0.61       0.60166667 0.57833333 0.55
 0.585      0.57       0.60666667 0.60333333 0.61333333 0.57
 0.58833333 0.615      0.585      0.57333333 0.59333333 0.61333333
 0.595      0.57833333 0.59666667 0.56666667 0.58       0.595
 0.60833333 0.62166667 0.56833333 0.59166667 0.58833333 0.56166667
0.64333333 0.57666667 0.595      0.59666667 0.60166667 0.595
 0.57       0.55833333 0.57166667 0.59833333 0.6        0.525
 0.60833333 0.575      0.57166667 0.595      0.56166667 0.59333333
 0.62       0.585      0.63       0.55       0.56833333 0.53833333
 0.615      0.59666667 0.58666667 0.61666667 0.58       0.60333333
0.64333333 0.57       0.60833333 0.60333333 0.58666667 0.61166667
 0.57333333 0.59166667 0.61666667 0.6        0.56       0.59666667
 0.60333333 0.60833333 0.57666667 0.605      0.585      0.57833333
 0.56833333 0.58666667 0.59833333 0.58333333 0.58       0.57666667
 0.6        0.61333333 0.55333333 0.59833333 0.595      0.59666667
0.64333333 0.6        0.605      0.56666667 0.555      0.61666667
 0.605      0.59833333 0.58333333 0.59333333 0.58166667 0.57
 0.58       0.59166667 0.585      0.60166667 0.575      0.605
 0.61666667 0.61333333 0.585      0.54666667 0.56166667 0.605
 0.60166667 0.585      0.60166667 0.59       0.61666667 0.61166667
0.64333333 0.565      0.58833333 0.64333333 0.615      0.56166667
 0.57166667 0.60833333 0.57       0.57333333 0.565      0.57
 0.58       0.62       0.615      0.58       0.59666667 0.605
 0.615      0.61166667 0.59666667 0.58       0.58333333 0.58666667
 0.59833333 0.595      0.58166667 0.62       0.59833333 0.61833333
0.64333333 0.595      0.62       0.60166667 0.61166667 0.575
 0.56       0.61833333 0.59833333 0.59       0.57666667 0.54833333
 0.55833333 0.62833333 0.60833333 0.59       0.59333333 0.61166667
 0.56333333 0.60666667 0.6        0.60166667 0.57833333 0.585
 0.60166667 0.59333333 0.55833333 0.59       0.58666667 0.62166667
0.64333333 0.61833333 0.59166667 0.58833333 0.605      0.575
 0.605      0.60666667 0.58333333 0.6        0.61666667 0.61833333
 0.58       0.58333333 0.615      0.59833333 0.58333333 0.59333333
 0.57333333 0.58833333 0.58666667 0.59       0.635      0.60166667
 0.595      0.51166667 0.6        0.61333333 0.62666667 0.56      
0.64333333 0.60333333 0.56833333 0.61       0.60666667 0.62333333
 0.60833333 0.62       0.585      0.59166667 0.58333333 0.57
 0.59666667 0.58166667 0.59333333 0.605      0.58166667 0.575
 0.575      0.585      0.57166667 0.625      0.59666667 0.6
 0.62       0.60833333 0.58833333 0.63166667 0.60666667 0.59      
0.64333333 0.60666667 0.56833333 0.585      0.61333333 0.59
 0.6        0.58333333 0.575      0.6        0.54       0.59
 0.58666667 0.59666667 0.57333333 0.595      0.58166667 0.59166667
 0.59833333 0.585      0.60833333 0.54333333 0.615      0.61166667
 0.59333333 0.62       0.59666667 0.595      0.59166667 0.62      
0.64333333 0.62333333 0.575      0.56833333 0.59333333 0.60166667
 0.59166667 0.62       0.625      0.57833333 0.61333333 0.61
 0.58166667 0.56666667 0.60166667 0.61666667 0.60333333 0.61166667
 0.58666667 0.61666667 0.61166667 0.57833333 0.60833333 0.59333333
 0.59666667 0.55333333 0.585      0.62333333 0.6        0.56      
0.64333333 0.58333333 0.57333333 0.595      0.55833333 0.605
 0.58666667 0.58833333 0.56833333 0.58833333 0.59333333 0.59666667
 0.60166667 0.575      0.58333333 0.61333333 0.59333333 0.605
 0.59333333 0.615      0.59833333 0.605      0.62       0.58333333
 0.585      0.61       0.60833333 0.58       0.595      0.55333333
0.64333333 0.58833333 0.575      0.55166667 0.57166667 0.56333333
 0.575      0.59833333 0.61666667 0.595      0.58166667 0.575
 0.57       0.585      0.58666667 0.555      0.54833333 0.60166667
 0.59833333 0.56666667 0.58833333 0.61666667 0.60833333 0.57333333
 0.61333333 0.59666667 0.565      0.59333333 0.60333333 0.605     
0.64333333 0.58166667 0.61666667 0.58333333 0.54333333 0.60333333
 0.565      0.575      0.545      0.59666667 0.60833333 0.585
 0.59166667 0.61333333 0.57666667 0.61666667 0.59       0.63
 0.59833333 0.60333333 0.58333333 0.62333333 0.60666667 0.61666667
 0.585      0.55666667 0.59666667 0.57166667 0.58833333 0.595     
0.64333333 0.59166667 0.58166667 0.60333333 0.54333333 0.59166667
 0.59666667 0.60833333 0.60833333 0.56333333 0.61666667 0.595
 0.60666667 0.60333333 0.62666667 0.61       0.6        0.59
 0.615      0.58666667 0.64333333 0.57666667 0.61       0.62
 0.57833333 0.56833333 0.57       0.56666667 0.56333333 0.595     
0.64333333 0.59       0.55833333 0.59166667 0.58666667 0.58166667
 0.61166667 0.57333333 0.61833333 0.59333333 0.57833333 0.62
 0.58       0.58333333 0.58833333 0.55333333 0.6        0.57333333
 0.61166667 0.57166667 0.59333333 0.55166667 0.55166667 0.585
 0.55166667 0.63166667 0.62333333 0.59833333 0.59       0.58166667
0.64333333 0.6        0.54166667 0.575      0.57833333 0.57166667
 0.58833333 0.58166667 0.585      0.63       0.595      0.60166667
 0.60166667 0.60166667 0.58333333 0.59333333 0.62       0.62166667
 0.60166667 0.58833333 0.57       0.57333333 0.575      0.56833333
 0.59333333 0.6        0.58333333 0.60166667 0.57666667 0.60666667
0.64333333 0.55666667 0.56666667 0.585      0.55666667 0.59333333
 0.585      0.59333333 0.61666667 0.59833333 0.58833333 0.60333333
 0.605      0.595      0.59       0.57166667 0.595      0.60166667
 0.60833333 0.6        0.59333333 0.63       0.61       0.60166667
 0.61333333 0.60166667 0.56333333 0.57833333 0.57166667 0.54      
0.64333333 0.60333333 0.62166667 0.59166667 0.605      0.585
 0.63666667 0.58       0.56       0.6        0.60666667 0.57666667
 0.56166667 0.59166667 0.58666667 0.61       0.58833333 0.59666667
 0.61166667 0.58666667 0.6        0.57166667 0.615      0.58
 0.58833333 0.575      0.615      0.60666667 0.61333333 0.615     
0.64333333 0.59666667 0.61       0.57833333 0.62       0.575
 0.53166667 0.59166667 0.605      0.585      0.575      0.575
 0.605      0.61       0.60666667 0.59       0.59       0.57833333
 0.60333333 0.61166667 0.62666667 0.57333333 0.59       0.61166667
 0.60166667 0.60666667 0.605      0.59166667 0.57333333 0.60166667
0.64333333 0.61       0.61166667 0.61833333 0.595      0.59333333
 0.595      0.62166667 0.57333333 0.55       0.57833333 0.60166667
 0.61       0.60333333 0.57333333 0.59       0.575      0.58333333
 0.57       0.59333333 0.55333333 0.625      0.565      0.57833333
 0.56166667 0.61333333 0.61833333 0.585      0.59833333 0.59      
0.64333333 0.61166667 0.61166667 0.6        0.59333333 0.62166667
 0.56666667 0.60666667 0.56833333 0.55666667 0.6        0.59166667
 0.59       0.60666667 0.63       0.56833333 0.60166667 0.585
 0.625      0.56       0.55       0.61333333 0.60166667 0.63666667
 0.58833333 0.61       0.6        0.555      0.605      0.58333333
0.64333333 0.56666667 0.60833333 0.6        0.60666667 0.60333333
 0.615      0.56       0.57166667 0.61       0.55666667 0.59833333
 0.61333333 0.56833333 0.60333333 0.61       0.60666667 0.59833333
 0.60333333 0.59       0.615      0.595      0.57       0.58
 0.605      0.575      0.60666667 0.6        0.60333333 0.57833333
0.64333333 0.575      0.605      0.62       0.58       0.58166667
 0.58833333 0.60666667 0.585      0.58333333 0.59666667 0.60833333
 0.57833333 0.60666667 0.60666667 0.61666667 0.59       0.64166667
 0.575      0.61333333 0.615      0.57       0.60166667 0.55166667
 0.595      0.60333333 0.57333333 0.57833333 0.565      0.61      
0.64333333 0.60833333 0.59666667 0.58666667 0.605      0.61
 0.56333333 0.56166667 0.57333333 0.6        0.585      0.62
 0.59       0.58       0.58166667 0.6        0.60833333 0.565
 0.57       0.58666667 0.59833333 0.56333333 0.58666667 0.58333333
 0.605      0.60666667 0.58833333 0.55333333 0.56       0.615     
0.64333333 0.60833333 0.6        0.545      0.58333333 0.59833333
 0.60833333 0.60666667 0.55166667 0.62333333 0.56       0.59333333
 0.605      0.605      0.605      0.54833333 0.55333333 0.59
 0.55666667 0.59333333 0.59166667 0.615      0.57333333 0.58833333
 0.60333333 0.575      0.57666667 0.60166667 0.60166667 0.59666667
0.64333333 0.59666667 0.605      0.61       0.60166667 0.57833333
 0.585      0.61166667 0.58333333 0.55166667 0.595      0.57833333
 0.53333333 0.57166667 0.58       0.57       0.56833333 0.56
 0.60333333 0.57833333 0.58333333 0.57333333 0.56666667 0.59333333
 0.57833333 0.61333333 0.60166667 0.56833333 0.59333333 0.575     
0.64333333 0.62       0.59       0.56333333 0.57833333 0.58666667
 0.59666667 0.60666667 0.56666667 0.595      0.61166667 0.62333333
 0.59166667 0.61333333 0.57666667 0.60166667 0.595      0.57833333
 0.57666667 0.59       0.575      0.55333333 0.58833333 0.57
 0.555      0.58666667 0.59833333 0.535      0.6        0.60666667
0.64333333 0.57666667 0.57833333 0.57166667 0.58166667 0.62333333
 0.595      0.58666667 0.60833333 0.55333333 0.6        0.59666667
 0.575      0.625      0.61333333 0.62333333 0.58166667 0.59666667
 0.60666667 0.565      0.58666667 0.58833333 0.59666667 0.56666667
 0.585      0.565      0.59       0.565      0.58833333 0.59666667
0.64333333 0.61166667 0.60833333 0.595      0.57166667 0.61
 0.58666667 0.55       0.60666667 0.555      0.60166667 0.60166667
 0.58166667 0.57666667 0.58166667 0.57       0.61833333 0.58166667
 0.605      0.60166667 0.60666667 0.60833333 0.62333333 0.60666667
 0.58       0.57833333 0.58       0.56833333 0.58833333 0.56833333
0.64333333 0.62333333 0.60166667 0.59666667 0.60166667 0.60833333
 0.585      0.59833333 0.59833333 0.585      0.58333333 0.58
 0.61       0.58166667 0.615      0.605      0.56333333 0.58833333
 0.56       0.615      0.61833333 0.62166667 0.61166667 0.58833333
 0.605      0.62166667 0.60166667 0.615      0.605      0.61166667
0.64333333 0.61333333 0.59       0.60666667 0.56333333 0.58833333
 0.61       0.62       0.61666667 0.575      0.56833333 0.59166667
 0.59833333 0.57666667 0.6        0.61166667 0.61333333 0.61333333
 0.63166667 0.60666667 0.61166667 0.605      0.59333333 0.57833333
 0.60166667 0.59333333 0.59166667 0.62       0.56833333 0.55333333
0.64333333 0.62166667 0.57833333 0.61833333 0.61666667 0.59833333
 0.61       0.605      0.59333333 0.63166667 0.59833333 0.625
 0.56       0.58833333 0.59166667 0.59666667 0.56166667 0.59666667
 0.58333333 0.55       0.575      0.60833333 0.59833333 0.61166667
 0.59333333 0.58333333 0.60333333 0.61333333 0.575      0.58833333
0.64333333 0.605      0.59333333 0.605      0.60333333 0.60166667
 0.61166667 0.58333333 0.58333333 0.6        0.575      0.59
 0.57833333 0.55666667 0.61166667 0.61666667 0.60166667 0.59833333
 0.60333333 0.59       0.58666667 0.60833333 0.58666667 0.57833333
 0.55166667 0.615      0.60166667 0.58833333 0.555      0.61666667
0.64333333 0.58666667 0.60166667 0.59333333 0.61166667 0.58666667
 0.605      0.56333333 0.60333333 0.60833333 0.555      0.6
 0.59333333 0.56833333 0.59166667 0.56333333 0.59333333 0.58
 0.58833333 0.61333333 0.6        0.575      0.59833333 0.58833333
 0.63       0.61833333 0.59166667 0.60833333 0.6        0.56      
0.64333333 0.585      0.59333333 0.57166667 0.59666667 0.59
 0.59333333 0.57       0.59666667 0.585      0.605      0.59
 0.60333333 0.59833333 0.58833333 0.56333333 0.56333333 0.615
 0.58       0.61666667 0.615      0.55666667 0.60166667 0.61666667
 0.59166667 0.595      0.59166667 0.58       0.57666667 0.56833333
0.64333333 0.58833333 0.54166667 0.6        0.59       0.555
 0.58833333 0.62166667 0.58333333 0.59333333 0.56       0.57666667
 0.595      0.58833333 0.59166667 0.59166667 0.59166667 0.58666667
 0.62333333 0.61666667 0.61       0.575      0.58666667 0.59666667
 0.58166667 0.58666667 0.58166667 0.59833333 0.59833333 0.57833333
0.64333333 0.585      0.58666667 0.58666667 0.56333333 0.58333333
 0.575      0.59666667 0.58833333 0.58666667 0.56166667 0.60166667
 0.59       0.60833333 0.60666667 0.585      0.58666667 0.585
 0.63       0.60833333 0.59833333 0.59166667 0.6        0.605
 0.605      0.575      0.60166667 0.58166667 0.59       0.60666667
0.64333333 0.60666667 0.595      0.56333333 0.58666667 0.60666667
 0.61       0.60666667 0.575      0.62833333 0.58333333 0.59
 0.58666667 0.62       0.555      0.595      0.61333333 0.54
 0.57333333 0.61833333 0.60166667 0.54833333 0.595      0.605
 0.60166667 0.62166667 0.57666667 0.585      0.595      0.57333333
0.64333333 0.6        0.595      0.615      0.58833333 0.60166667
 0.60166667 0.56666667 0.61166667 0.60333333 0.60666667 0.6
 0.60166667 0.63333333 0.62166667 0.56833333 0.54666667 0.585
 0.63166667 0.61166667 0.56166667 0.55666667 0.60166667 0.605
 0.59833333 0.60833333 0.59666667 0.62166667 0.575      0.6       
