0.6100000000000001 0.54 0.6 0.55 0.6100000000000001 0.62 0.54 0.64 0.53 0.56 0.5900000000000001 0.5800000000000001 0.5599999999999999 0.53 0.6399999999999999 0.5700000000000001 0.63 0.5900000000000001 0.53 0.62
0.64 0.6 0.64 0.55 0.63 0.64 0.6100000000000001 0.6300000000000001 0.67 0.6799999999999999 0.53 0.54 0.53 0.61 0.6 0.6 0.6699999999999999 0.53 0.59 0.54
0.6799999999999999 0.57 0.54 0.54 0.53 0.54 0.54 0.6399999999999999 0.59 0.5700000000000001 0.55 0.5399999999999999 0.53 0.53 0.5700000000000001 0.53 0.53 0.5599999999999999 0.53 0.64
0.6799999999999999 0.62 0.5399999999999999 0.54 0.61 0.6200000000000001 0.5800000000000001 0.53 0.5599999999999999 0.53 0.5599999999999999 0.53 0.55 0.5599999999999999 0.5700000000000001 0.6300000000000001 0.5700000000000001 0.6 0.55 0.55
0.6799999999999999 0.61 0.5700000000000001 0.58 0.53 0.53 0.53 0.7 0.53 0.57 0.6100000000000001 0.53 0.5800000000000001 0.53 0.53 0.54 0.53 0.6199999999999999 0.5700000000000001 0.6399999999999999
0.7 0.6699999999999999 0.6 0.62 0.6199999999999999 0.57 0.6699999999999999 0.56 0.5599999999999999 0.53 0.5900000000000001 0.6 0.5700000000000001 0.53 0.5900000000000001 0.53 0.58 0.63 0.54 0.53
0.7 0.5700000000000001 0.55 0.6 0.55 0.53 0.53 0.53 0.5800000000000001 0.5700000000000001 0.54 0.55 0.64 0.53 0.53 0.65 0.53 0.53 0.5700000000000001 0.61
0.7 0.5599999999999999 0.53 0.53 0.6199999999999999 0.55 0.67 0.68 0.53 0.7300000000000001 0.62 0.6 0.6 0.5900000000000001 0.54 0.63 0.65 0.5600000000000002 0.56 0.5800000000000001
0.7300000000000001 0.55 0.53 0.5800000000000001 0.53 0.53 0.53 0.53 0.53 0.5799999999999998 0.53 0.53 0.53 0.53 0.5599999999999999 0.66 0.5399999999999999 0.61 0.53 0.53
0.7300000000000001 0.5399999999999999 0.53 0.55 0.6799999999999999 0.53 0.53 0.61 0.5399999999999999 0.6199999999999999 0.5599999999999999 0.56 0.58 0.53 0.5700000000000001 0.74 0.54 0.5999999999999999 0.6799999999999999 0.53
0.74 0.53 0.53 0.65 0.53 0.58 0.55 0.5399999999999999 0.53 0.5599999999999999 0.5900000000000001 0.65 0.58 0.61 0.55 0.53 0.53 0.5599999999999999 0.5800000000000001 0.56
0.74 0.53 0.6599999999999999 0.5700000000000001 0.55 0.5700000000000001 0.63 0.55 0.59 0.55 0.53 0.6599999999999999 0.53 0.5800000000000001 0.6499999999999999 0.55 0.63 0.6 0.5800000000000001 0.61
0.74 0.57 0.5700000000000001 0.61 0.6199999999999999 0.6 0.54 0.56 0.6100000000000001 0.53 0.5700000000000001 0.53 0.5800000000000001 0.55 0.55 0.56 0.54 0.53 0.6100000000000001 0.6299999999999999
0.74 0.55 0.67 0.56 0.56 0.5800000000000001 0.54 0.5399999999999999 0.5800000000000001 0.5599999999999999 0.57 0.55 0.6399999999999999 0.5900000000000001 0.65 0.5900000000000001 0.53 0.64 0.62 0.62
0.74 0.5799999999999998 0.65 0.6699999999999999 0.5900000000000001 0.61 0.5599999999999999 0.57 0.53 0.53 0.6100000000000001 0.57 0.53 0.5599999999999999 0.62 0.5900000000000001 0.57 0.64 0.67 0.69
0.74 0.5900000000000001 0.58 0.6 0.62 0.54 0.54 0.59 0.5900000000000001 0.5700000000000001 0.5799999999999998 0.61 0.55 0.55 0.62 0.6100000000000001 0.5599999999999999 0.64 0.53 0.6199999999999999
0.74 0.53 0.55 0.6 0.5800000000000001 0.6100000000000001 0.53 0.54 0.5800000000000001 0.5599999999999999 0.61 0.5700000000000001 0.5599999999999999 0.58 0.5700000000000001 0.55 0.5599999999999999 0.5599999999999999 0.53 0.5700000000000001
0.74 0.61 0.5599999999999999 0.53 0.53 0.55 0.58 0.6 0.58 0.57 0.5700000000000001 0.58 0.5800000000000001 0.6 0.58 0.5900000000000001 0.53 0.59 0.5900000000000001 0.6100000000000001
0.74 0.55 0.5599999999999999 0.54 0.53 0.6 0.5700000000000001 0.5599999999999999 0.59 0.56 0.5700000000000001 0.64 0.53 0.63 0.5599999999999999 0.58 0.5599999999999999 0.57 0.53 0.53
0.74 0.53 0.5700000000000001 0.53 0.53 0.53 0.55 0.55 0.6 0.62 0.53 0.61 0.5900000000000001 0.6299999999999999 0.55 0.6 0.55 0.61 0.5999999999999999 0.56
0.74 0.57 0.5700000000000001 0.58 0.55 0.53 0.53 0.54 0.61 0.6 0.5599999999999999 0.54 0.55 0.53 0.6200000000000001 0.54 0.59 0.63 0.64 0.6
0.74 0.63 0.58 0.5700000000000001 0.5599999999999999 0.59 0.53 0.58 0.63 0.53 0.6799999999999999 0.55 0.55 0.55 0.54 0.53 0.59 0.5900000000000001 0.53 0.5700000000000001
0.74 0.5600000000000002 0.53 0.53 0.61 0.57 0.65 0.5900000000000001 0.53 0.53 0.56 0.53 0.5900000000000001 0.6 0.6799999999999999 0.6300000000000001 0.6 0.54 0.5900000000000001 0.6100000000000001
0.74 0.54 0.53 0.55 0.53 0.5800000000000001 0.61 0.6399999999999999 0.53 0.53 0.5900000000000001 0.62 0.5800000000000001 0.54 0.5800000000000001 0.5700000000000001 0.6399999999999999 0.59 0.53 0.5900000000000001
0.74 0.63 0.5800000000000001 0.6100000000000001 0.6300000000000001 0.53 0.61 0.53 0.63 0.54 0.54 0.55 0.6199999999999999 0.55 0.6699999999999999 0.5700000000000001 0.55 0.6 0.55 0.53
0.74 0.6 0.61 0.63 0.6 0.55 0.61 0.54 0.6199999999999999 0.54 0.62 0.5599999999999999 0.6100000000000001 0.53 0.6000000000000001 0.5599999999999999 0.5800000000000001 0.5399999999999999 0.56 0.54
0.74 0.53 0.53 0.53 0.59 0.5800000000000001 0.58 0.5800000000000001 0.6 0.65 0.53 0.53 0.53 0.54 0.65 0.53 0.5900000000000001 0.53 0.6 0.54
0.74 0.53 0.6199999999999999 0.65 0.62 0.53 0.5599999999999999 0.54 0.53 0.62 0.54 0.5399999999999999 0.5800000000000001 0.63 0.5800000000000001 0.5900000000000001 0.54 0.5700000000000001 0.53 0.5800000000000001
0.74 0.53 0.53 0.54 0.6399999999999999 0.6199999999999999 0.55 0.53 0.53 0.5700000000000001 0.5900000000000001 0.5599999999999999 0.55 0.5900000000000001 0.5700000000000001 0.5700000000000001 0.6199999999999999 0.53 0.5900000000000001 0.59
0.74 0.53 0.61 0.5800000000000001 0.53 0.56 0.53 0.56 0.61 0.53 0.53 0.53 0.6199999999999999 0.53 0.53 0.54 0.6100000000000001 0.58 0.53 0.6299999999999999
0.74 0.6100000000000001 0.53 0.53 0.53 0.6199999999999999 0.53 0.5599999999999999 0.58 0.55 0.53 0.5700000000000001 0.55 0.55 0.53 0.62 0.66 0.53 0.57 0.5599999999999999
0.74 0.6 0.58 0.5900000000000001 0.53 0.53 0.55 0.53 0.55 0.5700000000000001 0.5599999999999999 0.57 0.62 0.5900000000000001 0.5799999999999998 0.6000000000000001 0.53 0.53 0.6799999999999999 0.5900000000000001
0.74 0.54 0.5800000000000001 0.58 0.6 0.54 0.6100000000000001 0.58 0.5800000000000001 0.5900000000000001 0.53 0.6 0.53 0.54 0.61 0.6199999999999999 0.54 0.6100000000000001 0.6599999999999999 0.54
0.74 0.65 0.55 0.5599999999999999 0.53 0.62 0.53 0.54 0.6100000000000001 0.58 0.54 0.6199999999999999 0.64 0.5900000000000001 0.55 0.64 0.53 0.54 0.53 0.53
0.74 0.6599999999999999 0.5599999999999999 0.53 0.5900000000000001 0.5700000000000001 0.5900000000000001 0.5599999999999999 0.63 0.5599999999999999 0.5700000000000001 0.53 0.6499999999999999 0.57 0.54 0.53 0.6300000000000001 0.62 0.6 0.58
0.74 0.53 0.6300000000000001 0.6300000000000001 0.57 0.61 0.62 0.62 0.58 0.56 0.6100000000000001 0.58 0.5700000000000001 0.6100000000000001 0.54 0.53 0.5700000000000001 0.54 0.56 0.55
0.74 0.53 0.57 0.53 0.57 0.58 0.53 0.56 0.6100000000000001 0.53 0.54 0.5599999999999999 0.61 0.5800000000000001 0.5399999999999999 0.5599999999999999 0.6299999999999999 0.64 0.55 0.54
0.74 0.5900000000000001 0.5900000000000001 0.62 0.6299999999999999 0.53 0.53 0.5900000000000001 0.53 0.53 0.5599999999999999 0.58 0.53 0.6300000000000001 0.55 0.5599999999999999 0.6300000000000001 0.5700000000000001 0.62 0.53
0.74 0.58 0.54 0.53 0.57 0.5599999999999999 0.5599999999999999 0.6 0.6100000000000001 0.6100000000000001 0.53 0.55 0.6 0.53 0.63 0.6 0.5900000000000001 0.56 0.54 0.65
0.74 0.5700000000000001 0.56 0.54 0.58 0.63 0.5700000000000001 0.5599999999999999 0.59 0.5700000000000001 0.53 0.54 0.6000000000000001 0.6399999999999999 0.53 0.53 0.5599999999999999 0.53 0.5599999999999999 0.57
0.74 0.55 0.55 0.53 0.53 0.53 0.53 0.6 0.55 0.54 0.53 0.6300000000000001 0.53 0.53 0.54 0.63 0.53 0.54 0.55 0.53
0.74 0.5700000000000001 0.5700000000000001 0.53 0.6599999999999999 0.61 0.56 0.5799999999999998 0.5599999999999999 0.5599999999999999 0.53 0.58 0.62 0.5700000000000001 0.54 0.53 0.53 0.5599999999999999 0.53 0.64
0.74 0.61 0.6 0.61 0.53 0.6400000000000001 0.5700000000000001 0.5700000000000001 0.53 0.5599999999999999 0.56 0.53 0.56 0.63 0.6 0.5599999999999999 0.5700000000000001 0.56 0.53 0.6
0.74 0.6199999999999999 0.53 0.5399999999999999 0.54 0.56 0.54 0.53 0.53 0.6399999999999999 0.6199999999999999 0.62 0.54 0.57 0.5599999999999999 0.53 0.54 0.5800000000000001 0.53 0.55
0.74 0.53 0.54 0.58 0.6100000000000001 0.54 0.53 0.5599999999999999 0.6299999999999999 0.55 0.53 0.5900000000000001 0.5800000000000001 0.53 0.55 0.59 0.6 0.6 0.53 0.5599999999999999
0.74 0.5900000000000001 0.53 0.57 0.59 0.53 0.6 0.5700000000000001 0.65 0.62 0.53 0.59 0.53 0.53 0.5900000000000001 0.53 0.5900000000000001 0.54 0.53 0.6199999999999999
0.74 0.5700000000000001 0.5800000000000001 0.54 0.5900000000000001 0.55 0.53 0.5399999999999999 0.53 0.61 0.53 0.5399999999999999 0.53 0.5900000000000001 0.53 0.53 0.53 0.53 0.58 0.55
0.74 0.5399999999999999 0.55 0.55 0.5900000000000001 0.53 0.6699999999999999 0.5900000000000001 0.62 0.53 0.5599999999999999 0.5900000000000001 0.5700000000000001 0.53 0.5599999999999999 0.64 0.5800000000000001 0.53 0.62 0.53
0.74 0.63 0.55 0.5499999999999999 0.5599999999999999 0.5700000000000001 0.6 0.5700000000000001 0.61 0.6399999999999999 0.55 0.53 0.53 0.56 0.6 0.59 0.64 0.64 0.6100000000000001 0.53
0.74 0.61 0.58 0.53 0.53 0.6 0.54 0.62 0.5599999999999999 0.53 0.53 0.59 0.63 0.5599999999999999 0.5800000000000001 0.6699999999999999 0.58 0.58 0.53 0.5700000000000001
0.74 0.53 0.5900000000000001 0.56 0.63 0.6300000000000001 0.53 0.6399999999999999 0.53 0.5800000000000001 0.6100000000000001 0.53 0.56 0.5800000000000001 0.5800000000000001 0.53 0.53 0.5700000000000001 0.53 0.53
0.74 0.63 0.6 0.6399999999999999 0.53 0.5700000000000001 0.6 0.6100000000000001 0.5599999999999999 0.54 0.53 0.53 0.5800000000000001 0.55 0.5700000000000001 0.55 0.53 0.56 0.64 0.62
0.74 0.58 0.63 0.53 0.5800000000000001 0.53 0.5800000000000001 0.53 0.62 0.5800000000000001 0.5599999999999999 0.53 0.53 0.5399999999999999 0.63 0.6 0.5700000000000001 0.6599999999999999 0.55 0.56
0.74 0.66 0.54 0.5599999999999999 0.53 0.53 0.5800000000000001 0.53 0.61 0.63 0.5599999999999999 0.53 0.53 0.55 0.6 0.53 0.61 0.55 0.5800000000000001 0.5599999999999999
0.74 0.6599999999999999 0.53 0.53 0.59 0.53 0.5900000000000001 0.54 0.61 0.6 0.53 0.54 0.5700000000000001 0.6499999999999999 0.53 0.53 0.5599999999999999 0.61 0.53 0.55
0.74 0.63 0.6 0.54 0.5800000000000001 0.54 0.53 0.61 0.6 0.54 0.54 0.65 0.5700000000000001 0.6100000000000001 0.66 0.53 0.5800000000000001 0.5599999999999999 0.53 0.54
0.74 0.5700000000000001 0.5599999999999999 0.6100000000000001 0.53 0.55 0.62 0.56 0.53 0.57 0.6 0.6100000000000001 0.5900000000000001 0.55 0.53 0.55 0.5900000000000001 0.55 0.53 0.53
0.74 0.5700000000000001 0.5700000000000001 0.55 0.5599999999999999 0.61 0.5599999999999999 0.55 0.53 0.53 0.53 0.53 0.5600000000000002 0.53 0.53 0.58 0.6299999999999999 0.63 0.6 0.53
0.74 0.6199999999999999 0.62 0.53 0.64 0.53 0.58 0.5700000000000001 0.58 0.55 0.5800000000000001 0.6300000000000001 0.65 0.56 0.6399999999999999 0.61 0.5700000000000001 0.6 0.58 0.6
0.74 0.5499999999999999 0.61 0.64 0.5599999999999999 0.55 0.53 0.63 0.53 0.53 0.53 0.5700000000000001 0.53 0.64 0.5900000000000001 0.55 0.56 0.5700000000000001 0.56 0.53
0.65 0.71 0.55 0.5900000000000001 0.5700000000000001 0.6499999999999999 0.55 0.53 0.5900000000000001 0.5399999999999999 0.53 0.62 0.5800000000000001 0.5700000000000001 0.5700000000000001 0.57 0.53 0.62 0.55 0.53
0.71 0.5900000000000001 0.61 0.6199999999999999 0.61 0.53 0.6 0.53 0.6900000000000001 0.53 0.5900000000000001 0.53 0.59 0.6000000000000001 0.53 0.53 0.6 0.5900000000000001 0.53 0.5800000000000001
0.71 0.6100000000000001 0.53 0.53 0.64 0.5700000000000001 0.54 0.58 0.5800000000000001 0.54 0.54 0.53 0.6100000000000001 0.56 0.6 0.53 0.5700000000000001 0.5900000000000001 0.6 0.5799999999999998
0.71 0.5900000000000001 0.64 0.5599999999999999 0.59 0.6000000000000001 0.62 0.53 0.56 0.53 0.5900000000000001 0.53 0.5900000000000001 0.6 0.6 0.53 0.53 0.6100000000000001 0.6599999999999999 0.6
0.71 0.6 0.53 0.54 0.62 0.53 0.55 0.5900000000000001 0.53 0.6299999999999999 0.6599999999999999 0.64 0.56 0.5599999999999999 0.5900000000000001 0.55 0.58 0.6299999999999999 0.5800000000000001 0.5800000000000001
0.71 0.55 0.64 0.53 0.5599999999999999 0.58 0.5900000000000001 0.54 0.54 0.64 0.6 0.58 0.63 0.6100000000000001 0.61 0.53 0.5800000000000001 0.5900000000000001 0.53 0.5900000000000001
0.71 0.53 0.6699999999999999 0.5700000000000001 0.5599999999999999 0.59 0.64 0.64 0.53 0.6300000000000001 0.61 0.53 0.6100000000000001 0.6399999999999999 0.6 0.5800000000000001 0.6 0.5700000000000001 0.53 0.57
0.71 0.54 0.5700000000000001 0.5599999999999999 0.5800000000000001 0.54 0.53 0.53 0.6500000000000001 0.56 0.58 0.5399999999999999 0.57 0.6 0.58 0.6 0.65 0.5900000000000001 0.59 0.5900000000000001
0.71 0.5700000000000001 0.61 0.64 0.64 0.53 0.6200000000000001 0.53 0.63 0.6500000000000001 0.5900000000000001 0.55 0.58 0.55 0.6 0.61 0.53 0.54 0.62 0.64
0.71 0.65 0.59 0.5900000000000001 0.6599999999999999 0.5800000000000001 0.58 0.63 0.59 0.5700000000000001 0.53 0.6 0.53 0.6100000000000001 0.5700000000000001 0.5900000000000001 0.59 0.5700000000000001 0.7 0.53
0.71 0.53 0.53 0.53 0.6199999999999999 0.53 0.58 0.65 0.57 0.5900000000000001 0.58 0.6 0.5900000000000001 0.5799999999999998 0.61 0.64 0.6199999999999999 0.63 0.64 0.53
0.71 0.5800000000000001 0.63 0.61 0.56 0.6 0.5900000000000001 0.58 0.5900000000000001 0.65 0.5700000000000001 0.58 0.54 0.55 0.54 0.5399999999999999 0.62 0.53 0.5700000000000001 0.53
0.71 0.54 0.5700000000000001 0.53 0.5599999999999999 0.54 0.6300000000000001 0.53 0.5700000000000001 0.6 0.62 0.53 0.5800000000000001 0.65 0.65 0.5900000000000001 0.53 0.53 0.53 0.54
0.71 0.5599999999999999 0.53 0.5599999999999999 0.6199999999999999 0.6300000000000001 0.5700000000000001 0.5800000000000001 0.53 0.62 0.53 0.64 0.53 0.5700000000000001 0.56 0.5700000000000001 0.54 0.56 0.53 0.58
0.71 0.53 0.61 0.5599999999999999 0.6799999999999999 0.5800000000000001 0.56 0.5599999999999999 0.53 0.54 0.6199999999999999 0.53 0.6300000000000001 0.5900000000000001 0.55 0.53 0.53 0.5700000000000001 0.53 0.53
0.71 0.64 0.62 0.55 0.5599999999999999 0.54 0.55 0.59 0.58 0.6699999999999999 0.5900000000000001 0.65 0.5900000000000001 0.53 0.5900000000000001 0.58 0.6399999999999999 0.5599999999999999 0.53 0.5599999999999999
0.71 0.59 0.6300000000000001 0.5700000000000001 0.53 0.64 0.53 0.53 0.6000000000000001 0.53 0.6000000000000001 0.5900000000000001 0.68 0.58 0.5700000000000001 0.5900000000000001 0.54 0.62 0.5900000000000001 0.59
0.71 0.53 0.55 0.6 0.5399999999999999 0.63 0.5700000000000001 0.5700000000000001 0.5700000000000001 0.5700000000000001 0.6000000000000001 0.5900000000000001 0.5599999999999999 0.53 0.53 0.53 0.57 0.6199999999999999 0.6300000000000001 0.53
0.71 0.54 0.5700000000000001 0.53 0.55 0.62 0.5800000000000001 0.53 0.53 0.5599999999999999 0.6300000000000001 0.62 0.53 0.6 0.6100000000000001 0.5900000000000001 0.56 0.6 0.53 0.54
0.71 0.54 0.58 0.6100000000000001 0.54 0.58 0.54 0.6399999999999999 0.53 0.53 0.5900000000000001 0.53 0.5800000000000001 0.6 0.54 0.53 0.55 0.53 0.6 0.6500000000000001
0.71 0.53 0.5599999999999999 0.53 0.53 0.55 0.59 0.64 0.6 0.53 0.5599999999999999 0.53 0.5800000000000001 0.53 0.55 0.6100000000000001 0.63 0.6 0.55 0.57
