0.5845452222120597
0.5614048715361506
0.5656619181629132
0.598893238191889
0.6126854995719192
0.5154662984913344
0.5976193780733783
0.5468903435522486
0.5542698018665014
0.5489420126516447
0.5929467432614897
0.5460653543900894
0.6099277102703378
0.5099379082932143
0.5812351505267493
0.6056990628811719
0.5676235253412445
0.5788362864458234
0.5182582933028996
0.6162171137967241
0.5701428662270479
0.5946221501980026
0.5178379529270052
0.580592049885009
0.6454955323881095
0.5915193371103102
0.5938487867032788
0.5340502061150758
0.5616968484786302
0.5945444826524737
0.5587196165133838
0.5616506192007787
0.567577009560537
0.5403283325595262
0.5851197341257237
0.6300916938558188
0.5221451268513567
0.5700939265831706
0.5582276898350931
0.5348338810965332
0.5981475066029724
0.5844786147516945
0.5531403725602076
0.5659777453839718
0.6136903630238097
0.5326480046942148
0.5570395534552333
0.6085897765834634
0.5711038167951411
0.5374425136171571
0.5855075013858613
0.5832985055867618
0.5509303867995143
0.5865438728378836
0.5771386800337712
0.5800590610044255
0.6045658001177847
0.570194075934335
0.5125532673120144
0.5705444844918158
0.6198907448002832
0.5584533543858813
0.5706224478735508
0.5771726750903222
0.5912762879155141
0.558686535914848
0.5766320216268893
0.607909634476151
0.5613739075370912
0.6060173231633686
0.5466885827050169
0.5625710597010356
0.5385467623709642
0.595642036833488
0.5785188235820287
0.5891096476662621
0.588821231938867
0.5650759961237486
0.610600298022894
0.5297835367232836
0.5620616824078093
0.5775779585322195
0.6770819189237735
0.5095261647099111
0.5312927651567235
0.5899068724916919
0.5445582142555566
0.5408368791095283
0.6053190617823656
0.587838453653594
0.5814597318589153
0.6092484755538724
0.5094499332692376
0.5707840082806732
0.5907293480905128
0.5448742420208958
0.5405955704607551
0.5532242285470772
0.5767314949275415
0.5898179941034452
0.5886414054952552
0.5890478241525511
0.5728559775184003
0.5610040160353694
0.5458035252766787
0.552540125575308
0.5427625730283622
0.5812163029335246
0.5506331705948989
0.5485529746589345
0.5770981140194501
0.6005196845611591
0.5693729207886801
0.5423068973619022
0.5646347154879016
0.5558898690313724
0.5730547619744757
0.5262149945723081
0.5677397297447804
0.5686782043992754
0.5406115259802272
0.5444724861573552
0.5567896507451032
0.6139687034125834
0.5732205170728721
0.5648845842916742
0.5779160819176121
0.595672934856646
0.5574109092934513
0.5284039160279383
0.616857312516782
0.5242633933697067
0.5542640296241755
0.5452300991066134
0.5820597061570392
0.5532350378533845
0.5804809556870123
0.5409608430102429
0.5510890424082951
0.562641754859664
0.5577047317717527
0.5649074837914047
0.5856184584924908
0.5496407581077444
0.5419143536396313
0.5370808484953157
0.517124554007215
0.5748379032445559
0.614755047984287
0.5454060461962905
0.562307322823483
0.6019265620650598
0.6185816133877572
0.5303348113129027
