0.634 0.59  0.554 0.544 0.576 0.566 0.614 0.542 0.584 0.614 0.534 0.604
 0.61  0.576 0.572 0.568 0.61  0.588 0.608 0.56  0.508 0.604 0.598 0.598
 0.558 0.596 0.574 0.566 0.58  0.592
0.634 0.588 0.562 0.566 0.576 0.568 0.618 0.596 0.568 0.572 0.57  0.622
 0.588 0.554 0.578 0.576 0.536 0.586 0.614 0.612 0.542 0.556 0.608 0.594
 0.604 0.572 0.582 0.562 0.602 0.588
0.634 0.576 0.588 0.582 0.612 0.578 0.602 0.57  0.592 0.572 0.582 0.596
 0.6   0.58  0.59  0.574 0.586 0.588 0.606 0.584 0.594 0.584 0.58  0.574
 0.584 0.562 0.564 0.578 0.612 0.59 
0.634 0.582 0.588 0.572 0.576 0.564 0.508 0.524 0.572 0.542 0.586 0.58
 0.576 0.594 0.612 0.59  0.574 0.552 0.566 0.596 0.542 0.624 0.612 0.538
 0.592 0.588 0.582 0.58  0.564 0.562
0.634 0.58  0.592 0.6   0.564 0.55  0.55  0.566 0.546 0.584 0.534 0.584
 0.588 0.56  0.598 0.592 0.602 0.61  0.6   0.57  0.586 0.568 0.572 0.546
 0.56  0.592 0.602 0.564 0.572 0.572
0.634 0.582 0.594 0.524 0.596 0.578 0.596 0.586 0.578 0.562 0.582 0.56
 0.604 0.546 0.546 0.56  0.6   0.596 0.6   0.546 0.566 0.588 0.578 0.534
 0.536 0.568 0.59  0.6   0.58  0.562
0.634 0.598 0.576 0.584 0.588 0.602 0.6   0.574 0.58  0.568 0.602 0.594
 0.562 0.586 0.568 0.606 0.598 0.566 0.56  0.584 0.568 0.6   0.568 0.606
 0.594 0.594 0.534 0.59  0.616 0.538
0.634 0.57  0.578 0.546 0.586 0.588 0.588 0.614 0.574 0.572 0.576 0.586
 0.6   0.604 0.58  0.564 0.57  0.6   0.568 0.606 0.572 0.594 0.56  0.602
 0.62  0.604 0.59  0.59  0.576 0.568
0.634 0.588 0.61  0.576 0.604 0.592 0.54  0.576 0.614 0.598 0.554 0.578
 0.576 0.6   0.58  0.598 0.582 0.564 0.558 0.59  0.594 0.608 0.584 0.558
 0.602 0.594 0.584 0.584 0.546 0.534
