5.840000000000000746e-01
6.320000000000000062e-01
5.400000000000000355e-01
5.560000000000000497e-01
5.760000000000000675e-01
5.360000000000000320e-01
6.320000000000000062e-01
5.320000000000000284e-01
5.120000000000000107e-01
5.240000000000000213e-01
5.280000000000000249e-01
5.400000000000000355e-01
6.320000000000000062e-01
5.600000000000000533e-01
5.719999999999999529e-01
5.560000000000000497e-01
5.560000000000000497e-01
5.800000000000000711e-01
6.320000000000000062e-01
5.680000000000000604e-01
6.040000000000000924e-01
5.879999999999999671e-01
6.079999999999999849e-01
5.720000000000000639e-01
