0.5395333518583688
0.5166040623888104
0.6228156264525887
0.5856424129299023
0.5660116097947457
0.5579411564222241
0.5373676589699453
0.5827483417300943
0.5095745075577807
0.5463169260250847
0.5334356096241094
0.5992239058942324
0.5363638897105318
0.5302404223291446
0.5443442099736566
0.5486449996191265
0.5710459842470355
0.5337773448053602
0.5409870487820815
0.548443089479252
0.562626084839088
0.5172216804303325
0.5706510375175695
0.5523052578922165
0.5398323107542614
0.5598092633992613
0.5737551716173056
0.556741192630318
0.5437952787078999
0.6340224317415092
0.5679650008999714
0.5433503630155911
0.5791209008083746
0.5679183938994459
0.5951870578798603
0.5536990745618623
0.5311698291986083
0.5470367486506537
0.6379039946173205
0.5565806283972086
0.5873624500518142
0.5558198652545183
0.5636710333007532
0.5672956800539475
0.5176874244903105
0.543284144297694
0.5857412871741537
0.5717228690721436
0.6443513800707935
0.5459736280434855
0.5787097595257541
0.5299900140123898
0.582134965334071
0.5140002278296395
0.5944317992625412
0.5630323487586905
0.5599946125181833
0.5612607134297283
0.5579082903233357
0.570444935711741
0.550545523134037
0.5861158048919556
0.5616676346979107
0.6142768386357582
0.5331047383684425
0.6106661382143469
0.6117334402096188
0.5534391526514321
0.5813081515402686
0.5860404656481287
0.5323119921556343
0.5569653925985709
0.5781518637247695
0.5086801499480152
0.5307177660758627
0.5638409755337193
0.5366734879241557
