5.13382674 5.11303236 5.10557757 5.10029854 5.09425235 5.08575052
 5.07712181 5.06550068 5.05100808 5.05080653 5.04814863 5.04535046
 5.0440192  5.02334924 5.01562911 4.82817589 5.05232822 5.0743973
 5.07407198 4.86596655 4.90531959 4.91317633 4.90777033 4.86909159
 4.7872852  4.9830932  4.89805154 5.00759548 4.95105297 5.06621638
 4.92402884 5.03994882 5.00099337 5.00429832 4.97006173 5.03044981
 4.95810381 4.86397449 4.97464085 4.84434538 4.77612338 4.94022202
 5.11135014 4.98849157 5.1328703  5.01923324 5.08066886 4.73522276
 4.88958545 4.86352695
5.13382674 5.1328703  5.11303236 5.11135014 5.10557757 5.10029854
 5.09425235 5.08575052 5.08066886 5.07712181 5.0743973  5.07407198
 5.06621638 5.06550068 5.05232822 5.01119188 5.07959194 5.08043838
 4.91987241 4.98963698 5.07509738 4.88532498 4.95776293 5.00250411
 4.79970496 4.93434787 4.77345273 5.08958528 5.07159073 5.00769675
 4.71643433 4.89464361 5.06379917 4.98436162 5.13948188 5.08766017
 5.03907453 4.87341414 4.93989985 4.91291753 4.78138365 4.80927037
 4.69520482 5.07603987 5.13751811 4.71084198 4.89407303 4.77024098
 5.06449164 4.89058044
5.13948188 5.13751811 5.13382674 5.1328703  5.11303236 5.11135014
 5.10557757 5.10029854 5.09425235 5.08958528 5.08766017 5.08575052
 5.08066886 5.08043838 5.07959194 4.97385524 4.72948478 4.79882679
 4.90828973 4.96708853 4.88318461 5.03040655 5.04249908 4.88862464
 4.97825107 4.79212603 4.91384441 4.9728446  4.73417527 4.91952424
 5.00004914 4.75808428 4.88866744 4.91166019 4.88089649 4.88936047
 5.02021491 4.69242913 4.69165779 5.03772192 4.95401525 4.90573039
 4.96297413 4.86205443 5.01209732 4.95755862 4.99257612 4.87251157
 4.90775675 5.06751485
5.13948188 5.13751811 5.13382674 5.1328703  5.11303236 5.11135014
 5.10557757 5.10029854 5.09425235 5.08958528 5.08766017 5.08575052
 5.08066886 5.08043838 5.07959194 4.94462652 4.97101241 4.63193553
 4.88176487 5.05761091 4.98886266 4.99754539 4.9096501  4.89031575
 4.80242734 4.88086907 4.83405467 4.97659624 4.91361505 5.07138549
 5.0413603  5.03083987 4.91687254 4.94295414 4.84733304 5.08536997
 5.01181724 4.95354988 5.04380058 5.07867445 5.04849351 4.78628116
 4.89007592 4.91612992 5.06048105 5.06178092 5.06035975 4.72020421
 4.997343   4.89102408
5.13948188 5.13751811 5.13382674 5.1328703  5.11303236 5.11135014
 5.10557757 5.10029854 5.09425235 5.08958528 5.08766017 5.08575052
 5.08536997 5.08066886 5.08043838 5.03062131 4.98300132 4.71390162
 4.99327835 4.96562313 4.88827031 4.93572944 4.98220469 4.77787964
 4.75895144 4.9519211  4.91968553 5.00648578 4.95632708 4.75399715
 5.11539937 4.72673206 4.91473334 5.07194617 4.88767623 4.82926866
 4.96105038 4.9081243  4.89595918 4.85581212 4.9891358  4.68833471
 4.97622823 4.82700724 5.05897507 4.83108688 5.05741099 4.85841315
 4.89401276 4.89733022
5.13948188 5.13751811 5.13382674 5.1328703  5.11539937 5.11303236
 5.11135014 5.10557757 5.10029854 5.09425235 5.08958528 5.08766017
 5.08575052 5.08536997 5.08066886 4.79560086 4.95235068 5.07311962
 4.75617871 4.83634842 4.97769589 5.03941026 5.09303602 4.9646017
 4.97153336 4.7783655  4.73478795 5.01416145 4.93644343 5.04851257
 4.93430188 4.94001454 4.92827596 4.9420808  5.05617915 4.78944796
 4.96672459 4.80197085 4.6038957  5.06084816 5.02350387 5.01789795
 4.82872926 5.10525291 4.97569232 5.00429143 5.00637473 5.02882658
 5.01630864 5.03246678
5.13948188 5.13751811 5.13382674 5.1328703  5.11539937 5.11303236
 5.11135014 5.10557757 5.10525291 5.10029854 5.09425235 5.09303602
 5.08958528 5.08766017 5.08575052 4.87323247 4.93244238 4.83040111
 5.05681851 5.05775659 4.94339934 5.04579291 4.82447693 5.11754648
 5.06362287 4.92328414 5.02108539 4.78316611 5.00046173 4.95121676
 5.01418372 4.99674169 5.02983898 4.80419806 5.07648867 4.81169183
 5.01261535 5.04630635 4.83984356 4.91170103 4.88405764 5.07876935
 4.95420195 4.93858087 5.09294142 5.05356854 4.86407147 5.03474546
 4.98929699 4.94608917
5.13948188 5.13751811 5.13382674 5.1328703  5.11754648 5.11539937
 5.11303236 5.11135014 5.10557757 5.10525291 5.10029854 5.09425235
 5.09303602 5.09294142 5.08958528 5.02389048 5.0128636  4.67796509
 4.99983566 4.84793568 4.97861873 5.1336017  4.80716049 4.68208528
 5.05000632 4.6808995  4.97688033 5.03913265 5.10918135 5.02550978
 4.79978073 4.79051427 5.10006772 4.84838375 4.65634276 4.71478377
 4.9062992  4.87075486 4.98362266 4.86121728 5.06827014 5.02218455
 4.6869579  4.79845728 4.96666927 4.85544689 4.85881446 5.09961744
 4.97648919 5.04206667
5.13948188 5.13751811 5.13382674 5.1336017  5.1328703  5.11754648
 5.11539937 5.11303236 5.11135014 5.10918135 5.10557757 5.10525291
 5.10029854 5.10006772 5.09961744 5.02386501 4.9981077  5.10283687
 4.76985622 5.0386029  4.94007809 5.02992733 4.95743182 4.97629621
 4.91086721 4.95747735 5.00397037 4.94274462 5.06198075 5.03709602
 4.90517311 4.97848421 4.72043739 4.973294   4.7911582  4.98637957
 4.82421636 5.18030228 4.9962212  4.63620876 4.95202669 4.84906776
 4.86983968 5.02394604 5.01609687 4.89831647 5.0407338  4.90121711
 4.90118718 4.9587577 
5.18030228 5.13948188 5.13751811 5.13382674 5.1336017  5.1328703
 5.11754648 5.11539937 5.11303236 5.11135014 5.10918135 5.10557757
 5.10525291 5.10283687 5.10029854 5.04421579 4.88116417 4.7945833
 4.86763913 4.93833283 4.76081875 5.0015062  5.07426824 4.92434231
 4.75216571 5.01931115 4.99564093 4.81640362 4.93951768 4.84354052
 4.97549456 4.99207793 4.84460123 5.01095767 4.96369908 5.10760819
 4.86040694 5.10305163 4.79991625 5.05262871 4.8000755  5.00521531
 4.91701099 4.95692519 5.02905535 4.67116779 4.94112904 5.09783496
 5.07009842 4.79453684
5.18030228 5.13948188 5.13751811 5.13382674 5.1336017  5.1328703
 5.11754648 5.11539937 5.11303236 5.11135014 5.10918135 5.10760819
 5.10557757 5.10525291 5.10305163 4.87715553 4.98734017 4.91494459
 5.01847544 5.0118851  5.07519547 4.82236224 4.72200563 4.8338809
 5.00941605 4.92392049 4.90988284 5.14549205 5.04747648 4.94139489
 4.8295724  4.93136787 4.81135825 4.97606722 4.82450056 5.06346376
 4.73949943 5.01870479 5.08227098 5.03643645 4.67891741 5.09369695
 5.03534909 4.80664564 4.85886479 4.8517966  4.86217574 4.80854346
 4.9105781  4.98008622
5.18030228 5.14549205 5.13948188 5.13751811 5.13382674 5.1336017
 5.1328703  5.11754648 5.11539937 5.11303236 5.11135014 5.10918135
 5.10760819 5.10557757 5.10525291 5.05952348 4.96919618 4.91713053
 4.87508316 4.74197803 4.97596865 4.98079012 4.93013097 4.85404567
 4.84620592 5.06131529 5.03960041 4.84298643 4.98166053 4.9694247
 4.84722172 4.99382533 4.96517547 5.05081667 4.88402515 4.99121885
 4.93523588 4.97984947 5.09759678 5.00845675 5.02026635 4.83733756
 5.08096079 5.04728068 4.99068686 5.0318168  4.82993421 5.04685906
 4.85251151 4.97258485
5.18030228 5.14549205 5.13948188 5.13751811 5.13382674 5.1336017
 5.1328703  5.11754648 5.11539937 5.11303236 5.11135014 5.10918135
 5.10760819 5.10557757 5.10525291 4.89359031 5.02063928 4.78726175
 4.87633106 4.99268002 4.97644735 5.08828465 4.96404925 5.1232595
 4.88256131 4.70531069 4.66553726 4.82723735 4.89692051 4.73998825
 5.05681038 4.91614821 4.85134439 4.86892634 4.84849732 4.89060997
 4.93352538 4.80872886 4.95710795 4.86133299 4.77666195 4.9947344
 4.78616262 5.05549585 4.81669996 4.83212897 4.95336241 5.03282433
 4.9163553  5.05987818
5.18030228 5.14549205 5.13948188 5.13751811 5.13382674 5.1336017
 5.1328703  5.1232595  5.11754648 5.11539937 5.11303236 5.11135014
 5.10918135 5.10760819 5.10557757 5.03207391 5.04478367 4.86847337
 5.07097914 4.79925029 5.06191665 5.06926322 5.03889498 4.96243842
 4.83235819 4.86198208 4.83652413 5.03598048 5.0196642  4.88550127
 4.94014981 5.07513416 4.91675627 5.01302329 5.0491785  4.98752249
 5.04545716 5.06639049 4.92852024 5.06442963 5.00244915 4.90490618
 5.08993048 4.70498014 5.05551782 4.86406837 4.9219822  4.71232287
 5.07052196 4.93580627
5.18030228 5.14549205 5.13948188 5.13751811 5.13382674 5.1336017
 5.1328703  5.1232595  5.11754648 5.11539937 5.11303236 5.11135014
 5.10918135 5.10760819 5.10557757 4.97277451 4.96119766 4.96297621
 5.10150243 4.96998637 5.01557427 4.83765232 5.04286137 4.97734488
 4.9580537  5.04782858 4.83721673 5.07015101 4.97638127 4.78631002
 4.94749373 5.00104339 5.01973877 4.89634785 4.84646896 4.96387122
 5.00833555 5.0806812  5.07066546 4.96118223 5.03062545 4.90585514
 4.81127533 4.94892342 4.95322577 4.81459328 4.94174675 5.06448735
 4.86637698 4.99315473
5.18030228 5.14549205 5.13948188 5.13751811 5.13382674 5.1336017
 5.1328703  5.1232595  5.11754648 5.11539937 5.11303236 5.11135014
 5.10918135 5.10760819 5.10557757 4.72414045 5.01678305 4.79409616
 4.91922766 4.83300137 4.96709726 4.91931155 4.74709512 4.8653635
 5.00514975 4.91272975 5.01474314 4.94981159 4.81025508 5.10302637
 5.04928564 4.70184705 5.01685834 4.89903248 4.99523386 4.7544615
 4.92107778 4.87052177 5.05637828 5.0290138  4.84035291 5.00532536
 5.03224322 4.9078812  5.06336633 4.83347666 4.86258063 5.08321043
 4.91584961 5.0009953 
5.18030228 5.14549205 5.13948188 5.13751811 5.13382674 5.1336017
 5.1328703  5.1232595  5.11754648 5.11539937 5.11303236 5.11135014
 5.10918135 5.10760819 5.10557757 5.06612538 4.8846017  5.0430213
 4.99501611 5.02433389 4.94146266 4.83258468 4.98253135 4.99791237
 4.99169694 5.06349316 4.86073173 4.83512935 5.14394155 4.95901066
 5.0281767  4.92406989 4.83257997 4.95367157 5.06432476 5.08319286
 5.09740601 4.91128653 4.8075001  5.03218712 5.02529799 5.06368748
 4.96298359 4.96182543 4.94573664 5.03465089 5.06075184 4.98161434
 4.98130965 4.71514364
5.18030228 5.14549205 5.14394155 5.13948188 5.13751811 5.13382674
 5.1336017  5.1328703  5.1232595  5.11754648 5.11539937 5.11303236
 5.11135014 5.10918135 5.10760819 5.03816187 4.91673033 5.07428119
 4.92017066 4.99901435 4.87226725 5.03841916 4.96493587 4.97215785
 4.76310276 5.03365038 4.87009187 5.10374931 4.99519324 4.79552331
 4.87307046 5.05235544 4.93152924 4.88046844 4.97046025 4.69172569
 5.03488656 5.0290962  4.912319   5.05485979 4.96988133 5.06803083
 5.03435674 4.93610801 4.84260557 5.02264861 4.86006284 5.08320622
 5.01663519 5.06658918
5.18030228 5.14549205 5.14394155 5.13948188 5.13751811 5.13382674
 5.1336017  5.1328703  5.1232595  5.11754648 5.11539937 5.11303236
 5.11135014 5.10918135 5.10760819 4.77191553 5.1044265  4.85326638
 4.91510406 5.09540487 4.92333097 4.72738374 5.02051582 5.02210787
 5.09398623 5.07051361 5.04631927 4.84901362 5.02609794 5.0478143
 4.77939375 4.99422405 4.88573949 4.75194593 4.88182093 4.57624299
 5.01492069 4.66436569 5.10100819 5.01743427 4.99914088 4.98234749
 4.93802206 4.78806104 4.78459004 4.93179396 4.93493483 5.08015104
 4.95085668 5.01701406
5.18030228 5.14549205 5.14394155 5.13948188 5.13751811 5.13382674
 5.1336017  5.1328703  5.1232595  5.11754648 5.11539937 5.11303236
 5.11135014 5.10918135 5.10760819 4.85533603 4.70447475 4.98595741
 4.84817517 4.98618967 4.98906367 5.0424739  4.95171859 4.54545295
 4.88818418 5.0479585  4.99829466 5.00873162 4.79028988 5.07005703
 4.84648901 5.01674907 4.93971613 4.8346763  4.68058571 5.03809263
 4.86157596 4.88887931 4.93999675 4.79393173 4.94056308 4.70125797
 4.83249316 4.91130958 5.03249836 5.02240125 5.03584618 4.83200895
 4.89320222 4.8741492 
5.18030228 5.14549205 5.14394155 5.13948188 5.13751811 5.13382674
 5.1336017  5.1328703  5.1232595  5.11754648 5.11539937 5.11303236
 5.11135014 5.10918135 5.10760819 4.93815473 4.86459753 4.92428244
 5.05017804 4.98493391 5.05158779 4.89594772 4.90467297 4.92451957
 5.08180734 5.08500864 4.98085266 5.06455725 4.90951645 5.05200287
 4.82149335 4.98465125 4.91376927 5.04331789 4.96846272 4.87151105
 5.01157634 4.73802079 4.70350989 5.03479168 4.9558833  5.03570553
 4.74084477 4.74790601 5.070183   4.99408657 4.95470378 4.97065382
 4.68758628 5.04429238
5.18030228 5.14549205 5.14394155 5.13948188 5.13751811 5.13382674
 5.1336017  5.1328703  5.1232595  5.11754648 5.11539937 5.11303236
 5.11135014 5.10918135 5.10760819 4.92988944 4.62838416 4.79900694
 5.02343272 4.93558266 4.88175188 5.03490191 4.95211418 4.9570128
 5.05568942 5.004074   4.800864   5.10823103 5.00459527 4.72869263
 4.77078403 4.9340735  4.97396264 4.86121261 4.91160271 4.94867761
 4.87640295 4.92245812 4.84945701 4.95319475 4.80764156 4.81892235
 5.03853361 4.96712755 4.87540305 4.75191608 4.86629158 5.03756141
 4.69598601 4.99366183
5.18030228 5.14549205 5.14394155 5.13948188 5.13751811 5.13382674
 5.1336017  5.1328703  5.1232595  5.11754648 5.11539937 5.11303236
 5.11135014 5.10918135 5.10823103 5.02281547 4.89063768 5.04639002
 5.10563096 4.87356354 4.9400788  4.90274639 4.92666896 4.91351932
 5.06441983 4.77098028 4.80888608 4.87039093 4.9571687  4.96720969
 4.77049259 4.88465589 5.08685952 5.09095793 4.85586573 4.95790113
 5.00726137 5.02911896 5.11180375 5.06229134 5.0174754  4.88597562
 4.82756415 4.95939921 4.88353019 5.03882163 4.99097016 4.8011785
 4.97315879 5.0947016 
5.18030228 5.14549205 5.14394155 5.13948188 5.13751811 5.13382674
 5.1336017  5.1328703  5.1232595  5.11754648 5.11539937 5.11303236
 5.11180375 5.11135014 5.10918135 5.07375655 4.92482512 4.98702788
 5.11336145 4.86888773 4.99263277 4.74989929 4.88240756 4.86541394
 4.96935021 4.85311945 4.9588663  4.97578511 4.8243958  5.03491953
 5.07551701 4.99162356 4.84078543 4.79791261 4.98206683 5.07491468
 5.05888826 4.84629892 4.98975115 5.00404785 4.84307551 4.63428368
 5.12674766 4.86559361 5.05458741 4.87773267 5.07833021 4.99244983
 5.06042418 4.77685472
5.18030228 5.14549205 5.14394155 5.13948188 5.13751811 5.13382674
 5.1336017  5.1328703  5.12674766 5.1232595  5.11754648 5.11539937
 5.11336145 5.11303236 5.11180375 4.80112978 5.04038213 4.96153369
 5.01871338 4.86601223 4.84559012 4.94580341 4.97990222 5.02746715
 4.86432181 4.97906423 5.09585732 4.86860025 5.08248263 5.02639925
 5.07058278 4.93398352 5.04725978 4.92006851 5.00529266 5.11995558
 4.96070691 4.89569244 4.92741774 4.82326149 5.05673961 4.9712222
 4.96281996 4.95258974 4.95976088 4.91597794 5.05751203 4.78891073
 4.97026587 4.97922686
5.18030228 5.14549205 5.14394155 5.13948188 5.13751811 5.13382674
 5.1336017  5.1328703  5.12674766 5.1232595  5.11995558 5.11754648
 5.11539937 5.11336145 5.11303236 4.94611751 4.84408556 4.76631207
 5.04950239 4.94123457 5.03068877 4.97119989 5.04985577 4.94044605
 5.07443247 5.02005447 4.73882481 4.7105211  5.00034469 4.85654359
 5.05633327 5.00711191 4.86917599 5.00122735 4.9853571  4.91778565
 4.81802908 4.57272233 4.993271   5.14997982 4.83611841 4.7668083
 4.9952702  5.08542135 5.03068308 5.12182539 5.03308708 4.87363583
 5.02542332 5.01864582
5.18030228 5.14997982 5.14549205 5.14394155 5.13948188 5.13751811
 5.13382674 5.1336017  5.1328703  5.12674766 5.1232595  5.12182539
 5.11995558 5.11754648 5.11539937 5.01836224 5.00922282 4.95159861
 5.07601244 4.96689011 4.84328798 4.86639497 5.07516947 4.94301302
 4.81416545 4.94211849 4.82780251 4.92217371 5.03514537 4.98335557
 4.7806312  5.025168   5.03432566 5.01987604 4.9123826  4.9965413
 4.98786769 5.01117387 5.03381579 4.77723889 4.93642604 4.91505156
 4.74953424 5.02947896 4.89381989 4.91402834 5.00655124 4.85857167
 5.01428501 4.9764858 
5.18030228 5.14997982 5.14549205 5.14394155 5.13948188 5.13751811
 5.13382674 5.1336017  5.1328703  5.12674766 5.1232595  5.12182539
 5.11995558 5.11754648 5.11539937 4.9320826  4.92790418 5.06946921
 4.81151286 4.84020317 5.06466967 4.88485299 5.02611656 5.06675444
 4.95981592 4.97211497 4.86621832 4.96027508 4.97831573 5.01438178
 5.0526125  4.99446889 5.07594183 5.10966752 4.88732636 4.93138817
 4.97739058 5.15210912 5.00781374 4.91286112 4.94352202 4.84817226
 4.99147166 4.80568498 5.13165809 5.00939011 4.99279273 5.00941834
 5.0072652  4.95566863
5.18030228 5.15210912 5.14997982 5.14549205 5.14394155 5.13948188
 5.13751811 5.13382674 5.1336017  5.1328703  5.13165809 5.12674766
 5.1232595  5.12182539 5.11995558 5.0965498  4.8078112  5.08253747
 5.08935426 4.87615299 5.03254443 5.00529254 5.00271024 4.93382321
 4.83915715 5.02893044 5.05308757 4.92125328 5.09131377 4.98961563
 5.09537335 4.99127356 4.96483363 5.06391173 5.03843522 4.98724365
 5.03740866 5.03019942 5.03665738 4.8574266  5.0279487  4.60309115
 4.88011766 4.73969629 4.9820117  5.05246723 5.07300319 4.84317567
 4.90018924 4.96936962
5.18030228 5.15210912 5.14997982 5.14549205 5.14394155 5.13948188
 5.13751811 5.13382674 5.1336017  5.1328703  5.13165809 5.12674766
 5.1232595  5.12182539 5.11995558 4.78865248 5.04866762 4.81667912
 4.6672457  4.9140098  4.97606509 4.82841604 5.01357677 4.92016633
 4.95351491 4.9545639  5.00380392 4.87796384 5.08278507 4.98657533
 4.9750532  4.86447616 4.73073618 5.08263624 5.02162838 4.74236843
 4.98329808 4.8751527  5.04068213 4.98365105 5.07266578 4.81725865
 4.97369106 4.78765756 5.01925027 4.99601014 4.93837584 5.02737537
 5.01084247 4.99460478
5.18030228 5.15210912 5.14997982 5.14549205 5.14394155 5.13948188
 5.13751811 5.13382674 5.1336017  5.1328703  5.13165809 5.12674766
 5.1232595  5.12182539 5.11995558 5.00885669 5.01188497 5.0334552
 4.84849819 4.98032172 5.06393004 4.80474237 5.08526477 5.12500947
 5.00176772 4.84509675 5.00123005 5.03531608 4.88110735 4.98113238
 4.84093907 5.07610225 4.85089609 4.86152088 4.89039471 5.10144138
 5.07793045 4.78777998 5.04036286 4.98444392 5.03570376 5.03270844
 5.11268907 4.98587722 4.90735547 5.0351839  4.78663057 4.91220353
 5.04968635 5.00801175
5.18030228 5.15210912 5.14997982 5.14549205 5.14394155 5.13948188
 5.13751811 5.13382674 5.1336017  5.1328703  5.13165809 5.12674766
 5.12500947 5.1232595  5.12182539 4.98689237 4.9987057  4.7766837
 5.03459739 4.91196342 5.06235467 5.05036185 5.04257334 4.89475246
 5.10437758 4.78407381 5.0354533  4.92919764 5.1071976  5.03056227
 5.00988469 4.96055504 4.99156765 4.96930677 4.97670841 5.11867888
 5.05074452 5.02057582 4.73875427 4.95789078 5.00264565 5.08427391
 5.00500846 5.0835291  4.9548218  4.84318784 5.11832277 4.97990223
 4.95206453 5.08426275
5.18030228 5.15210912 5.14997982 5.14549205 5.14394155 5.13948188
 5.13751811 5.13382674 5.1336017  5.1328703  5.13165809 5.12674766
 5.12500947 5.1232595  5.12182539 5.00518488 4.90157961 4.80086489
 5.09429371 5.0113169  5.10632588 5.12717974 4.79497915 4.9476204
 5.05922688 5.04188278 5.02730537 5.12843701 4.99972362 4.97297803
 4.86353978 5.04866611 5.10555729 4.7229411  4.9484705  5.03724204
 4.98336252 5.16321845 5.03398826 4.80875846 5.04717512 5.02908624
 4.86446023 5.02239402 4.68313285 4.80166319 4.97595557 4.97899733
 5.01228361 4.98592047
5.18030228 5.16321845 5.15210912 5.14997982 5.14549205 5.14394155
 5.13948188 5.13751811 5.13382674 5.1336017  5.1328703  5.13165809
 5.12843701 5.12717974 5.12674766 5.10326432 4.93313448 5.03852642
 5.02960854 5.08922109 5.0537524  5.02629022 5.1683304  5.02776399
 5.06839891 4.83334468 4.99273172 5.05411643 5.01328674 4.90206177
 5.01180021 4.80643752 4.76751495 4.83284642 4.98524271 4.85256525
 5.13399107 5.10416179 4.91006532 4.96342573 4.89122143 4.99819745
 4.79740049 4.96872501 4.71326142 5.09408594 4.93898126 4.84448729
 4.95592075 5.02662414
5.18030228 5.1683304  5.16321845 5.15210912 5.14997982 5.14549205
 5.14394155 5.13948188 5.13751811 5.13399107 5.13382674 5.1336017
 5.1328703  5.13165809 5.12843701 4.9296865  4.88532009 4.80767709
 5.11341213 5.10826423 4.98828543 4.92922085 5.12067463 4.66986231
 5.0702107  5.10377773 5.05008063 4.93225692 4.8556335  5.01319631
 4.98833557 4.91013828 5.04982801 5.03484411 4.88903237 5.04961664
 5.0647265  5.07321827 5.05124464 4.82987863 4.89965872 4.85588575
 4.78248965 5.02395162 4.90582848 4.89391013 5.13896905 4.82555528
 5.08363591 5.13509364
5.18030228 5.1683304  5.16321845 5.15210912 5.14997982 5.14549205
 5.14394155 5.13948188 5.13896905 5.13751811 5.13509364 5.13399107
 5.13382674 5.1336017  5.1328703  5.0462497  4.98885803 4.86988763
 4.97920456 4.89388658 4.84865101 4.87837649 4.89157451 4.91327579
 4.79211081 4.85039126 4.95807013 4.92622452 5.04924044 5.02940264
 5.10755024 4.94159888 5.03058953 4.90127617 5.00060484 4.80756376
 4.92338394 4.98284892 5.06815033 4.82126752 4.97415803 5.13660369
 5.04222059 4.91542872 5.03742001 5.07492098 5.03521956 5.04900736
 4.97344055 4.96940419
5.18030228 5.1683304  5.16321845 5.15210912 5.14997982 5.14549205
 5.14394155 5.13948188 5.13896905 5.13751811 5.13660369 5.13509364
 5.13399107 5.13382674 5.1336017  4.93546555 4.97138366 4.95864878
 5.05289655 4.90703454 4.93370162 4.89308276 4.91529538 4.89951435
 5.0301566  5.00245484 5.02759136 5.0987989  5.10362686 5.08906466
 4.97952675 5.07263676 4.89660717 4.9303667  5.01244782 4.85078195
 4.83721013 4.79434011 5.05428817 4.95858896 5.12534116 5.02459164
 5.01699106 4.83924562 5.09803829 5.02999588 5.05252291 4.96166123
 4.7950865  4.88942086
5.18030228 5.1683304  5.16321845 5.15210912 5.14997982 5.14549205
 5.14394155 5.13948188 5.13896905 5.13751811 5.13660369 5.13509364
 5.13399107 5.13382674 5.1336017  4.93844983 4.99476792 5.00950654
 5.05514282 4.9478212  4.8389676  5.02003885 5.04569398 4.85164623
 5.00861258 4.95534276 5.0045121  4.95425479 4.90833094 4.95535368
 4.99367333 4.81765172 4.89700752 5.08543392 5.03745139 4.87877941
 5.12301347 5.07859511 5.01406532 5.00413168 5.03616447 5.09852478
 4.73268059 5.06826738 4.83813918 4.99758367 4.98220403 5.02133328
 4.85683546 4.92229038
5.18030228 5.1683304  5.16321845 5.15210912 5.14997982 5.14549205
 5.14394155 5.13948188 5.13896905 5.13751811 5.13660369 5.13509364
 5.13399107 5.13382674 5.1336017  4.91458011 4.77617635 4.93541237
 5.08701341 4.73859792 4.91300393 4.71634973 4.92438458 4.87009939
 4.91404022 4.88895311 4.982007   5.0545185  5.06447605 4.98743064
 5.09762329 5.07018797 4.9490284  4.92704814 4.87740326 5.07041553
 5.00871227 4.80014671 4.86150795 4.99806318 4.7863192  4.82450123
 4.89713324 5.0170952  4.87746305 4.99530217 5.02806433 4.8060662
 5.07234973 4.98816869
