[0.6126855  0.59294674 0.54606535 0.60992771 0.50993791 0.58123515
 0.60569906 0.56762353 0.57883629 0.51825829],
[0.6126855  0.56169685 0.59454448 0.55871962 0.56165062 0.56757701
 0.54032833 0.58511973 0.63009169 0.52214513],
[0.63009169 0.55703955 0.60858978 0.57110382 0.53744251 0.5855075
 0.58329851 0.55093039 0.58654387 0.57713868],
[0.63009169 0.59127629 0.55868654 0.57663202 0.60790963 0.56137391
 0.60601732 0.54668858 0.56257106 0.53854676],
[0.63009169 0.67708192 0.50952616 0.53129277 0.58990687 0.54455821
 0.54083688 0.60531906 0.58783845 0.58145973],
[0.67708192 0.58864141 0.58904782 0.57285598 0.56100402 0.54580353
 0.55254013 0.54276257 0.5812163  0.55063317],
[0.67708192 0.56773973 0.5686782  0.54061153 0.54447249 0.55678965
 0.6139687  0.57322052 0.56488458 0.57791608],
[0.67708192 0.58048096 0.54096084 0.55108904 0.56264175 0.55770473
 0.56490748 0.58561846 0.54964076 0.54191435],
