0.6036366561145553
0.5855877849115096
0.5890691221667735
0.5823560401539709
0.6131488326887291
0.58883836738978
0.5676673659209557
0.5369954827671449
0.5441676820389967
0.5341764247692912
0.5695561495190616
0.5586746714133577
0.5617714402322267
0.543405271923349
0.5730072973626616
0.5699760116449087
0.6221051240388553
0.5644909928189978
0.5776955452918487
0.5536156930467644
0.5626131062679693
0.5694201718694737
0.5331426537023897
0.5772091259357287
0.5691432893033158
0.5447330972352872
0.5762158727851893
0.5761092536856016
0.5505505694919084
0.5774482921169021
0.591676825833315
0.5504868920352438
0.5698944888654878
0.5681556562604492
0.5644593327417456
0.5881476256263569
0.5344016461318506
0.5686040972281508
0.6097382317056227
0.5456826086904367
0.5741582998961238
0.5715843700760651
0.6017991928384507
0.584532761381877
0.6124313205128595
0.6295057997211346
0.5654997925908533
0.5588315755174453
0.5620216355492245
0.5203891450826772
0.512127763294035
0.5709369659382278
0.5973150048360522
0.6002161235418688
0.6095387856131296
0.5688933771893397
0.533806883973576
0.5488707806498941
0.5374171847778527
0.6002788078270647
0.5158341609548556
0.609009857222774
0.61624215227057
0.5653607846276507
0.6212660678350058
0.633944792670148
0.6420923197232402
0.5750779291134895
0.5554046597180702
0.5572324976684103
0.5614961001463287
0.5523254163082654
0.5848285653942598
0.5699453035809618
0.5489326121810768
0.5918179440514331
0.5514961374119951
0.5281980909707302
0.5887975655415039
0.5375241079807218
0.5924703022311826
0.5491504800421452
0.582066069751318
0.5894991394342151
0.5157220650887193
0.5492331797368061
0.5122135779718742
0.5716589665340595
0.5758006517742489
0.6340576737651675
0.583757578447761
0.5164303953703524
0.559259516124059
0.6118153721782993
0.5566892816945803
0.5445904915297748
0.5554287172110918
0.5545540738679743
0.5750837023790516
