6.080000000000000959e-01
5.720000000000000639e-01
5.120000000000000107e-01
5.440000000000000391e-01
5.999999999999999778e-01
5.680000000000000604e-01
6.080000000000000959e-01
5.640000000000000568e-01
5.600000000000000533e-01
6.360000000000000098e-01
5.760000000000000675e-01
5.840000000000000746e-01
6.360000000000000098e-01
5.720000000000000639e-01
5.640000000000000568e-01
5.520000000000000462e-01
5.960000000000000853e-01
5.480000000000000426e-01
6.360000000000000098e-01
5.480000000000000426e-01
5.400000000000000355e-01
5.400000000000000355e-01
5.640000000000000568e-01
5.960000000000000853e-01
6.360000000000000098e-01
5.680000000000000604e-01
5.400000000000000355e-01
5.640000000000000568e-01
5.280000000000000249e-01
5.400000000000000355e-01
6.360000000000000098e-01
5.080000000000000071e-01
5.400000000000000355e-01
5.640000000000000568e-01
5.480000000000000426e-01
5.680000000000000604e-01
6.360000000000000098e-01
5.400000000000000355e-01
5.839999999999999636e-01
5.200000000000000178e-01
5.839999999999999636e-01
5.920000000000000817e-01
6.360000000000000098e-01
5.759999999999999565e-01
5.240000000000000213e-01
6.040000000000000924e-01
5.800000000000000711e-01
5.520000000000000462e-01
6.360000000000000098e-01
5.760000000000000675e-01
6.039999999999999813e-01
5.240000000000000213e-01
5.760000000000000675e-01
6.280000000000000027e-01
6.360000000000000098e-01
5.560000000000000497e-01
5.560000000000000497e-01
5.720000000000000639e-01
5.840000000000000746e-01
5.639999999999999458e-01
