0.61678013 0.55120668 0.58198446 0.53947758 0.52362713 0.54889017
 0.5605904  0.54469953 0.57975345 0.59181845 0.60810577 0.59838026
 0.54617327 0.56353551 0.56993329 0.53766427 0.55184843 0.5256316
 0.60247277 0.56156511 0.50988918 0.58717523 0.56472736 0.5921417
 0.57693505 0.53645143 0.5731199  0.55354029 0.61136407 0.59514906
0.61678013 0.58140353 0.55178652 0.58839251 0.56676685 0.52942232
 0.54688988 0.5724372  0.55713074 0.575196   0.53782082 0.56479367
 0.59674658 0.51441384 0.60587224 0.61850206 0.58609549 0.52930878
 0.53000478 0.51824432 0.55320941 0.55486581 0.6232091  0.60259164
 0.55689228 0.54003333 0.58329058 0.56564903 0.51482782 0.54566866
