4.851837981497564
4.771603083988535
4.842337192607743
4.6851024715841065
5.014914182140904
4.942465343841901
5.017075526467035
5.022553455817419
4.764210627842618
4.797725482703993
5.00372370680697
4.7339876598499995
4.924581459472898
4.820301703102052
4.896352224360649
4.861152961496732
4.931009957868233
4.917282015742869
4.834780677273042
4.853347210145615
4.8749673751885485
4.900414743140088
4.9745090248362605
5.066089498033043
4.880537476018671
4.985424163165297
4.779821277093877
4.90048430989115
4.916897283951105
4.803662800594935
4.949340749089069
4.865116119338997
4.88521403632981
4.91643226878959
4.8835689714971995
4.804965318055766
4.893196827478067
4.821203504504852
4.939936223179862
5.015928265607689
4.821025585115155
4.779331690193065
4.933671433602526
4.886509383789462
4.859799747323061
4.79003570479569
4.8832921963433416
4.990288296236736
4.917673868316691
5.032949247705472
4.7872897975805495
5.04344275185131
4.762162354545571
4.966101873531909
4.985643785674149
4.811222372921881
4.761885367254027
4.802108153692755
4.7855025486044624
4.867994701793748
4.817964195916871
5.059185035299153
4.998870488939903
4.883756941997255
4.9345417048524185
4.981906936834075
4.827065535350295
4.905294002809385
4.899517949300407
5.008521252733602
