0.61868117 0.5750895  0.53814566 0.57473469 0.56248167 0.55927977
 0.58490262 0.53701018 0.55974678 0.54503338
0.61868117 0.55880894 0.58376273 0.59955016 0.53714558 0.60298604
 0.55614588 0.54145058 0.58183819 0.60051008
0.61868117 0.58222708 0.5195359  0.61609349 0.62284223 0.51537853
 0.59801106 0.53584866 0.53689099 0.58552543
0.62284223 0.57893501 0.60209626 0.62163093 0.56596392 0.55839677
 0.52193324 0.57508497 0.60187902 0.56685273
0.62284223 0.55894803 0.51744372 0.61158954 0.60598532 0.55018855
 0.57074142 0.60552544 0.58339412 0.53647461
0.62284223 0.57909973 0.54641793 0.57870475 0.5923074  0.5470181
 0.51067066 0.64727335 0.5560077  0.56089997
0.64727335 0.57315505 0.57810767 0.59324824 0.51522831 0.59270085
 0.61248059 0.58948399 0.56580775 0.54421128
0.64727335 0.56353026 0.5961369  0.58934435 0.60608069 0.57779593
 0.57640538 0.57415208 0.52986829 0.59183142
