0.5227564585834148
0.5785685761532008
0.5711322683688264
0.5190877858041946
0.5185368284452779
0.5990677283082335
0.5667265436776032
0.53085649774544
0.6029612218852725
0.5750979655208782
0.5511382708367106
0.5464523878275344
0.5186356890172386
0.5630898420105749
0.5953460845395268
0.5104216635597291
0.5587861605383513
0.5385783009608672
0.5506973138002714
0.6149549040060748
0.5590170956663992
0.5942825396271699
0.5623133633649811
0.5710236585687904
0.54265873727153
0.5903869693503606
0.5547104028858121
0.5899292142794657
0.5104255896588534
0.5703704110483345
0.6140591186169229
0.5668917856984944
0.5827524323668023
0.5751556536085168
0.5699340581530342
0.6098216022218159
