0.42133518583688423
0.2344062388810362
0.4235626452588759
0.2942412929902131
0.3711609794745808
0.34911564222240815
0.2557658969945339
0.39283417300941037
0.3314507557780598
0.3866926025084729
0.294560962410936
0.4683905894232305
0.2423889710531811
0.4000422329144506
0.6164209973656578
0.5394999619126507
0.42459842470354037
0.3787344805360118
0.27170487820815
0.232308947925192
0.3946084839088024
0.2721680430332389
0.3851037517569394
0.6135257892216497
0.5302310754261389
0.5029263399261203
0.3635171617305574
0.24211926303179718
0.5245278707899813
0.3982431741509099
0.636500089997132
0.44103630155910795
0.4820900808374675
0.5498393899445834
0.5227057879860342
0.3769074561862213
0.4739829198608228
0.46767486506535916
0.3773994617320539
0.5900628397208549
0.4512450051814259
0.5169865254518251
0.5501033300753279
0.5225680053947445
0.37974244903104154
0.4704144297694
0.344128717415371
0.5592869072143775
0.2171380070793579
0.33236280434854115
0.3879759525754055
0.3020014012389728
0.3774965334070987
0.3880227829639473
0.3791799262541171
0.4682348758690432
0.558461251818319
0.27707134297282726
0.3628290323335663
0.36949357117409964
0.39355231340370533
0.3425804891955664
0.3957634697910676
0.3746838635758039
0.27747383684424515
0.42461382143469517
0.5273440209618807
0.3239152651432059
0.29881515402685244
0.3690465648128713
0.18419921556343485
0.27253925985708083
0.4131863724769379
0.2570149948015156
0.41477660758627327
0.5660975533719206
0.3323487924155723
