0.4403500513110076
0.3640361618146012
0.5847934683632624
0.24133454935677107
0.5193862164325487
0.33905386567690726
0.3996306808266745
0.22480439632792612
0.4023251533820967
0.38990973048787547
0.4089505135824088
0.38893359684173856
0.22668781794537504
0.3843045957698945
0.3589812094223439
0.39732058239700363
0.40566201931942925
0.2806589682145441
0.4337773486387309
0.27937441672745245
0.39532730722393317
0.26299444317522797
0.3653415902352145
0.42273916251690796
0.44638093013860214
0.33637343045775475
0.273698409790299
0.3545867531921522
0.4288112457876609
0.5695670400233227
0.4141313198209423
0.2185701319957172
0.3658786099918942
0.43784078707916085
0.45611076697293884
0.36747910295190006
