0.29129641236661696
0.3787231556535013
0.7393889079033676
0.27197283896525937
0.32702061382796227
0.40421718879800383
0.45556273607807124
0.6294329502087143
0.30244620974343767
0.26580006495998904
0.43777737782214554
0.48880064889010194
0.6299315451239714
0.3220513968467421
0.2473640298421128
0.5133966763316697
0.48435066372525387
0.6289891311914523
0.3426517966088773
0.3238680645286326
0.4476253581085926
0.5851629167037471
0.34039025657121796
0.33576131616102234
0.4824493660536069
0.3568681501842587
0.5865732783797942
0.3448007011349897
0.3080355026133459
0.4480023211187745
0.3969481233711607
0.5607427052656491
0.3406747946824992
0.3071526568702822
0.45133138053113253
0.39257850947675665
