0.4575480712021692
0.377829665588399
0.356357940799107
0.39616599136289227
0.17763276131371736
0.4358055734703304
0.6634997075314141
0.2450960746610218
0.3299173728611413
0.6357973127755349
0.4253779686968319
0.4421803828543664
0.4417292982501143
0.2647357493717654
0.2170945317831687
0.4706624603392278
0.5151648663609695
0.34441935266078444
0.5053372043582179
0.4542515781900421
0.4865660236701715
0.5825294302394463
0.29393708828849274
0.22371442354774002
0.6710177893623702
0.5181214603309682
0.3079187514039859
0.44580345501016444
0.4406375847074979
0.3642926582095496
0.5550692521816663
0.35348944924005216
0.5446793662040791
0.37953634001399383
0.2073447008644734
0.43892888402682195
0.5304266811106407
0.44721210908371845
0.44988983968244767
0.6060924899967227
0.2905461067397648
0.611394010141045
0.4943584409593085
0.20564261410079815
0.3683309731086474
0.4612092217018077
0.39144603017309515
0.2848388393004886
0.49991151833163283
0.42695137063442007
0.3882623390033336
0.25293922376746447
0.32087831892162755
0.42958000947874386
0.6765098073132028
0.43227459952293745
0.3290870066219747
0.4912371112872357
0.4236389026345027
0.34425072891540165
0.36646814871057637
0.2949077461938311
0.37223377011533015
0.5610912164892503
0.31780373016727653
0.4557210063507948
0.6312596065747059
0.2442125267102852
0.5946249758525555
0.7624329783807009
0.4169883117260596
0.23623414892034234
0.33574050635541797
0.30006803100760426
0.45509285906652175
0.5626491986484188
0.25409332758052094
0.5228419211878438
0.7818786239952179
0.3237158338378447
0.3544565379036118
0.29373401954448874
0.3445487883075076
0.5784109278903856
0.2992145644954159
0.18945197918054896
0.5022968958074328
0.2359874120478707
0.25677152824238897
0.30029009065990825
0.4622221482484345
0.40572618353735185
0.4104477834204036
0.31172222404474087
0.1858518700351259
0.5059738925169636
0.19780904916500275
0.22899614873955376
0.2921530400616908
0.4466844399565169
0.4474730259990608
0.26230692583208143
0.3584002251858875
0.36959510202758167
0.30355077900535826
0.45712832506701784
0.39701581482144
0.6983510894096329
0.3502104787073781
0.4995517803770904
0.3165604926440414
0.36341392462469224
0.3635409052402451
0.35847529956996915
0.45153865710200897
0.38595376567374207
0.7029704652432913
0.3663070528120842
0.4205356510976932
0.26464039003518913
0.48160371661211426
0.29379202567073653
0.32874551140560315
0.33871395773238394
0.35213250749558794
0.5724810311110115
0.3179383821320217
0.5444656934931237
0.27796796678232377
0.4885907359876439
0.25687001605210497
0.2971333913463008
0.27768506740942306
0.39401415859911
0.5222756353409908
0.30618561970717767
0.5036314540721837
0.2754924872754598
0.3862228258894135
0.4417814790219005
0.25735216004909706
0.30768773674381933
0.3823177511337868
0.6720909198392334
0.3903464943898932
0.5414365336038364
0.37455315054822297
0.38264893085191776
0.4546547638711326
0.2538719344946555
0.26256081986121066
0.38746138600889823
0.5043849110850189
0.3381214561778504
