0.24812535771041608
0.2996171554552436
0.23278948065018168
0.25045489472664106
0.13550206150403515
0.4298336388382688
0.3009035488441186
0.26584441648154106
0.2056426838514925
0.2596979308228169
0.3491612231656717
0.31822231551956554
0.35352265328299237
0.2484883839728532
0.30359043910829553
0.3106615934260093
0.40006251223809386
0.3689204651372684
0.3311090259961927
0.3027550594121458
0.2005066391269862
0.6914860834970405
0.25767918407406515
0.17269725678166645
0.3381622203262501
0.4022460866802461
0.4712368816814179
0.19896395298013606
0.3077645750682205
0.1818585196297947
0.276510052541676
0.11616109313251258
0.22050078193263858
0.36081550702677945
0.3642046039032265
0.3413598914357432
0.1822415621076507
0.32695972343618024
0.32910442388721595
0.32639446922078597
0.28279404167516925
0.2509167147545754
0.29843442940140025
0.23616369445176705
0.20842566093382245
0.22853214235397587
0.2320346988929057
0.22895207956816468
0.15328108488672512
0.21197834081986267
0.3378397077430052
0.28917478248520767
0.4013318208616584
0.304903640103947
0.34698137452135763
0.23405254114318347
0.17659713639289323
0.3666706870703126
0.3093406581020075
0.27672655761979076
0.13228104012997857
0.2451024334757019
0.43118294276882113
0.5150306111298856
0.41247154305253225
0.2849557270292067
0.29560349919060164
0.2616868913248747
0.4152853374919763
0.30226215630975445
0.1732755157451889
0.5012472155074209
0.33403098252215807
0.4103725990615325
0.3792918214685302
0.34337268788901415
0.2428359862618683
0.23729607163573405
0.39378634303616256
0.3661377299411014
0.2856840937798364
0.24784915822620443
0.553469017186082
0.28170952759434936
0.26550083475032743
0.5012435364893357
0.28187192528562194
0.22713940636098917
0.2822977577979863
0.3534903080736217
0.3338450482977588
0.6320781340539326
0.3093221654061169
0.18979607957675335
0.4397151089344804
0.3110394343762648
0.370219130204849
0.3449283896366741
0.31868638295317836
0.22775425278520814
0.23729150516229863
0.3511858092511019
0.49042739354960124
0.2448177071154127
0.5448232077845077
0.2263622270547391
0.3369518033516247
0.27845205735237355
0.30718720470254945
0.3221781862435124
0.2489190570478269
0.2695686555007116
0.2802379598722171
0.3485144095651721
0.4147554501533813
0.3980876448701234
0.3882080156681284
0.24281355164866864
0.3347522202768364
0.3718830190482347
0.34124178150385215
0.5160407297839498
0.42981984008225527
0.3922943763562763
0.3450616740518005
0.36313980691334297
0.4483032060460703
0.34805402592153967
0.4062546937900115
0.3898811110082538
0.2838029122849557
0.22813056028615816
0.2556922077249721
0.3249096281683998
0.26887606462823993
0.3217141759720594
0.38023735240804624
0.19154491637418097
0.44827458211720383
0.20805607208526092
0.41138033553241693
0.3507276491931238
0.23763786886797533
0.3888365731126532
0.23743133987396725
0.2933111924795348
0.39031128755269395
0.3166704043801039
0.29966609767593827
0.283019553534085
0.4310169739621133
0.2103002231570723
0.26076680363529714
0.3152499739882381
0.27797100201756614
0.25400348041559245
0.46627353041116215
0.2920098392702545
0.258154718863017
0.3825772538340033
0.2799120121914109
0.39182852307887633
0.18984421201718377
0.44695094166759364
0.3309441554835786
0.4496310321819743
0.3146931238996678
0.2901079940697414
0.3966009644417534
0.3410233229615499
0.489077237722763
0.2461046226097018
0.31940225391890326
0.23335960102246645
0.3499116091921179
0.196499410425882
0.46632951328756955
0.316533218660703
0.2692174347516496
0.12927156759383782
0.47172817603256406
0.43646822033348714
0.30371083164439944
0.19733566922580287
0.3194301573076531
0.2916576598624842
0.571128715736744
0.36185122710252526
0.3748713507368542
0.3266611860834201
0.2565173767932956
0.16318026624654994
0.2258279256396438
0.23156056592509136
0.45839968781903623
0.4621681631254257
0.5375200758302149
0.2507121113771254
0.2890345406796953
0.3829625380402279
0.337790899000651
0.214196190559538
0.3302755401163019
0.21411792402104513
0.5071850835047644
0.4550066937434801
0.553145871299999
0.4714862473363942
0.3847057798661941
0.4290929894730246
0.31410268772065075
0.23114488610887884
0.5748967758586749
0.3024918229683674
0.4413588371676325
0.517401731584359
0.24182104704314686
0.25435647877129564
0.1740775714197802
0.22871294710496118
0.406434505491301
0.33834454161374783
0.2158015249774194
0.2957672173370452
0.36660203822195014
0.3032118073619161
0.21833620772940307
0.307167471657596
0.1730410551237076
0.2596746308030064
0.24693334786744986
0.34666826646153776
0.24542580664151753
0.3658945141855503
0.23109212671744536
0.20075042693884446
0.25451274233111604
0.4190566767165587
0.43590917169933274
0.28567239852748166
0.28762766654921523
0.36383410883470396
0.2719052549956376
0.21019895209993747
0.2739559312084486
0.3520861507869678
0.2978475415612402
0.39601501492410407
0.24668061647897313
0.36954590316893793
0.26104757417402896
0.4511823518406298
0.25690033916739374
0.17828496154235762
0.22305766867557003
0.39828440919136215
0.4480960210794308
0.4689194296718379
0.4832415199118108
0.2612701660980961
0.206922042335805
0.25183226487486154
0.2782042342609026
0.3060012284689758
0.20915776015454757
0.2182370621920372
0.17334686865869134
0.3130377217303545
0.2733455167717054
0.36606137081457174
0.18277336353462478
0.2309653259861939
0.176910743639351
0.29503228456670794
0.3624683550168316
0.2130578334037432
0.3233364046053957
0.24532298813129877
0.26089206617427213
0.28521099028368335
0.4006921931489915
0.4713111436598836
0.20515709667376808
0.385744237792671
0.4045831051663767
0.4552156632697249
0.526830970008887
0.4448131390304642
0.19021897650423739
0.2749104105031527
0.2510665789109792
0.13558131197594359
0.430799374715467
0.2688140175151879
0.24355547599385563
0.3223351637804383
0.26353840046906407
0.34540408555502594
0.31062053781822874
0.30439577198891576
0.11169544073999814
0.3294845327766972
0.22137367449538542
0.22425001823736626
0.3749239479646533
0.29127982175854933
0.34259471219690063
0.2805745613426854
0.3637563648580923
0.2856640528039132
0.39695681417909906
0.2604353837271987
0.3268162165481052
0.191212365419222
0.44248231197127114
0.2961375574794779
0.1287742034426874
0.22596458110962292
0.20037254957871659
0.2285974921679822
0.3578833911109615
0.20760329051090648
0.28547163280274485
0.3814933183088728
0.22768423526311546
0.23445295126059973
0.24307005907424958
0.1621853693531358
0.45932729616299134
0.35051832238009106
0.379634897356004
0.32049021776080355
0.19406218986665486
0.4088064257121844
0.19116427691134444
0.16884830336238407
0.21092305310682774
0.3831698559128741
0.2589567399167581
0.20306787325031786
0.16140836915064014
0.2558499691279925
0.4768671456983389
0.35517360114163476
0.2486566244012965
0.3485975118008143
0.32783990724257805
0.22411740335161803
0.21859589126785733
0.3314591819738639
0.4704325801809923
0.2959743133313148
0.2500406578221297
0.18428923418108267
0.402526027781719
0.19119256854761044
0.21641823815769914
0.23391332815438484
0.23015292958702993
0.26153446135042796
0.38737531544618137
0.1356643082477832
0.5233296448280278
0.2936620259037122
0.27853932161186945
0.4353221462704014
0.33602509803662967
0.2400317580551186
0.2993296854193268
0.2536015335487587
0.1885924795767007
0.43622461520513534
0.2725660602568484
0.38264878816901016
0.4210998367659012
0.16855526833950343
0.32198503146978225
0.1729866259905225
0.3791901944616883
0.5273458089744223
0.26136044143040843
0.2500622144846628
0.22729473839873243
0.35040283765297464
0.3056068431977972
0.3117272097162214
0.2284075535962584
0.3062909163252399
0.2904212446875838
0.30097491077286725
0.2359532376572365
0.2792335257584813
0.3178927281693967
0.4850199813431899
0.16527817156349356
0.22370225888028544
0.3044792906874796
0.34121385088391765
0.31618242701281735
0.18946341956985188
0.4184784492182894
0.2138272101291559
0.38798696254920895
0.5574835717019297
0.25851278966184393
0.34551185214541935
0.28259405696161666
0.3149223214337445
0.26094204707336693
0.4034548241260035
0.5235868886054941
0.42744814094731043
0.38071589895325
0.3449790261314466
0.4086970988504683
0.340021581677538
0.2987197300123386
0.3916093750932128
0.3016058348903856
0.4111111788853592
0.19821639002144678
0.37012406786220814
0.28321088379431647
0.27079523687068663
0.30014629408152504
0.21365802600395892
0.4622630792890833
0.4670221822790487
0.2339695473640878
0.5222900796296808
0.3469948793449007
0.3686576204696186
0.28738618739902877
0.41056548422230166
0.5543715123436854
0.2909996769175761
0.43776443763874945
0.22121124747431298
0.5505307208404158
0.25716877271573235
0.41491169615707135
0.30015385796115873
0.4905578733319758
0.3688043416220113
0.473614944557986
0.31049159728126546
0.3575551804675303
0.47583218456795334
0.3886436694232466
0.3012046627662189
0.3293562703361118
0.4536377496312437
0.4274475855294048
0.26455256452360404
0.4657968420100037
0.182106182175634
0.23759416630296426
0.34773300921129235
0.35742939555735637
0.3134598386357618
0.30819584496815755
0.40145529975089095
0.22034152739565233
0.23608241670973765
0.2985546985455196
0.3621346086066174
0.24389550623460454
0.2723833317836451
0.2019930937734873
0.6932245162627949
0.40646399012852064
0.6067148803051237
0.26985192304157946
0.3245918537894721
0.32241464349122645
0.2873946334020958
0.34174557260713395
0.5237909745809176
0.3864078603440041
0.47975613791272637
0.2578637390891835
0.34460531251292315
0.27410048177519564
0.16320717740601434
0.43297748396922064
0.34925777061770275
0.3722846451307704
0.24128437413505677
0.2738149842685561
0.2101694505122237
0.4187670269801303
0.24725176641065352
0.44176907253390707
0.2915031363166059
0.24076042160491884
0.25377107120497705
0.4879893557164524
0.6037168388935716
0.34786896978165593
0.2886042101215267
0.329578045733789
0.39300709815742424
0.2466307066181621
0.3178230915344713
0.47546288712952983
0.3587160675723785
0.47352973114009805
0.4033633012726615
0.15962310317321662
0.2607990830973374
0.25123536808159896
0.34077440880886756
0.34280153831088056
0.5212374347072416
0.22372611798462372
0.5527352404864115
0.19856493656861207
0.2565574827091118
0.2568504775225986
0.2928059491374413
0.3714583187206038
0.3128950487781984
0.41968672213170927
0.34790540494135963
0.2339194181661813
0.36844319149948485
0.23144504267385832
0.34119946504962795
0.3928453058628886
0.3392851337693472
0.5506658116869483
0.27997604813377747
0.3647659283860057
0.5614943363191327
0.2665992165002322
0.5509642045802065
0.33644549395837686
0.3317473010047648
0.44433290545197246
0.31002761049793237
0.23536231727764445
0.271930832463546
0.2967297918117983
0.3030121171177798
0.26101299201277106
0.6586322963577146
0.36285071701521626
0.41087572318907445
0.4340916306758681
0.37493284446780806
0.36852551542122264
0.27841311600067126
0.438445486249803
0.3621432248431602
0.30778893908090565
0.37495869171586116
0.2937035422021
0.36509883829739614
0.529912504620808
0.29624148701510483
0.2613206571062907
0.2515582041162649
0.4293417898350337
0.21920282813933317
0.1922749614223145
0.20403574561094054
0.2845768277036407
0.2544326286364978
0.29902158924828154
0.2300195970427698
0.29195383275916215
0.3521908872623562
0.3235427413396796
0.1790658981195402
0.17692146000542205
0.20109950011089478
0.12600054204646485
0.14026323922484202
0.2701461468195728
0.17803029886010724
0.22843424353383454
0.2426811501401804
0.4125379744871064
0.18233980303937103
0.21543845804036468
0.35636492109511786
0.29363283515535327
0.39298917864057115
0.266546893397625
0.4862380882710347
0.27709263335534884
0.3046831552456104
0.2706412407970662
0.3570021831492661
0.3587355672177021
0.30551266008324873
0.24030729360361816
0.27819461902754944
0.26450212128886047
0.31047751588049605
0.1748573012048226
0.27317966337651906
0.3814877180118663
0.31276007935565886
0.2577730228067726
0.2962652895519619
0.2823268388698348
0.39448673923681216
0.30591694991703594
0.15119274623574494
0.4478183034522768
0.4836869328804382
0.48235892387483886
0.26896942341201885
0.3158135374955565
0.36626328927650204
0.20395129358448152
0.28168635395314073
0.30866052432390945
0.2675478233923503
0.23999189386640726
0.3596212461633639
0.19904764386245188
0.20247948273984515
0.2915721674960161
0.4438625462474978
0.3725786898691443
0.27702666546971694
0.20004070114346167
0.24481118406505964
0.5072254036741657
0.3207323566141429
0.40918070905566817
0.24573162410770605
0.38675536266277216
0.3430882097662479
0.4003181064380327
0.18602115428786783
0.22897186793106722
0.3219232736132885
0.2982915430928268
0.45911793626028347
0.2531485726469076
0.4120894551557083
0.31202058839408786
0.26161550372210923
0.18708543851070827
0.481207388383685
0.2920708937866195
0.22466198756664754
0.47087159210312657
0.2879709410565974
0.29598494677229853
0.24794962185783703
0.2922223094708629
0.3595249219053204
0.33431729692756773
0.5202518034895768
0.24595803438979943
0.20631135959310418
0.3115854304595964
0.47847058557514865
0.2852518264948532
0.519011921627947
0.23619274572599439
0.46789445943897323
0.18822467124721062
0.4000223035296322
0.3720289232835083
0.3310901612657177
0.3991538165796546
0.20850259006942404
0.25146883804179193
0.16338898971289428
0.3831944584155589
0.44068066230348696
0.3483465145058572
0.20792236358955923
0.2913922074882868
0.4946972925029509
0.21275317995910673
0.20138790720248742
0.19350778076415498
0.5535051459204937
0.38535428819810197
0.4054479170986946
0.2991759318562021
0.3313814212931702
0.3424692213604968
0.3566913381585434
0.4398571363883831
0.3053375901760768
0.22558699513496083
0.3908959521776838
0.28710480557309587
0.3797173109108187
0.5017513537428411
0.3020865005596495
0.33181360658793185
0.21033942444351136
0.5614335388973655
0.408562285447081
0.2331648226055265
0.45347649161035647
0.18596312487896036
0.21704599554496967
0.34884583182672735
0.38310581649806513
0.34273845140409387
0.2323597550902804
0.34040242660947156
0.40606278500937576
0.23363650819436688
0.3805484017827578
0.25466135303978077
0.20022809824069607
0.23660196650129825
0.23025445905120784
0.42042389633500277
0.6057442107177842
0.32353854060041215
0.21848809004406552
0.30161872365606807
0.27342984770426904
0.4330370199732667
0.24591293883861925
0.2322649194067729
0.4899158037216793
0.351590073555453
0.3524756356709111
0.28754959468787017
0.30250275134869736
0.38566687869196165
0.25403677056356727
0.38594350943202194
0.24447347337410255
0.31307732673185157
0.35274803667879334
0.28230617544711667
0.2254319381100851
0.27591526035699987
0.34561706911308215
0.2640874984432229
0.36882375292364245
0.45576162665531667
0.27863957911957016
0.38948979967716535
0.2571845634261184
0.2607182814189714
0.30400753672898895
0.3069190122877131
0.5368961217560134
0.5299759456927794
0.1625877070535079
0.3601914749738589
0.3620563119888384
0.28595111691293057
0.1895539770455501
0.2705039069141226
0.44258437530527406
0.32063685047367335
0.4328299683009939
0.302374498646867
0.31076103039711134
0.4737844346107825
0.33070474673674494
0.2513426932481274
0.3045856132793313
0.37765555513941435
0.27757740819059573
0.5521696564638034
0.1541430935867686
0.411552334719244
0.5495147017196527
0.31704562597970026
0.2521935003632023
0.25491322782570947
0.33860512649202246
0.2723760100444721
0.3024574433298591
0.20094735463181934
0.5369459950707491
0.3093875919590344
0.2641884206741768
0.2618113583781247
0.3487046688657295
0.25001221015722525
0.3043078768577415
0.34967490460574274
0.28457914935277095
0.45914550960225875
0.38425834397988423
0.22259293293599736
0.26261600672749086
0.552507452907172
0.2220296690588409
0.3489179226230474
0.22565422120487622
0.3658914603810347
0.2904268478341881
0.49840578799489904
0.349636857680602
0.36449355994475574
0.4391155081114464
0.24819037968491034
0.30189547264623534
0.376001204485866
0.29630548443694804
0.4775469281331975
0.28220198962778403
0.34261048219458123
0.38503442753048656
0.26558377161840524
0.28338324600783327
0.17763426413582878
0.36199309976897737
0.3146258928773562
0.30329393868024085
0.37641118632235715
0.3466170932173089
0.21160321193482562
0.3447184537360466
0.21814194473297616
0.4024790894106787
0.3559348723619596
0.18077017166534035
0.3787896526788567
0.2792108345113833
0.4024575601085129
0.3104262219310943
0.37926585380886874
0.3439214001390727
0.2119597461035037
0.344130784637575
0.4334119179753607
0.20438533959284422
0.23904827469391396
0.34688012397435375
0.27004653011102503
0.19729531592881594
0.3706179011295408
0.28709189562371884
0.2283210740823943
0.3208872956527254
0.30457623536032796
0.4697999008989236
0.30708678939257406
0.5771750344740011
0.1935636172020634
0.3082431131261313
0.22251281594816924
0.16760686619512927
0.5635698842161732
0.34243132841699975
0.264068753136385
0.36644710230984384
0.2263406888039472
0.17064883072118603
0.42120569047140705
0.31425000496736427
0.33175890775693917
0.18426719273507516
0.382077750340129
0.347486095636707
0.3553019374154677
0.413156396040432
0.1444804932309056
0.27950061109140206
0.30531803173191396
0.225625198160037
0.2568838665116243
0.3927975603132231
0.2250904508393274
0.3134663970542069
0.2944008189959406
0.23902942756675877
0.3490375718122383
0.2792961121330426
0.24509854405044926
0.1913808790228979
0.4030657399467051
0.2814109688745666
0.2232697163063314
0.16110217294938867
0.3176148450319501
0.28448915459502533
0.37064773444871835
0.3426187922575051
0.17857058820012964
0.20104021840352818
0.30521645977654244
0.2837809124420066
0.29129839564020643
0.4115923067152641
0.3305134638805458
0.2799971088686246
0.21758453089828425
0.3440830782055141
0.3311010767674322
0.17473948287822544
0.34206534357824353
0.33550321633439517
0.31597053126172914
0.18797000450183876
0.2686539381800426
0.389276617810279
0.2575472266686794
0.4254565996479356
0.4516261340421274
0.26873581852158684
0.4589025498955866
0.26812729975769556
0.1900072612736665
0.38990851409703736
0.2251179254011494
0.24022064676087973
0.15223873633675014
0.3180981841135154
0.2886343563222391
0.27790314434373165
0.5057890732544433
0.287509962148974
0.3245212046370168
0.3899769025160005
0.1962088442863643
0.1656229181028855
0.27096382722456713
0.3885376924690994
0.3854769212296946
0.27816890596850186
0.2483100626387702
0.21842243773698314
0.20768507809808814
0.25388886466058674
0.29671219878213173
0.4298804778010814
0.26051643984059664
0.3643450303844072
0.3206990423521792
0.27809938891822333
0.26698647817724935
0.35845672158902453
0.24717647674983256
0.2865893610585528
0.25032847550629567
0.4477969859715388
0.2240702997314802
0.20290212841499627
0.44570016113369393
0.4045204810889289
0.41652661371419597
0.21014030352549942
0.2215644481584959
0.32447310277794045
0.5166330165080871
0.354437108705464
0.28798741283378515
0.25647464169420736
0.37759843010547184
0.264063722290771
0.2070304564458119
0.4398637433051719
0.4682941033803912
0.22974996974989106
0.3754806699081456
0.255783662882181
0.2716854447140455
0.25979275639447474
0.22282281755316308
0.4237879134448629
0.3049798844723785
0.29019687457582133
0.39070270654583716
0.1776115015102864
0.3539815900459121
0.2956429298915008
0.2770717902317348
0.3415099572005891
0.23694254545426557
0.24982811302161076
0.40944718998987395
0.43150013020226213
0.24942378382101954
0.12057623328878521
0.47845173480333264
0.27381038080889364
0.4938714528868186
0.4797546789308362
0.39685870791183625
0.32359161051654484
0.24306056327808429
0.367563781957917
0.22904184048137544
0.34657430980098936
0.24406041229183012
0.3270335103094534
0.3306088527546813
0.298301911522697
0.16258587761934698
0.3005344218955994
0.44351017835124656
0.47326699858721827
0.24930245048136865
0.19109082646596953
0.3215043003434877
0.33785778081594015
0.1758817011987037
0.4679996660176049
0.24016280579674476
0.3366118337014299
0.322202999884911
0.29074488973367274
0.21882523358400527
0.29749723712395704
0.2401033705387012
0.28613890264297304
0.5354844971725786
0.2702049219648308
0.25068322392955145
0.31305044461372544
0.25173037762666506
0.41284558944355876
0.324265929723375
0.2305265862173917
0.18774766060252818
0.5181473784667606
0.3920537144045539
0.256657565071726
0.17761058983582964
0.3527032307842937
0.3427670917620352
0.2391600948189883
0.4266980881337343
0.18767095697740144
0.31325846464662604
0.2551666058386564
0.39712117561302857
0.33215108194153603
0.3302277395299643
0.275262488412822
0.29013656337643445
0.5009907503946318
0.27321221769381576
0.2110365600686487
0.372942013452243
0.3014823489113903
0.5915271076686045
0.37826662512505405
0.4172033269304793
0.372518734298267
0.345434425046665
0.30434883791628287
0.29400937870142146
0.22651298723273802
0.13606664032721927
0.3090971654747839
0.30025889686220303
0.4343814516579685
0.2457839674822751
0.3121606960622539
0.31789152850775104
0.1512593708077958
0.39847943300271205
0.48477644851189144
0.4256875024055132
0.2779576317122669
0.40739300040231236
0.2319221147702476
0.4091993471920966
0.3234045173943597
0.3203394778486168
0.3166023134495028
0.4402247222864619
0.2403827861445682
0.35922761209141485
0.34250983571887084
0.5493277405754274
0.42800882967436377
0.3224959678802205
0.3126234139181517
0.25350230637505256
0.3492232737340395
0.3789344547874007
0.4232876681130693
0.3326533649431572
0.349163917191975
0.22887650382849534
0.25929908091229137
0.31524991722011925
0.46406609593357684
0.5335750376509918
0.3976237082964723
0.31836284258934316
0.41197046669910403
0.39116635505692865
0.3865553459937747
0.293677966345695
0.720921299829233
0.5628937442077132
0.28171169586989664
0.24818545796836552
0.43614818660087656
0.3933824906062388
0.5716304205151632
0.34283314820727656
0.22725237045704186
0.2980375586257053
0.33266113333585134
0.286911259926771
0.15905692846535002
0.35181471973511963
0.3499459713186907
0.21788091668693976
0.355549854554477
0.15028436141931698
0.23190676066952776
0.3499177125773193
0.5379784420062611
0.4096552608810984
0.28114055213396144
0.3507570721383898
0.3077433344554394
0.36626753951307556
0.42339614904899725
0.3217395459302307
0.2377503242424978
0.5287418024191797
0.3401625082115455
0.37075553357662766
0.3338922530482988
0.3725690991504106
0.3920001481387095
0.3676744234268481
0.39712440264939786
0.4133611052298469
0.27970591323144756
0.4832055968365056
0.41230068140790216
0.21489378643840756
0.2767468856859774
0.2613869493966115
0.25345376628594846
0.36650727180383597
0.5294465154132866
0.2567917012505186
0.31200671283306575
0.24913524413470975
0.4288753510840195
0.4200293435944712
0.6399627424778385
0.31094288611483994
0.2735642359792903
0.5925146280861351
0.32445118898904324
0.40526071771773176
0.28441159755900475
0.1179458535914859
0.3265027520796873
0.251338494033858
0.5380092655002268
0.4031235074767669
0.26852194639872295
0.3239428928735558
0.2897741240600734
0.16190521648309628
0.36547542122242493
0.7300979432022529
0.2001521422771505
0.25231009631507273
0.28526997022114975
0.317168213096716
0.25153051757685235
0.3389327837288335
0.260070932896515
0.356487236269963
0.34394792557423803
0.22463076495157433
0.3036609271130199
0.3046050169883026
0.26675447259141194
0.26729151703169546
0.22647687122157964
0.32233201908205733
0.3981567088364697
0.30342054502190424
0.34866105805196745
0.3998012716749725
0.31831344932236855
0.3446203413013619
0.4543768999846961
0.5833640940878109
0.4564317334269243
0.40694192142638
0.4738580314170776
0.3009746437092286
0.37383907219107765
0.22745363353260378
0.3799878220961083
0.3246849276204161
0.24283612516669004
0.23168254881217962
0.48025037672044196
0.3758792590323213
0.45229762459574696
0.20637996407617668
0.2585643263581618
0.27246152461251416
0.4000272979624354
0.32934647799675704
0.20302912950098273
0.31794530480311806
0.607309752340023
0.43808323115519554
0.30131776317364267
0.27428421351242005
0.4230883868431029
0.3242038131470548
0.2997428835197575
0.27986223883867534
0.2737013570312326
0.2917971749264747
0.22350280436090936
0.4349215157385351
0.46982418865029574
0.3536966803455633
0.4546836379457852
0.1692879739876763
0.17190780052376428
0.3313864945643819
0.24387573227529724
0.22112252561154058
0.21435125604028116
0.2829833863896225
0.23202347322511124
0.43560107472825427
0.27325553355428334
0.29744482672315925
0.5104158602928387
0.31664954664614436
0.22240500715936565
0.46850297409149155
0.26416114127117135
0.2084990595392497
0.22999056961023406
0.24719226918708395
0.4070023887616719
0.31914850866683425
0.471817193429331
0.3756601962204851
0.49501077471272037
0.2575217680911747
0.38524900882326024
0.25160161353395055
0.28280351225270106
0.44146005654828835
0.42979254737840045
0.2197930691282198
0.22945956105682563
0.4808843999049583
0.40399701054741977
0.28663246062648856
0.36668767545626585
0.3119945537879106
0.4611185289762382
0.1443350003594256
0.257699436502227
0.33154449096512373
0.45432084118424504
0.4036577110932593
0.32705293045928086
0.37966830165875637
0.5901801306759413
0.29640905836456505
0.21931658765486037
0.32733507318857596
0.3375325829697446
0.2611447148365324
0.3253171973571804
0.40771900298076796
0.24937729820675975
0.23284875086841497
0.25854366423649133
0.17144988276078355
0.30065469306543124
0.2410202339962459
0.2578172054136213
0.3777573775166314
0.2984916138556075
0.3796848514592232
0.2791814000585635
0.2370415866478198
0.40799596848057457
0.18612731694780071
0.4143673361148117
0.3054032489574581
0.443301851406622
0.3775850432790884
0.2900398156725562
0.3306345276218239
0.3723012239338789
0.3012487894140185
0.18791019046951216
0.1871582534262737
0.558096888279304
0.23031694000543743
0.31088466582084984
0.41686310899854706
0.21864228616390302
0.2502041295113796
0.37950645362485064
0.28932138190795104
0.2028723061061587
0.40465144644673956
0.38050035656945547
0.43191239003828147
0.33134408554750033
0.5934385683412933
0.324151553840111
0.3638447033505675
0.3211881208878472
0.3882037947462013
0.48549586244813864
0.2747440252925723
0.5776864215791149
0.3011351410688041
0.2544745741443243
0.2411653303830489
0.48785376352824145
0.4011124596005463
0.3350750789897702
0.21641066596511185
0.2163584096294468
0.35447951516401255
0.41300322825053637
0.23990190624243357
0.26575189290254014
0.44951621324775287
0.2826328916170603
0.30422680710640043
0.31813423058146967
0.509235013018423
0.4024572262896988
0.33897916665624644
0.33886170166943874
0.17708989155526123
0.6008775840900782
0.3898639616528885
0.37731202602527664
0.23061956767154737
0.35122174161188063
0.41461561746201975
0.1821858969363029
0.3609963395521679
0.23760280641485548
0.3811226525579567
0.3125260172601528
0.3859714523833999
0.28992649515371366
0.30381133691381146
0.3889462586972552
0.3296260078534734
0.26110515199509776
0.2648548242887197
0.42867109111133056
0.3757129497723387
0.17506759691844723
0.23174851933943746
0.3787094191990248
0.4187815233811135
0.2160480926375793
0.5000949192994139
0.2360672794892982
0.37621717412790856
0.3577448149409725
0.2696611197197042
0.27111111428855544
0.3341976473027639
0.3779743344850155
0.43172487445008106
0.29886735361977945
0.5335825217231205
0.25283806175431783
0.2987413355422283
0.3374183297734228
0.48429951758155676
0.4704488585642168
0.6583530356031532
0.3776534654027939
0.3357098530126906
0.4686891908801322
0.29058953467184834
0.2775833993435392
0.42239423304685403
0.44843962712072327
0.23524927021470698
0.2762935352288299
0.245857217279068
0.5141199233580529
0.2579544785708438
0.39459674700158986
0.2612041027818262
0.3238554466579316
0.18069784395662097
0.4137529977967995
0.2892967458813589
0.37386678375740123
0.35250944786467076
0.5885424305667433
0.49330743802307714
0.3184916557888645
0.3480669187231383
0.39952858900151356
0.2331983912856041
0.25770101389272976
0.37938357320818555
0.35690528314334585
0.3748675438749418
0.3954308291678055
0.5037457499460745
0.2184919653295401
0.24857969835913135
0.3360575060167526
0.35572145634203084
0.3051963587522839
0.34399856732179773
0.21014322224454712
0.46948564708414037
0.35633080809052126
0.31544786447314627
0.32432312361017196
0.4673984890559803
0.2683911062867611
0.3160853870132924
0.3526139661512812
0.3474934427615141
0.3026977278913632
0.4330919910527257
0.404928103669839
0.1395243453351843
0.27125589489394125
0.2382180709824391
0.5452889169904991
0.6762699257810872
0.28695782342691106
0.29233127151002025
0.3960139283650498
0.2695238208043419
0.39992293414217855
0.3077641660015664
0.475322387907484
0.3852993783230662
0.19866562603170895
0.23888861491632263
0.3276679434815838
0.17986333984154798
0.3949440737036157
0.24064475478228786
0.35712500882203946
0.36334910413310284
0.31397467282927455
0.46971385800734894
0.2814767159610224
0.320380697373866
0.2844050023776249
0.46537697390206345
0.2204915432155308
0.4533648370204663
0.2059832819589646
0.2223224620725836
0.29473223766061574
0.3349178005185836
0.5589112296389588
0.24889652951277305
0.20234148781276814
0.19322040828823114
0.18886248680554535
0.44729973338054074
0.26604410646463106
0.26426663551343743
0.2874633733478245
0.3685582924613167
0.2944882824739475
0.273207456492027
0.4024287770371051
0.4495279372277874
0.6471668380835812
0.18822271964606122
0.31271969217979695
0.3319062301306271
0.20735083595955275
0.2540096315747315
0.1568634491756032
0.25538517282489476
0.5106438161458582
0.3056314982441531
0.22587533463366136
0.3857409253720981
0.41673943176831574
0.3028517615132062
0.33023895377987816
0.3535277843516314
0.2736589515895191
0.19555752948340302
0.287653651363077
0.35426365177780156
0.3195170802747947
0.4146689813233429
0.3343738014131985
0.3460580004061943
0.648209038049948
0.2807301761918712
0.2629381597329725
0.1846059968263749
0.6638834005866164
0.16246576539018878
0.3005895937814805
0.3812197039241566
0.17688094802657242
0.4009790110619757
0.5876541638875731
0.29314239938919895
0.28500919204455594
0.4480900776774091
0.17617448230410407
0.28261415447351296
0.3555398978199617
0.43709741664707613
0.2780148413372046
0.19396776361016407
0.25789371192044214
0.35540822834363195
0.30964353550729434
0.2565552011178789
0.19881824537779588
0.25615340440647705
0.30265279017675534
0.3565633296316667
0.22064514654130477
0.3691360012893593
0.423444003298149
0.3070187986683322
0.41711304318548476
0.46159020143756574
0.20913873144359005
0.26868397777623615
0.43598573634672383
0.3224175135139924
0.39788788206371223
0.32687519620983213
0.3427913554749172
0.6081739583725877
0.45205139537770067
0.2723057724737911
0.23686843068430083
0.27233643962268006
0.31802659685399715
0.3965122383494274
0.287642860121579
0.482660055636038
0.2236786652260813
0.2801555493905783
0.28749161020863967
0.19425630969625918
0.2727899382642626
0.43069531410899303
0.25807984612974183
0.31699227360619975
0.21773085593414926
0.27548801928644867
0.2796917545029661
0.27597387965313114
0.2649070803628485
0.225103045574641
0.3948816103132762
0.39828123568036705
0.5440579255131401
0.354890757463355
0.4228069803923764
0.4100368385404374
0.4208678673257405
0.21663294577549225
0.40229938040867697
0.3738558878114445
0.3668668910609819
0.22893254070265417
0.36172996187038314
0.45105361285363366
0.20787248236873257
0.4172146995082977
0.36432258043870663
0.43591416265055727
0.2321317679997211
0.35735713778841494
0.2796333210533445
0.4933005951292641
0.19864792829597572
0.2691970498587306
0.3803788445254076
0.5193255159876545
0.37555286574583235
0.31117654621795793
0.4823751437373939
0.2799003204197613
0.24288735061951086
0.6280697558723141
0.5165595360635392
0.4643903514687538
0.2927713130107191
0.22779765688870618
0.45641429355302254
0.2565728591197949
0.5528210165040603
0.3347160452081063
0.32451450379097285
0.35131055310473
0.2899905703839889
0.4672408553171776
0.40254918285428526
0.24881832601678028
0.4341502379803024
0.29596951069716676
0.3182955460684489
0.40723963600659835
0.3148787736142142
0.3448132321927187
0.29448382160229913
0.5088268094643738
0.1821870056510186
0.36711193621156213
0.46552240556806546
0.40115797852798124
0.18283482875166832
0.5581759232845165
0.5481052552137895
0.2595231268746934
0.2596744258412013
0.3044769480470515
0.45909369417665435
0.4140964974373011
0.357470718034522
0.37736706586654434
0.3823036704764393
0.25925003753596554
0.3837689384979505
0.6301515782239727
0.4081352542443734
0.2650579042649446
0.26905408129966585
0.47221441273378
0.3809590590257405
0.4688778250263488
0.45265892805709707
0.6581920628483258
0.3302511079596305
0.24004541338139387
0.3140267654146265
0.44962849047162506
0.518438452935707
0.28146838704285126
0.3802301000290926
0.14757547776319443
0.21943279257352155
0.33696188538333555
0.3529027209715334
0.37673175048604535
0.5153077164786402
0.28371734409636046
0.19390681826826067
0.27385408181316706
0.6010735993808358
0.2565269145483247
0.2711486436083583
0.3519006026864015
0.46660153996551246
0.29888055426427745
0.4809626645789812
0.5322034065402999
0.2459284174817686
0.42460976421501595
0.18578747378543428
0.38500772986492043
0.40205299180401105
0.44359233500655665
0.2958806811867027
0.45145271060615627
0.48335387075452396
0.46362752948099184
0.439167746078723
0.27788462308097894
0.27734337521200825
0.3294140565703
0.500039148205715
0.3304795456138174
0.4255909505078571
0.28789001377380025
0.5966891663680969
0.23810558155988903
0.467439017790351
0.3617462571443515
0.4032485271411528
0.32633280918473684
0.45750772576894383
0.4536016412245753
0.237295612262513
0.39507017698500296
0.40639343226240054
0.45098854034231267
0.43416309305186135
0.518891951809197
0.36622387113223476
0.2778107173534046
0.2798383051508363
0.2721374708061313
0.2473845588245308
0.3672048315030439
0.35033246902959236
0.24844199118581875
0.39149936978137356
0.23012067478119966
0.6054056782252422
0.3605271192781324
0.4002936861220661
0.18404653929292256
0.24773733950417584
0.40965540592237837
0.30365884870341203
0.44290074040980587
0.32527958472706664
0.35294212903281813
0.25157118428183667
0.4783320093134581
0.30254267572582266
0.6612081429882292
0.2694117777751324
0.5185933339571893
0.23197563648890937
0.15381086858450116
0.3240060716655462
0.2891682561812362
0.3718102184218709
0.4802258797368041
0.39558833151289724
0.32336808278855256
0.3302902159823488
0.2498340014194165
0.29224739510396963
0.5109937213859894
0.2649881493005918
0.3530192152974139
0.502435485764731
0.33719187472249684
0.37782553751079667
0.32557787403102084
0.27434148971212813
0.38635666183176653
0.38424699727129336
0.28941567096073734
0.2588328976159864
0.14129908444913847
0.38349014103152024
0.3894898463458512
0.3569528856690983
0.4000223649297317
0.6067709126426103
0.26803652907670455
0.5144465666434542
0.42669541647499515
0.30487374621299634
0.2422104673214793
0.26821517683531065
0.2640054130764599
0.46976504373547573
0.2527024771935506
0.17082901679493656
0.3681230553277451
0.3773048310409336
0.49827692675625307
0.32712340005084384
0.34144612650489503
0.5707773957798046
0.3539478101077204
0.3797688752661285
0.1907928299871894
0.3857932900053153
0.24021278659279927
0.36046470424729965
0.3194518791037449
0.4113173433372637
0.1391470281661203
0.412170835782514
0.3390449031378282
0.46924050422803043
0.3101105651179971
0.3573259748106492
0.3084031136826227
0.28225536813576474
0.5811488945218157
0.34134021508707546
0.34017806599543093
0.43547851721009473
0.21139416047313495
0.3306899559557629
0.2005208523239997
0.3187778028364947
0.5279381177872096
0.18418893510071857
0.2640459348656633
0.28477369731529206
0.3454947682889986
0.40237569652773086
0.4091446354756794
0.19503508072182416
0.3656357229444788
0.4558616810235602
0.22981225762130406
0.20259361256437172
0.49937323909878073
0.23100942667095323
0.22466814899280094
0.5483121925121451
0.2850722738520164
0.2764647146330891
0.25687681482690167
0.3543028052281228
0.25180583726963834
0.4375402197351589
0.38755254261250816
0.1760382494901772
0.4021057909471185
0.29501177182374444
0.3269323117426564
0.37339549881817874
0.23498847166807132
0.2413841361384585
0.299349675598797
0.2645494838037881
0.6776507701921545
0.3981627508815815
0.3383796066650069
0.38560329159199924
0.2562830373696227
0.5828983959826686
0.38721944469878494
0.23578992167547053
0.4285519431817553
0.3107007795392137
0.2219076153280127
0.31057238078719146
0.4857300509146675
0.24996537543504177
0.43871172894534444
0.3863846549838342
0.3780201915763753
0.3885809682457383
0.17918468576601787
0.169967593886554
0.38151530797275335
0.2626323156501355
0.32161183291756984
0.18200506966155755
0.41335264591434157
0.31377559474885874
0.14822374315109055
0.3266828968784813
0.35272977417956364
0.24084892219889134
0.26923162735039846
0.3444324636572069
0.3725365382274191
0.3800263098717142
0.25423644118190947
0.20007273512784401
0.19830720648235786
0.16616569150528437
0.32327159768864616
0.39284153518193216
0.2744983643741113
0.18664268737266346
0.35528721076520764
0.3034047873168137
0.38731027575261484
0.29029930603496434
0.30523707135443423
0.25777852312191835
0.2988156579036783
0.3377632923709117
0.38848970205602434
0.2908458422268877
0.15509977458538715
0.5828001623000825
0.31772537215999824
0.3206701410711776
0.27749752400100014
0.2517479015048387
0.2892817984462633
0.24259818246122436
0.22234950686268287
0.36966842652876597
0.41541526454470196
0.2152732276108433
0.25913825274798863
0.25482747420775187
0.5089840113261224
0.2982357651442342
0.5366071183808612
0.3446405898743578
0.18201317423176627
0.42710529290817867
0.3252992518631451
0.24632309103363464
0.36893163886578895
0.4065911177409988
0.551525585170532
0.2230566563240497
0.35276070367698414
0.3867805213684599
0.2616839500165186
0.31963450973840496
0.36066111655821775
0.2063896783642649
0.20847075077978733
0.2683709643188847
0.5926012642800813
0.19184557257540097
0.359281759662457
0.34509578636470495
0.3903782590081223
0.22947182133786112
0.19199209479441307
0.4254972354476605
0.23391138144274867
0.31872431392420014
0.38539356391357443
0.3930680857950012
0.48009647778234027
0.32588253397818584
0.3947665808894357
0.27365364827057853
0.16937061530328043
0.45145275406439267
0.3061215666541372
0.4981550393419481
0.5071774071907394
0.253783918106369
0.25551580329311074
0.557922007487129
0.18350352393986233
0.2570238019717749
0.32368296742604397
0.5132330434129274
0.3579345454236114
0.18372243294222781
0.44366466859520876
0.3209245536493379
0.4541050040017774
0.22564918864219974
0.27614339696214496
0.2326140006509379
0.3777878992479405
0.29605032324199976
0.2343487194456146
0.48199648801148587
0.33234358114621915
0.24168745739766792
0.3202656665864037
0.39045952624858227
0.2516218784651468
0.3191481964669371
0.48557252879795015
0.3878381143558282
0.6250259519179148
0.3200615556259997
0.5533663823922851
0.327906559394679
0.22999210177850474
0.5037845768652708
0.2886100501609
0.1323050231870023
0.2937938088180679
0.39801379333930814
0.3370811216260676
0.13285924988041128
0.20178396734023957
0.3661334787308424
0.273018517255799
0.3227830599740317
0.40785634599657344
0.3191526357620411
0.24930176885224642
0.30200821459100274
0.2103095811383552
0.26322049208663084
0.3701731776680672
0.2878071627973514
0.20348182706349516
0.4093274556030998
0.22470131409348645
0.59080185535147
0.2607372573697071
0.2009810976699394
0.22123706548217031
0.411980295854129
0.3962058993950359
0.21389288006552443
0.36350255543247795
0.3877760055993229
0.34955503821332884
0.4099077532916913
0.3588156941609704
0.15770064684352095
0.3420516294255027
0.29399236823354713
0.4006408758004913
0.3574643670734755
0.17256107435929569
0.25630613886235154
0.2418958919344083
0.2513501531487738
0.4065829168800415
0.1433433495236728
0.28866778642874863
0.27331323874839375
0.3586828715371385
0.40344574928550314
0.2398179309216318
0.35028263290611567
0.33683577136517834
0.20257744493487734
0.26315100129366337
0.3583214309869596
0.4083576774609088
0.2629560898358294
0.4055827304640524
0.39119315900597296
0.32387484536695615
0.29212247137922215
0.42665172991273886
0.35712509446170515
0.34274746352376173
0.3055057746901285
0.2514679501290171
0.3059937905681851
0.23980596499258794
0.4401479567588101
0.2175274738013388
0.1888121805707229
0.19005693528333106
0.4167716408756
0.33555694085691273
0.37007183272215605
0.31430626261711525
0.27772982445112804
0.318862655910446
0.2804605789154158
0.2605518057780543
0.3205345478373226
0.30561439068440815
0.3494721941689208
0.25515065373022505
0.4898211238479702
0.2743043557820495
0.34757709724417235
0.27320773948659455
0.32729460199894084
0.25799039590185613
0.32117590206117785
0.3626661835916669
0.3203470404915488
0.2795014482859725
0.3280261492601508
0.36095277422488564
0.4023698958714617
0.28229134098822983
0.33566557375817924
0.34652384763303407
0.5196892104056934
0.3674809511179816
0.2828494857372109
0.5570395803079973
0.21887418145668827
0.3255223237374645
0.20432971795254568
0.2659030058021502
0.32550817731612347
0.20572039086491906
0.30650309003758003
0.25522344413064557
0.25490595846187286
0.3672138780555852
0.4133476032517719
0.23759633571166242
0.2839957261569187
0.3702869192382651
0.2566418096229959
0.21526608807229258
0.3043992763668985
0.4679775417866774
0.25424927761618327
0.3281904694932485
0.18728537918075794
0.2641872385185016
0.22812077034077888
0.2128126912206601
0.30441125912274597
0.33380493865928335
0.28088382721126504
0.37531030044189895
0.5122529621157166
0.48014135643791883
0.3273420676151111
0.23849248773729628
0.26469191834778405
0.36162902725159063
0.21396471527843014
0.17325084239044308
0.3182074549516856
0.252764430065418
0.4358587359957267
0.566512531427906
0.37707595727893894
0.35541025239747875
0.18142270247745118
0.26524596491999664
0.24094826518996026
0.29091002409158867
0.2882057447328631
0.22912686204109908
0.3834201386706255
0.23474472659738846
0.3436084547277073
0.29355747720096853
0.4234618448631504
0.29449318825664783
0.371012439275663
0.23252535295321944
0.23436251927724602
0.44127542916315193
0.28617161886082765
0.35148797697016887
0.3483150860955101
0.24205508678449625
0.32564899252305357
0.42571060926434245
0.30805454486416045
0.27615024040053227
0.6830123194402428
0.45777945880024234
0.31195127818872015
0.3705383899265857
0.41933517095576184
0.3128075883641521
0.21245673736284118
0.488334265788602
0.28280037017601173
0.2429783733471188
0.4089164174123812
0.1845373610775404
0.32900039092586897
0.6447954667672233
0.4339861550178067
0.22540918583188982
0.4859004908849131
0.46776617322667424
0.2685136530040204
0.36631897969628535
0.28323704968198704
0.23430374692132516
0.6193568499126975
0.4825816864379844
0.2804734710724888
0.20797136674606148
0.2263978448099753
0.3201147456622269
0.33874884744332834
0.24069454290969916
0.4278144710427921
0.2870574371898614
0.2521878644608771
0.48412661363160414
0.5158285723301662
0.387222234300784
0.43898976480926616
0.23536545798984526
0.27523776436211134
0.4276834054688343
0.19192896667911283
0.2944304866172939
0.21698839876188808
0.28601333128273443
0.3098786911010751
0.279475571251552
0.27245765198074756
0.38558455624019333
0.21301886320149935
0.21294294260065078
0.4299759102467386
0.2554118582190323
0.2910247518457362
0.25221410527562016
0.38162759512667055
0.3656238158648128
0.2926945008195699
0.4199355134899163
0.473783275283054
0.2659046739230657
0.27681732484207133
0.47932162320324245
0.29799802143459475
0.3990540552673254
0.3341303365730899
0.4080958151043192
0.22523929280275284
0.4246494005133602
0.21999586817495106
0.26499246244185976
0.3786885002142646
0.3813489928683794
0.2557936132073185
0.17231550820904476
0.19242773617476813
0.26263755706598235
0.47680346173336635
0.2533992298879071
0.38178845867475564
0.2265236290179942
0.3616310870560603
0.5216523227842191
0.313812015968293
0.2760171056230375
0.48343522487711227
0.29745134776369936
0.4287073471747431
0.2818971979884685
0.14549070488772872
0.20344910662971263
0.29066523031684577
0.35368714279181124
0.16186499877333582
0.2685726343692299
0.34157647042958
0.2576501191615811
0.2883342130797877
0.2546563684634906
0.4083951484882274
0.3086620921845429
0.18231874480894406
0.3797138455774761
0.2630357981527373
0.3867009908985028
0.26029047712849107
0.25662069974353935
0.13117618279173826
0.3516894135503805
0.3975817507901278
0.3217652522837884
0.26768440929930293
0.2152114328234632
0.3889853361502769
0.3547537043365709
0.19703227819357086
0.13911385450999852
0.221613578178462
0.3173855312167051
0.4228136528247225
0.35417517646896807
0.26663098358799847
0.34632821936488123
0.3772730637896924
0.3127809485633676
0.28577241936272585
0.4709201677315045
0.44747536121277165
0.6181053849206641
0.6046921521607352
0.35727745680899314
0.2015364301256126
0.24664585414860596
0.3980521801560066
0.3291381764804021
0.32460645237392394
0.27954618310171137
0.16947320067418206
0.23399341406468
0.3625431463243055
0.35800314598646116
0.21231952881139618
0.3039022530331779
0.3228899971042531
0.28955620060843124
0.46999012274715785
0.44126027176722554
0.25873544005574417
0.2096543160571194
0.3257184825601839
0.202790065079845
0.18837337644320784
0.310231685469627
0.27615661902735456
0.3263771117618707
0.24323301796070423
0.2075287484276033
0.22981928806337446
0.4029900536515392
0.33428255219997016
0.3869424862734362
0.4045009708319883
0.387948613563032
0.3304083597742592
0.29403829621630384
0.38044677603595384
0.34207494138103
0.10281315552982448
0.27575324157975567
0.3319065167407981
0.22546294018793603
0.43351700665482634
0.2532909637099363
0.26435235305290705
0.2746573687683417
0.2086032596394321
0.4344044235429914
0.3887263524798512
0.34000674226435484
0.3844798084389419
0.30123067097931205
0.34485083763589947
0.2789591981858958
0.3199613146901074
0.41924694891136005
0.25262851963123156
0.40473702417805196
0.2149809589301826
0.22888661237141422
0.2745009745854598
0.26717966594341425
0.20723679090041094
0.17941165875261894
0.4501399132183596
0.24842065698962287
0.21132106183174637
0.5141256553068634
0.3262456746809769
0.26728017139918586
0.11572763700708438
0.2649646007333296
0.35971204159138737
0.21668997404951967
0.18769238387653184
0.3327328397695943
0.220053119845286
0.473735449054291
0.4001773509641157
0.24964690873906345
0.2821878448370782
0.3521791776442143
0.5261979966803101
0.3063829341602977
0.31513925986470387
0.20976686150071364
0.43998827154809184
0.4969505104156917
0.3992641880934755
0.19362351025361368
0.29795353754739123
0.2916940984493262
0.2768833128925021
0.2895843776706869
0.260079500576617
0.25067973073542454
0.3025736241980834
0.3490814217895292
0.2674886640101024
0.33499256513180176
0.5185485816229999
0.27530614503836315
0.30842957239113983
0.3875652214134266
0.3049087019387027
0.29826948553357363
0.45968558672115895
0.5026673723330649
0.34109356557100634
0.24949167197114172
0.36172169546585003
0.46339861486324857
0.2181993578673194
0.25931677204820847
0.2904309067774485
0.1938508796193604
0.4670440963247979
0.2137943763047271
0.45570376744007796
0.14663336040213346
0.3527352194052369
0.400358830975314
0.3002548242394876
0.35343585149284257
0.37689278299020645
0.4469968934842555
0.17675947636463787
0.2458840000440904
0.18155233653255298
0.22274647599852052
0.29417781036802354
0.28581496922498045
0.24193187147349757
0.24696512671587545
0.341935997972853
0.4134156561492945
0.2731154258996546
0.3450000728301357
0.3638221676834855
0.37150532000237063
0.33745086236109884
0.2813553675027185
0.38720232913901964
0.38688296694519064
0.49784156709710053
0.4771956302535863
0.4326742335581586
0.4437178600710962
0.2055806496823444
0.2494736740739114
0.30131469032439767
0.3245215133538459
0.2313963651602609
0.3935129064805175
0.4162519277649456
0.21943179760946527
0.5433074574453635
0.4980667466842917
0.30306962330540377
0.3472411246179169
0.24417066339550195
0.33167388153281496
0.20859167115960264
0.26682552738211673
0.30362324638944405
0.24103949729329996
0.32790147148128795
0.4237472197680074
0.396036449383435
0.29692226668660426
0.4292824880879993
0.22796294760426106
0.5178697901078382
0.3080470744443871
0.41714147174393085
0.5880097678253968
0.32532770893799445
0.3566440908031552
0.4927262970448145
0.34263417322597334
0.31521293932075056
0.34775106819958845
0.3674679185038353
0.2915094399051127
0.32537008767496256
0.38586355721737325
0.3121794191225039
0.14322923667782228
0.2605924241514761
0.343855515349536
0.3287732989495573
0.29194305062127657
0.29292759721097306
0.43628719791230186
0.31432664820433165
0.35199606240753806
0.37839265696495483
0.46133190291313503
0.22928521238822172
0.3105597349515612
0.2661616994143616
0.1804120766252494
0.25992964390642787
0.24962502117994323
0.3845116061295389
0.42440942325943076
0.2777914011946762
0.19437119459690208
0.46328857295509596
0.2429110958919514
0.38606512472030174
0.23155175630902114
0.31726877980615853
0.2817599831520701
0.28455631629180955
0.29626862324979286
0.3669477870192811
0.19962898795255457
0.3253166149131491
0.4802045803970862
0.2498904890061122
0.27554886223240216
0.36974014490469637
0.19147433538233213
0.6011176199748667
0.44224668697273056
0.37125019120236136
0.17698099142759896
0.3827529277197177
0.38565892508078875
0.3488616556276237
0.3097880319310622
0.18990587555635757
0.22584169931065223
0.3584476097881646
0.42014754683955813
0.3060700246191957
0.3029657483763683
0.4021235282105428
0.3876733092454251
0.5556946645481932
0.40067948786428537
0.25785046296328007
0.2440291442370486
0.7013807992182544
0.30026183001345036
0.34584817026832315
0.5213369833150046
0.3729531595283558
0.2968559810750689
0.20632927368423182
0.3898962447688717
0.3653900725693762
0.2798793349778306
0.5736752822319738
0.31322941079154853
0.2220631032849432
0.319002565172862
0.3873218064294994
0.42658332656595954
0.22645002121730803
0.2185263138433811
0.22272256297876766
0.23344032511387608
0.29712620422629776
0.277974734529542
0.19810839392171328
0.23472590311437633
0.22889061577222788
0.3337706468098602
0.3200277115727005
0.30955885825492263
0.2667626893036071
0.31897465629778615
0.35001188104397074
0.3988655245633437
0.4205493177490837
0.3701251562959487
0.40455638617638845
0.374420514806452
0.3873366723461076
0.42680058538581145
0.35039541181365913
0.24573481897519417
0.4199874901168672
0.21696672534567582
0.3834988394977669
0.29579289410948034
0.22868047193162877
0.19855136184747466
0.1970963744983412
0.16980135661434137
0.521330406712015
0.2707133767248226
0.21271426340157046
0.37795676231985376
0.2447500335105142
0.3955840644150431
0.315822685331324
0.44462293391689844
0.22019748344375173
0.30915808477860884
0.35159710215803386
0.29721884752178745
0.3008405546338098
0.28329527401843524
0.3011827029215644
0.3931503820583935
0.31527474516243204
0.18532795103623906
0.4474938506345152
0.2498207918339025
0.3078116550164683
0.6894803869797894
0.3565660727689219
0.3059209164508396
0.41245065913306417
0.4890436223269453
0.4140450498744806
0.3194698872368011
0.4706694013529366
0.23640983970751298
0.25445793187828497
0.29187738626179544
0.48098837680664247
0.4306688318636795
0.2967767931960247
0.29811215493963766
0.36520175797309656
0.30343220121403325
0.4571509810028099
0.26131722250073264
0.2904980870201517
0.3173515068421361
0.24448706525968666
0.52279097952375
0.23257647056263583
0.27271889156253165
0.5457207191577957
0.31857952259370664
0.3711425293391508
0.43359466561717647
0.2343448205985356
0.27789608788613507
0.32541981300853345
0.2776675210789432
0.22635622476480394
0.33246099047419153
0.3653295239638832
0.28597969792653416
0.31668579692651494
0.50288217291598
0.41544647801818546
0.512274941305302
0.3035639015453986
0.43537299855410055
0.24940536649866576
0.22640815896570995
0.379885156510536
0.2298552081023787
0.35058279020909744
0.3118984190025737
0.26016277580466896
0.3960159268357811
0.4318737276344826
0.3111604587358978
0.30776083678462146
0.2378583346058483
0.2776280073020534
0.254662415689939
0.2924376299043729
0.42425927461969853
0.30269403814003976
0.4272519572644147
0.22961611998315953
0.3575768478900112
0.38333896640546405
0.5339531690389485
0.24882844364004833
0.2922620054187194
0.4426488775217909
0.2609054401146616
0.16642512730907075
0.49733663396193983
0.28987142785122
0.3545553312067897
0.3524895610014132
0.5377992726672797
0.20429805758383918
0.33705258867399873
0.435018411466674
0.3609205375123069
0.28097998820966624
0.36641053565009507
0.3524856778698844
0.21862505025670753
0.7191433978429153
0.1782529725764525
0.254249599188938
0.36723758133454215
0.6078171270833301
0.3471283189996962
0.42078743553793907
0.43203265289194853
0.2088901250437851
0.4224171531599892
0.31217547208966223
0.19920824769667936
0.19033272126362974
0.385821369020986
0.27080767336295336
0.21060521312529804
0.19985858683816693
0.35684991935250854
0.3165786976223006
0.1788944553114837
0.3067554619587346
0.32725286296985273
0.37723259745810983
0.33656937720923996
0.4706073764825256
0.29806932890627746
0.3557573785674692
0.4314562216572655
0.45249801427867226
0.40684000057707315
0.35367880766186566
0.29026055903416065
0.4048091076574978
0.2769447839784153
0.29958970060364354
0.20329418645365224
0.2261221128969219
0.26463471701777946
0.27459583324952613
0.37714774005664303
0.2540002948910682
0.17254102753206252
0.4055477637363379
0.1951980362409613
0.24442486335618047
0.3905147249233662
0.26726042943073114
0.5167416658537365
0.29570093109430184
0.46683013736376205
0.1891016183389749
0.3585619048114125
0.278785022332325
0.21260114723581533
0.3404875642771547
0.13161880796463363
0.27503742126888325
0.48955042396321335
0.22932031207638012
0.4403571347827579
0.3520940407163461
0.47375147103037707
0.27400006363689633
0.37754631094169866
0.3101304769496165
0.20076964370035433
0.25471940074881766
0.1703432180782989
0.2720599982872355
0.4411590153347027
0.2804295787248306
0.3309220087476653
0.3256648939756244
0.24847177790974614
0.24740915966055083
0.3355106869217494
0.17891724437485285
0.2505814095779441
0.286045578760503
0.39497944526834566
0.574453309861394
0.39611068672022937
0.39381184771587135
0.3604544162179247
0.20688861285916915
0.20094284028447584
0.42973816257787684
0.2721664322113258
0.2893574953165361
0.2747376582763641
0.19348398287570656
0.4696408830997582
0.5067414608961868
0.26912997764313884
0.22778330481354858
0.4659481387122817
0.24925494387085143
0.28754016164341295
0.2582281820833532
0.48877365912416665
0.3053481035505783
0.31629430593031016
0.2440810638761704
0.3520243443014767
0.3918340828326931
0.27364375096306
0.257827341396872
0.20530934903709688
0.4396408696140345
0.23477978863320292
0.19102455547852754
0.18042251836410764
0.27337521323259556
0.20948990888125377
0.2362065411058278
0.5093932663473827
0.17453163422811166
0.21930399613559173
0.23761271433668596
0.1698226088065558
0.44223944997215464
0.34197208770772725
0.449795462191832
0.2911234069351809
0.23737538945641928
0.2585941746232226
0.4037083103540789
0.4145843644275053
0.19223167738656752
0.2693323738397724
0.1790560155252571
0.3101007590731927
0.5294222517491775
0.3164176740971657
0.33791044683609733
0.23010264198686214
0.3541365555227323
0.22133080119775725
0.4951017244453942
0.3401716519413365
0.4768366412471046
0.2361523585506162
0.3394550886010721
0.29032244554783204
0.19240872901723688
0.17994183321167534
0.3473299751281144
0.34750235068861846
0.20969545312797086
0.4206592285057607
0.2484329915809134
0.5287399062813876
0.3183509507083711
0.29873269754512444
0.14952946373402792
0.5040709376282786
0.2546317539369124
0.49457966057187025
0.2157409297595741
0.3583755209227942
0.4225072611815283
0.42193491342381195
0.17340998431622193
0.5070831230868508
0.544041698268678
0.34383373807139395
0.37176336397753285
0.5030530505728881
0.3938691468298061
0.45065321527314117
0.36159024503962495
0.22704539683015285
0.22882359746597922
0.4106353712973459
0.47707333915634353
0.36217509902191075
0.3403873612480549
0.2802831954518996
0.3193287308545897
0.27024703395160377
0.3674407792729443
0.2217886973427026
