0.5653903823885454
0.27680619451117205
0.19888960658818977
0.35090579405816297
0.4503368902541144
0.43806684729005785
0.42955787513262833
0.5996098496626918
0.4517197565230756
0.18754220527444013
0.45007892176179926
0.3738917784712532
0.6157128759853657
0.45722315561426946
0.16704699915459956
0.4633925819228137
0.40819907407650685
0.5685680111349912
0.46521877549116497
0.1895231878351514
0.5096724291049213
0.43690329019552876
0.37402717773091937
0.47848756021666855
0.17213183519270014
0.525371507287219
0.3644823928046679
0.4860378636314515
0.4193434456402047
0.12804704759840854
0.520114644040926
0.4031300869765753
0.4932008425812791
0.46914734310968387
0.19230956915153083
0.46276954906439466
0.45676878089292655
0.4984234922907483
0.4496620204644041
0.141049122823187
0.5171449847105881
0.4436982629578988
0.48260956858920956
0.4640442454953305
0.19726092433736714
0.5158213034511276
