0.3571320294121831
0.34307691181632044
0.2761600204101342
0.32120795648815015
0.2638273409709464
0.31516097984549507
0.2794019460040218
0.18978521517507052
0.37507446637186864
0.35406994954746684
0.37389923860518204
0.377792649320328
0.3608469083920547
0.42450038886038505
0.3970021914836331
0.37559622067591203
0.4590276847600371
0.3055395684553877
0.37852270253995074
0.522507490174127
0.26907017509937475
0.260660564364883
0.4099702797419292
0.4313842836738618
0.4826731645318361
0.36784720498662377
0.33486417334358864
0.3602819909947899
0.3903180445704339
0.29643883973513774
0.3382240975309312
0.24176486928999394
0.35276549479210056
0.4451317037281024
0.4802140236668332
0.38250007978679346
0.4152961549449315
0.42259572172832705
0.3456895388976979
0.4049711164235805
0.3062655848486355
0.6838648339004706
0.2550446394264239
0.3585283075045051
0.4012078350087858
0.4086676440018796
0.29071695538082126
0.47586785025816364
0.26658231933509935
0.37938343640902084
0.3767294870416298
0.31573277245199427
0.299919513763969
0.1758071163627296
0.3270343037921577
0.26402778454698406
0.208214550253503
0.43138088784231166
0.3402572911428581
0.2648175017019633
0.2704955391375849
0.50477612319936
0.431790024909859
0.39714624362331025
0.35785516761995684
0.44265102120220057
0.28577315252907876
0.2836196314925044
0.32452808663041177
0.42682492339455375
0.40629933300225995
0.36347117982024085
0.23146548475574644
0.2786519067417603
0.30972737209556267
0.23059514753320287
0.32825917411004596
0.33972611654828383
0.30306945518206624
0.3712892464150655
0.6470313932366747
0.2115273078923209
0.4296434454141305
0.33973198154873097
0.5670651106007004
0.41506884687555845
0.5630068967808352
0.41175077112651903
0.2939528162854626
0.43170119372210203
0.5431213389943157
0.17790598825017206
0.2167989191071244
0.22642926068720803
0.6711859272568904
0.4225146213813969
0.5139568119480303
0.21734807563911013
0.3758092825042857
0.35952068129711146
0.507876272889969
0.35710909410462616
0.2788192331196922
0.44856039213481075
0.3777487329882412
0.3391284962133458
0.23704177938345153
0.47345152924648215
0.22230033035917632
0.3180287131290553
0.4427931099831139
0.3410194142421557
0.32745614123017225
0.3086451168422712
0.4320866934556577
0.3501453834663981
0.19384343021829664
0.33040874382777935
0.376884117096879
0.31582338911213875
0.23880341051346132
0.23067422089988293
0.3962838803328504
0.24344418994219952
0.42529394683818944
0.479932150610808
0.4377235793628594
0.435818298658978
0.20554689875217344
0.2425947420107199
0.22366123074192937
0.43342327243975354
0.46692615375686225
0.4483654048012724
0.24175646919139276
0.14433297050753993
0.2081424890753013
0.42174362620381606
0.27974819517767174
0.22534251120057067
0.2420689836777022
0.37604590525102916
0.21100493673880522
0.33555642212335657
0.37691123474910765
0.23913094738269733
0.36664656089435177
0.4418520893963388
0.2473431884448317
0.3688512843410316
0.1780612322322965
0.3240069383404941
0.35513910331624654
0.29331264962715864
0.49312225291438183
0.34757805120164154
0.3099487285464561
0.22167967744124015
0.2575037272665829
0.7147943184610122
0.42346122954993026
0.3161021044814448
0.15745970818983243
0.3739468274694679
0.4383814932953703
0.18666202024603237
0.5056793647864075
0.22194958528950434
0.3533214061313645
0.44430159024140564
0.37737175496480185
0.33877167025589827
0.20741061325915386
0.3997626208415751
0.3110309022335759
0.3905880767682205
0.360721616943325
0.43437016241993903
0.49509286789040946
0.2946774343354351
0.3992252178314444
0.1698929295181351
0.36181065933826095
0.42588891121153616
0.3855155938123706
0.3962659546897294
0.3822747361315855
0.33827773873076455
0.1860751438882041
0.43609360788083285
0.2367734277842874
0.32887804295455453
0.3186964272778696
0.20692911683872414
0.2962324161819508
0.25826026047254774
0.24817937352449534
0.3341164941210252
0.27642122529704916
0.37038057532471813
0.438322315572689
0.2673547895165808
0.2872537873996894
0.6502864019409217
0.30689719786006714
0.3534061054796209
0.21428821895658162
0.35271014664835293
0.4658449698041732
0.4265679049300471
0.2922780455396932
0.4421097849306549
0.6961936299364189
0.6917322866327299
0.5027920291637054
0.36298812900166466
0.295711277979102
0.3626832695148606
0.4247282958404035
0.3635737383541292
0.29729463357504643
0.21478113673502047
0.3074772648134211
0.27602532779270567
0.41964610006304043
0.39539852190498376
0.30712327081429347
0.42552933100481694
0.35525036607182126
0.3548367241582771
0.42985159755488617
0.42145327806443245
0.3116454369970131
0.4573049139865711
0.38098977579704185
0.19123368627856477
0.42308038198776327
0.7691080624857262
0.35750095942179394
0.4449052491998686
0.2582032581229099
0.43288692745224483
0.20981016309567915
0.4315266712364076
0.28252329749431365
0.44292054732183117
0.2637749045519535
0.2946639101752929
0.2721354395730151
0.2539385481537611
0.4012746259896794
0.26945731832498726
0.2942070963582257
0.3109082542002912
0.38068380878399444
0.3134352924846401
0.3045633742366371
0.27437088912936347
0.4159083962700888
0.3387605677472059
0.2919506560850061
0.2692176943653251
0.45112379419981447
0.3128140283512228
0.5109851087544605
0.37712514216264653
0.3486118974447958
0.27767771342956143
0.37639350971186397
0.4627710932058412
0.2228199896052553
0.38992975111639466
0.4420641315352563
0.33159530394344644
0.17580136159006438
0.20964338968272977
0.2538821900029504
0.2298941221825441
0.41110189829694965
0.35550086371920364
0.46131247918142115
0.23352263752737767
0.2148512315385018
0.48772353453035644
0.33779930960208876
0.25817980471772034
0.3526894506872867
0.5804871077744462
0.3765974832353491
0.2139925621001116
0.31033369567103297
0.5040727590438807
0.32255794119788866
0.41581471013369947
0.41161069415462354
0.4248943212159386
0.5785915191646747
0.30414414624955555
0.3433029412354
0.43257026676650767
0.25130076016927577
0.3611475790796209
0.2955227114144862
0.4589331547106877
0.4464633390646334
0.23108031186318054
0.29496330312055663
0.3660186449133205
0.3481014902197063
0.3620804239644682
0.2545312529558196
0.5276016708324781
0.5687197637995757
0.49577490049474965
0.26183119473752053
0.25868755564134194
0.5254544412861983
0.28564190558454505
0.38544970791049105
0.29597955696207073
0.5036778409174644
0.28331974287840855
0.43209542167146403
0.39135351960882675
0.33398411011799234
0.351616453871373
0.23895692206992616
0.47820013930842314
0.27297168945928213
0.43643018652504323
0.3351589141004542
0.43044072549516776
0.27721491854067026
0.20008569562531253
0.24341812169472252
0.4722315191132811
0.5711968297671848
0.41786764076591454
0.340039296267838
0.3711043690517885
0.31767128138221595
0.39031815279215787
0.42792131349849144
0.6454797893378376
0.44571372314487756
0.4128780806372237
0.36193284892075533
0.32590639110585495
0.4608918266234268
0.22212968277222594
0.3943334230934342
0.6881929551527072
0.3515349628228809
0.47065306756410136
0.3376062862659152
0.3948319109650508
0.2456895755534651
0.5121453011885131
0.4528630294039763
0.3107275669458315
0.23033598301416225
0.35548683254984476
0.31683316492836494
0.2513710989056535
0.5900576725136607
0.4480424947030445
0.24598999727730766
0.30260021980760954
0.38167972365634
0.5472931131678411
0.6359132647645939
0.32083368554437564
0.3589007772373952
0.3353093298395409
0.7296284120905613
0.3970633794879315
0.5891244462037409
0.27534709914664357
0.5900789034688008
0.31761153023884536
0.5290457719720605
0.6479140452648574
0.39097888232381733
0.544962248278025
0.2535848935166215
0.17276601841842365
0.3376052139203838
0.36564228603106586
0.7432321037885323
0.5138323445040014
0.4939730166655899
0.2967832552155578
0.39901366278599343
0.32590781184159345
0.30654869639215526
0.2733382658802361
0.46221549409218887
0.2583752317563541
0.36353062530752545
0.26989223765113207
0.42210029970128554
0.4348157999908622
0.5708741995411684
0.5207451442057215
0.3310624512204366
0.2291703218816397
0.4675501619925216
0.36779680740073095
0.5202811878040511
0.44756262990969986
0.1865572156752001
0.3705944035032643
0.3146155934433788
0.3135848195567744
0.475497923505593
0.2801313533881951
0.34257574467214513
0.3641676551238371
0.6332291755762053
0.31692366032634633
0.29479770671808114
0.4031825315434656
0.43099791322074477
0.3911118048930598
0.5021678306821267
0.29907205035610895
0.45334542747404855
0.2962418073861537
0.3847075352661828
0.580300975938713
0.42617044788859554
0.41403338135677825
0.5723491432970995
0.6017360873702096
0.3295984602274137
0.4894532237903627
0.35633295360550166
0.42332603044880923
0.42704691785550997
0.38066978442306054
0.22735853165952485
0.2892969652653149
0.39486889998749164
0.6359141433594769
0.35826862043382013
0.45100680861133596
0.4327505206585646
0.258438206870681
0.42707087814062844
0.4358982841895966
0.4804251244288196
0.40803582981078795
0.4340106197392872
0.4476575422607739
0.3974333145451805
0.3866708908635421
0.3791071971501433
0.46958313094034737
0.5899498673271809
0.4063662658973129
0.5233117970459035
0.2519681417297252
0.4414205919638075
0.22903352816562478
0.4518251565185276
0.6840683064182944
0.40164652951735275
0.3124894848422185
0.4416742949396272
0.418046115785635
0.45480478942531277
0.42488175618981716
0.5319475549357849
0.7200156742917742
0.44565232798995574
0.6064793433040623
0.5815229962228835
0.3316857184503172
0.3280642361788827
0.40841592471533383
0.5311253305856206
0.3505545824773257
0.4151140616687985
0.5667985398019396
0.32354526829211655
0.4953624815743565
0.4691393619810518
0.34787802919249033
0.43598913685607893
0.5674373848633361
0.5635168057557349
0.4777663929201541
0.5307663774663107
0.4616885886285745
0.4163883877170744
0.5196175108897966
0.2919626666462443
0.3576229616368502
0.34930076936231025
0.3366279282579443
0.670886487698265
0.5135502597411193
0.26523492033970825
0.5046704028541433
0.42803863936232067
0.41764536112271655
0.3142899310122178
0.529100206189557
0.4895363632784724
0.32229179242962813
0.33542978785952415
0.6178753514722559
0.39152687235022743
0.4088336734321743
0.3961290597254398
0.47113845328641224
0.30999027361685766
0.39512548496678057
0.7153724609554736
0.4048980630544177
0.51043882767234
0.5381264965878675
0.5229417000663058
0.421919103274538
0.5389000160267511
0.41565373102421826
0.34814000204674056
0.3360549995981587
0.4371709587558411
0.2667071595070598
0.2778310085958399
0.29499887225817595
0.4584744366485366
0.31219957922603486
0.562270395369791
0.22547593455358114
0.526680074124231
0.25107769625163895
0.40819829840774474
0.3302776899570398
0.17583714020561825
0.2100136409628339
0.21541305129763566
0.4204619740637635
0.46268765800375267
0.20218778045654157
0.41089361447808914
0.17981742056370636
0.49863313586686725
0.5318894075714125
0.23146428105522124
0.5496888889592383
0.340464950591586
0.24251244953311352
0.3088522031731314
0.29580927222226217
0.30300882737077367
0.2718336613931698
0.33478747299795414
0.40234061693524537
0.440343506266813
0.37214060913345814
0.22682996145747877
0.41559584497583973
0.5919566615368143
0.3222466710862953
0.16013128008695102
0.21497791954846562
0.43074835426724495
0.40745511328927503
0.2636166300041846
0.344138190207012
0.40224628023097364
0.6028249044697078
0.31677655268806476
0.2366828781390862
0.3193804151944213
0.5680276101894856
0.30122601976897034
0.4924032927478745
0.3119896772057276
0.24524694275763353
0.2413304394864866
0.48005667090864435
0.6548863557848359
0.3380735720289376
0.3904053781540719
0.3483106055420125
0.2113459133591345
0.42130495848124805
0.6446395855835383
0.30210820176550746
0.23419158302869747
0.42429572930897064
0.42009835495309966
0.3462925336095886
0.29310980681241616
0.23989250889164007
0.47763455087787976
0.4322522097749487
0.20687662118092612
0.4126850875217797
0.42334501245224476
0.25964253139848287
0.29491135200238155
0.3064563871621721
0.4695306508545247
0.3088653862770587
0.23142588207346926
0.3644950220354819
0.49694518275750005
0.3996415038081547
0.3062197552827718
0.6877792227555188
0.1930264668838974
0.44813843822944277
0.4790541731377029
0.5668309275156045
0.6351475594228274
0.29506465820473254
0.6852263527358875
0.5251796447514686
0.6921476213826767
0.47016874506642475
0.44881019093137786
0.3138285064216968
0.44717263818813563
0.43195530771785623
0.2378803316250354
0.3813570093310498
0.46644488661467964
0.3252834780958327
0.25762887935936096
0.4501633901997517
0.2438339454893432
0.45491035880332736
0.5887521523195166
0.3427677296975388
0.4660262889613943
0.5310449812343759
0.6186114079463136
0.3915234590505152
0.4729799958907006
0.33262808385915793
0.4531226323946745
0.30652318629208664
0.2932314946295471
0.42774217708155204
0.4122381773605081
0.37280810126121167
0.6220675309209859
0.2808589062707838
0.4600787522850723
0.3492157616399879
0.5727044805773414
0.5478174161115896
0.4518833542807022
0.57615168112416
0.3441645447488721
0.43525008710627117
0.4905738456743572
0.42328979057094496
0.5150309321268731
0.5151112846666389
0.2654753640631937
0.4952507292630353
0.5268072225246718
0.37960400717594045
0.4228579226461224
0.46932156521225954
0.4519359881809861
0.5261792722103914
0.31804924070571683
0.5004050786351584
0.6937636267158522
0.26649350980196806
0.4511947450189044
0.2801321740640283
0.33405214787830617
0.5907289707556573
0.4479543515335282
0.39307863064171933
0.4598745007974977
0.3556535523536562
0.5021756743826387
0.3520112294580085
0.5788486795638869
0.5130645830782691
0.3831410448912238
0.6193629066988549
0.4251085633344057
0.4542534994269707
0.4487549705565535
0.4479670160664161
0.45513618450058824
0.402971573096908
0.35962596647780837
0.39078000213363145
0.3487183463252312
0.4161562084150148
0.4375299917197883
0.3874278048408114
0.5021466900255973
0.6941349224406698
0.38383657634394464
0.44511399477261204
0.37042268769086606
0.5070090912706433
0.30336288998436406
0.4422769676930528
0.3053424912428256
0.2670934259352667
0.44025432377586177
0.33923729485819226
0.4351201024194802
0.4823005771121092
0.4241481984960679
0.4207033139654453
0.34417080881796486
0.5444809499509083
0.5506848096681796
0.29599593313261
0.4595760702024614
0.2816649024091111
0.45986117590774717
0.44930592420346493
0.4037358178491984
0.39713655327731884
0.5499047871341298
0.3386111699403092
0.5498979908145374
0.4369428824416184
0.491625980298174
0.2943478855715861
0.368238426459371
0.5356566066167603
0.5729024291331517
0.23282402496245805
0.5193985089117137
0.5804699435950674
0.36769686580736827
0.3757304150128431
0.4175284343832993
0.45921317640237647
0.29941982103330966
0.4724579436047482
0.551478934336877
0.4993384750266907
0.39058268876881336
0.6284231058285351
0.25771948196845074
0.38670131677198405
0.6312116794206287
0.39171271361644483
0.19473203750595552
0.6372171392740634
0.39310921817467237
0.6642359896385824
0.17546985318854996
0.5795190096404993
0.2865423751156904
0.3979598409777751
0.35156313913668835
0.49096349623493596
0.17482467461521448
0.3003998419101082
0.5635442241654789
0.23347273588373693
0.4238348845766253
0.2929179828237247
0.6478457351612378
0.3768037447290645
0.2312523702973225
0.716515255997422
0.3166161809871023
0.40727865527308876
0.6194231254810301
0.41240023939991377
0.396341888898516
0.4225296766739136
0.24514856535201682
0.19541916924014335
0.3319527668309184
0.4184634053391767
0.3653271394567579
0.5617463709364835
0.31483202602878346
0.3101710788882792
0.26673878221571706
0.5637919047444053
0.4024207280428273
0.1948910611777225
0.5862402665138339
0.39666854405169605
0.42763709202598
0.39111044841740444
0.49663329618192403
0.459493634274627
0.21620171384270814
0.41681487134620565
0.4316578824869087
0.417991135205113
0.3556729828548656
0.4798573296201028
0.31140622528308937
0.32003162813944835
0.4340990988107324
0.4181709926486833
0.3410240341399645
0.5200878877880131
0.20289265049297817
0.4304962923307972
0.3827971039305283
0.4576397359958601
0.4522380258476627
0.3779323324957738
0.33786190730050014
0.4105135544357747
0.2945593152019094
0.2535088672773493
0.35100048065608985
0.2897619140021259
0.44158227497637303
0.3645989100405231
0.20180633413539023
0.4373345259791643
0.22848135572033895
0.3013881271196626
0.4367489052837933
0.29860149467951413
0.43724596703832946
0.40078472408891197
0.41344133389277027
0.3414792293727331
0.39297327396399256
0.40203463427735936
0.5853428375363543
0.35399895203431925
0.37769918742164427
0.49222678715050305
0.18795552588613926
0.4781445044460659
0.2369077892450299
0.516626595695389
0.39955508442535104
0.3703411447597527
0.3913761730876889
0.47345945378673066
0.2963329226596154
0.3481902325674129
0.33498445138196414
0.2714504507345241
0.3859946986490319
0.4957775587069391
0.3396754283650596
0.3357222180913011
0.25416067324497993
0.46253062554312974
0.341153229812498
0.191451416715327
0.35190261460773176
0.43059431429249445
0.31360227059157664
0.28379668166833494
0.2976174983465829
0.28951822558196266
0.49839327496689556
0.40987876121954486
0.3694386287379123
0.32032876493497264
0.38260536939317935
0.4644372768775542
0.49432559146490024
0.49270455560544024
0.33810394325125587
0.2272236794706983
0.43645686026542807
0.2940521760186621
0.3628674833832595
0.4514063434076924
0.4322270005210693
0.2172562675017669
0.5558256597214927
0.28360096280323926
0.6988495135186443
0.42327453942369964
0.36026367725425623
0.28142256128450255
0.5391009054290548
0.41865795469542266
0.2900877608780825
0.4204896486763793
0.49015998028576946
0.4798587150887075
0.6238986255340747
0.282510583468291
0.3471416688038377
0.31026451578001113
0.3734687668885052
0.3528405740235726
0.41055152348456286
0.27029173597875655
0.358000680744198
0.4086169783187184
0.25281629134012434
0.27565299366013624
0.43361342189108765
0.2588484746898804
0.4733611718015144
0.24278617625779184
0.2673917930480052
0.5287526163984627
0.3919233451950214
0.3922513325883367
0.3160757935416512
0.3278606597050792
0.20830658523347934
0.4101431456296847
0.30367621148860735
0.3232179668456265
0.42941875244182737
0.3687595494769315
0.43881259667298356
0.6702648580876739
0.4782053233253651
0.29058324173633937
0.37894421369781994
0.4488883433992853
0.37048706703901235
0.3671944170140254
0.3167709991583601
0.4613212277402332
0.36924409396844865
0.251420775717376
0.27622898363444043
0.23756916926042826
0.3649328895810965
0.2701383432586865
0.2041279100528039
0.2508367804680921
0.4429966085096931
0.41308367478004154
0.298602866641993
0.7042532796405578
0.18298024352135359
0.25641336909547113
0.2674312898972892
0.32352353138508394
0.30532403240833095
0.3451050249121578
0.4062436596945661
0.3503216765997488
0.4062855948136796
0.4798671826064234
0.36208801164794285
0.4076245564418089
0.5156515645648971
0.5617912817748482
0.42428311607417774
0.30188426777731825
0.8254254577162481
0.3865263969185814
0.5876004237731385
0.46480399849536275
0.32945144184363306
0.26523163791124815
0.505198332133426
0.27361023991821243
0.20278642063663146
0.34918537025835633
0.2950984276786627
0.38294103722696676
0.4819572145285682
0.5971993715415129
0.3708134102230594
0.37838962463076964
0.3562109026632104
0.45714815351678406
0.30875896203168457
0.33987154747689635
0.15722470933508392
0.3329188973109841
0.6426347761541301
0.4439801215066711
0.30451080332726754
0.476940795513743
0.22313714195073195
0.39749230708206096
0.35146944171080235
0.48203006072399684
0.4349779089830664
0.4083708883471447
0.5142026972349537
0.3025963703117095
0.41824520141648164
0.44072581440750214
0.5816340561345011
0.29411963127374874
0.1905330588304297
0.4986140204365029
0.4963617700871324
0.3432370951576475
0.33665628921912183
0.8781522259314114
0.20182799940678253
0.3762552906095421
0.5749169854161353
0.3026512304153737
0.587534049977699
0.5123311811804389
0.5583678625628266
0.3338867621879185
0.35104458560140195
0.16303039860946383
0.40274314813189316
0.32299467938237386
0.5094023044589804
0.35875426907126085
0.4668519734565282
0.6020680888874825
0.6608294375350812
0.4676155432579962
0.39484643106657324
0.4307302975216179
0.36583020838185076
0.3571462878245191
0.5101152793274141
0.397626616583226
0.3256542210908569
0.6622468820802175
0.803974888272701
0.4370247823678845
0.4432324537152563
0.5971931401547491
0.356303510970142
0.4090112671998022
0.35115571897621745
0.2141642847579416
0.3636481102534074
0.2703894923143302
0.4004329982204572
0.3443384734329482
0.44425998325588273
0.30511996282819204
0.34157387281290774
0.2905776191120179
0.3864905839623843
0.2647117211322383
0.4847471364558246
0.42128595270354197
0.34217578064262427
0.33196547640425167
0.5042977557142373
0.47072777095774304
0.5061026780378088
0.25210871345119906
0.23459046587806578
0.24877904285875746
0.4661634118033668
0.34848370947926666
0.17013761462467547
0.46212395288367053
0.3640712293261681
0.4477579165558779
0.38779989828726613
0.3984308844918961
0.3296918669600377
0.3449832806633816
0.3548407058787002
0.32612214124704914
0.3103571104028028
0.4431847036405576
0.24236951626652523
0.5077878583201328
0.5492466205623914
0.18232589114240605
0.2857672179364167
0.39186994157026267
0.486756879286682
0.3762470203214318
0.34476550822292096
0.319786490588091
0.4847730680603836
0.4637927043796938
0.4463330428353675
0.46472747590395225
0.2776269426429985
0.31876225593201246
0.44138369535139865
0.3332448888345056
0.3803453027680485
0.4980933496011291
0.3996735004410773
0.4933246706244847
0.307096439276462
0.47973548432349045
0.3688513555808909
0.3270836235900879
0.6758519354110712
0.37704337166174634
0.26869960072191
0.32796513781340275
0.3131308519623743
0.48051353237819294
0.28387141085476747
0.747306358504562
0.5268452241648925
0.3912436109501105
0.45570329414251587
0.38355207440193745
0.5123756343645958
0.4117500738203525
0.3199868167219121
0.41417700216496744
0.455588262335876
0.3031462642932416
0.49198230137297083
0.3773285192076929
0.3110396303540738
0.4962789626531017
0.2073628888571332
0.5426556808116507
0.47000096039650846
0.304419819556821
0.3831252236168394
0.5036803167668334
0.24591441178150947
0.19462137925844644
0.4006332276913494
0.5078810365402168
0.4529194304435212
0.2771803588605823
0.25456333742888315
0.43351384464476195
0.41522063510494883
0.27669048690148546
0.3745412790177565
0.2934193751752737
0.4250525464174917
0.5537761658110069
0.49636538662993
0.4101695621415122
0.47302535685291325
0.32602550784159207
0.3695488146542687
0.2626832583880569
0.2893189865085658
0.3243492377104216
0.5784878891328255
0.24297567769711173
0.5162139219568176
0.16373728535199006
0.5067423951927538
0.4186699610025783
0.31473013082935
0.5146127379860638
0.3901423434603575
0.46065350291007545
0.2613115748537827
0.20765275923354298
0.20616626426998072
0.27539035097107867
0.5988661783637984
0.4331764644003152
0.38774662402920973
0.6682341415126836
0.31523176879547865
0.21704387769575406
0.4052813063054887
0.30388002430157796
0.3100727983904952
0.3107914995977893
0.5176027815351204
0.24042752416598714
0.3158051130613544
0.3415864703565989
0.35468147402897326
0.43960247735164404
0.5709685397430257
0.4227747306523805
0.22058535827905895
0.33300043294538223
0.42070854315728057
0.45638838346101596
0.3839562979007954
0.17065011436048816
0.4294649780517913
0.4818046363059612
0.4423509735472896
0.4541648299648168
0.24950886896903088
0.31427436843005
0.41670924829467265
0.39177431555356657
0.3962913948449049
0.4280893241846494
0.3411682728446051
0.4058981118478057
0.30016246864585633
0.4220124691397489
0.4594248684619745
0.21608963484729765
0.2945988812516826
0.29734767851175004
0.3095085303423447
0.4058739837105191
0.5434226977411086
0.38557636606024853
0.3971919841000935
0.17293506027574504
0.5100061111115615
0.3775124338233831
0.3696164131922841
0.5584157542246502
0.4082155138211746
0.39385112748989326
0.41138183726244715
0.48809664451037965
0.2257657504968914
0.2487412748888915
0.3723606980858579
0.34516412791070966
0.3491406686214379
0.256116040209649
0.32429765671950883
0.23798229774233612
0.3473717876094978
0.4646436080233458
0.6092745984892692
0.45156155141974336
0.645058676329834
0.321363239048023
0.387892776828147
0.3455797734743296
0.3513277941420796
0.44846669522591076
0.26543555108183126
0.303826462115338
0.2548482003510143
0.3719367455825025
0.44837816344888276
0.34835120764990063
0.2747590675300098
0.7100428465674745
0.5100242825418952
0.3629179575382106
0.19351228327432493
0.3406642757267397
0.36188289085235603
0.4782638801069143
0.36352183329639465
0.3961284794069478
0.3055455034592714
0.34085800181763715
0.33233459899350937
0.4976898058921879
0.44011115069900025
0.4466408551801661
0.47317448614944935
0.42292457013376666
0.33688663365909705
0.46599007012466864
0.5043636384710222
0.36815835819923953
0.281267906213775
0.29276807537931776
0.22726897987293565
0.4319123389501311
0.3188448570116879
0.5305982407260111
0.45012501809706684
0.39158672100416847
0.34418962351299637
0.3731099325376558
0.424643818641488
0.4290372626367844
0.5054428144340332
0.5773453698766406
0.3517383741738738
0.3174443336967794
0.296260458560116
0.29285577857830203
0.4714269356438979
0.2562982551866328
0.3965162169919474
0.4291170954462487
0.2878012026304687
0.433280044003274
0.2828179486287862
0.5535735923379576
0.29864020584450224
0.2497070214125301
0.41998862937789694
0.32809802361138435
0.17673895789222704
0.29755149360289734
0.3620663919785821
0.33072472489861154
0.29333673180474457
0.5120321137194743
0.5942324941207061
0.5781715201647516
0.30102977593451363
0.46849022349070674
0.44573436368046454
0.5291122596076584
0.5740412847523955
0.30509983586298695
0.4448230969580938
0.37489303328521306
0.6126624430642381
0.43286522180185155
0.27412098635370025
0.36395749119357046
0.4700010451405463
0.5302814049191035
0.2657751443656237
0.25287370453051394
0.2759067093892063
0.4026704037958567
0.5281266884066051
0.32233343696760974
0.3671200478928987
0.2391429231006437
0.6431906325819906
0.2139982782631739
0.342840881515114
0.4867687114630616
0.2520752773027746
0.35927471948812933
0.4316693059343077
0.4867448315662727
0.27025569745445877
0.5028681244805867
0.26341190055900854
0.23242406937107749
0.27854772497754604
0.513071479710007
0.4899618367867495
0.43189624335788046
0.3780269247176534
0.2138759172119345
0.20103324774101064
0.44077212714538966
0.1778727273758624
0.34555643894396365
0.20372635702474623
0.4050736204588997
0.4565363750195546
0.5549279994182146
0.21029273781896668
0.43991667267619866
0.3341342635802525
0.31608498624889547
0.21872572933984585
0.4543338034247263
0.4211358968400505
0.3090831487904253
0.2822148604954261
0.4168718129019101
0.3339061610631966
0.28363845917465763
0.4864673804337748
0.546354144445882
0.46283229564525946
0.3973642735913019
0.3418747502922003
0.31641020747866616
0.359468822605318
0.5436121391115685
0.3583146257030679
0.6960456069327365
0.3067387756874679
0.29861826180506307
0.37866392483211925
0.3562756845111213
0.4578876015138154
0.31959850639271065
0.34664425207913785
0.281210283306412
0.4828963677596983
0.35439971463383085
0.5600759137522218
0.3578478433608485
0.46594945989654724
0.5987834656021448
0.39416563831270474
0.3719523029573732
0.5143117575587076
0.5473769590353682
0.3062053285874745
0.5105461965160715
0.29107981031200836
0.45332266581486524
0.20903740343767538
0.47365102903366163
0.27405920380352683
0.2428253324301083
0.4681015244447438
0.25310242678923
0.3054925876621368
0.3254083939209692
0.4243298756335427
0.405919021006763
0.5240288615886741
0.4290901783742776
0.29418155735661833
0.19654112258034015
0.3668721662060863
0.3105893386574088
0.5223650409371954
0.5492606348785495
0.38544196581544177
0.26188771856971976
0.43861241514332266
0.30929841368218053
0.35955506435846457
0.32707103892553296
0.28445569126036524
0.23341486645648354
0.23808140081233684
0.41724348044464227
0.46450179968937316
0.16273740405150436
0.34031544245654227
0.6642894045307836
0.29607980061474315
0.5883901133056575
0.4815632229255325
0.2583100642796853
0.2616613579780645
0.24324311232836454
0.2256570260342432
0.24282885886763733
0.31225397657949044
0.2083366532553369
0.3487073726183768
0.20210223512906056
0.40004542007592936
0.2976344376941944
0.4568039283621091
0.3385672687025533
0.43857705987812556
0.43985664618298814
0.2097521317352665
0.1796619539189915
0.3282791762404607
0.5266729910886009
0.3946247393309992
0.33929306819462624
0.3681241004688107
0.21427087644540738
0.3951444097085845
0.4154134090705558
0.4731911523211956
0.37567697371512565
0.6090352676280711
0.2809139878840661
0.5790359800339789
0.44913484476677557
0.4482908645599126
0.2769577540209504
0.36142881371167485
0.31749252022423813
0.45712734914667874
0.3372499387631397
0.309855337747756
0.43786413542033276
0.261876022133576
0.27975760237364616
0.38171555512017336
0.31266018434814125
0.4563926391755149
0.2611396725879233
0.3089738081599373
0.5597398617721053
0.3561247622465687
0.3697337465099807
0.32037709127646585
0.246021506088839
0.4518921393256688
0.36628279006023684
0.3446802082753776
0.34244616345332635
0.32324919575707406
0.28598218037678486
0.2230455957974183
0.2268687442130866
0.28558822641160214
0.38635991899791694
0.5357226857067287
0.3340341054471878
0.38833204033709356
0.4180015302881741
0.6823906755550452
0.741104798742968
0.4593392777194155
0.46531190468416206
0.2878703357401454
0.3495000713857951
0.2856587996989206
0.3198459254401734
0.30126613903027144
0.48275924199355513
0.2832384526694822
0.3655919920526304
0.49258698276976254
0.3451716282482422
0.517866998556066
0.26580027301996534
0.24676109678426575
0.4131924381785136
0.5001100202498923
0.3268712429958975
0.5461812448549516
0.37280829988877184
0.35360896304183115
0.3063891936976958
0.29716695286012274
0.4393493747068981
0.20260686641058226
0.4399951026115702
0.46608391407451366
0.2378596681015408
0.4779357176944598
0.3724419472486641
0.2916792875455588
0.17373453754361834
0.2771781147102196
0.28426725379214884
0.5137320233447205
0.22004401206536436
0.32639836801547345
0.5708928489704576
0.34448241207850017
0.4138425773324721
0.43228324835144577
0.39914438226382537
0.3851106041358788
0.23433348051239558
0.3200571090106727
0.29770856282930175
0.46894857491867736
0.19525010976019333
0.4630574501737114
0.3273496978956857
0.16703453006442995
0.5032478274390532
0.3922719170727056
0.23788586406761492
0.39636036737177704
0.4826904401454599
0.32939254335055423
0.31402481344428085
0.19503344482891632
0.41427403877525837
0.6266097244796626
0.28020335480520353
0.3950994573278668
0.4195639514078564
0.45095235333241734
0.33280802010465776
0.4915474375881552
0.4717718234903455
0.4623655486188162
0.4063298601001041
0.30688257269192476
0.5746992729043102
0.2913728050854298
0.4666685450429965
0.26639604543747863
0.24347102443028484
0.33964316960515767
0.6357441584673109
0.3642605266937085
0.37976245975216943
0.35271973560937836
0.43538625717631213
0.3647070984153892
0.4954197807748675
0.3071358305130654
0.4271778013546552
0.41242897253322214
0.3387557183458497
0.3166792527276375
0.4096525555977038
0.25176127968984535
0.29936454372814475
0.43959792918153395
0.5353441961997558
0.46277281035982815
0.48008920324300863
0.24314836860781647
0.2856767403451173
0.4514207827784938
0.7303899704733772
0.2802109885028711
0.3011469585642131
0.40646612931344095
0.3589854543948405
0.32672893190685115
0.26143164687279496
0.5322622896754248
0.4107572883023456
0.42345793258681547
0.34580123965716625
0.39598210352210717
0.2220910803156267
0.5178241675686246
0.2131746584171988
0.4398288121382223
0.4310823746065466
0.5020483943160301
0.40582563795028875
0.21334010863396816
0.5553193600231486
0.3016557090854902
0.4085342494264105
0.610366846873779
0.4503437858537785
0.41865128292661014
0.3520102575408207
0.38930135113195286
0.5714004855189103
0.677379336753968
0.34047779441687026
0.649098557498697
0.5674009783966012
0.3626753870847274
0.4214812759423836
0.3874775558002726
0.3994892812480704
0.5314464564871481
0.2684472523071513
0.4751410849303105
0.20607818777689207
0.5045068665155783
0.3168668858547092
0.3755115283863183
0.8329883189317746
0.4067329317464549
0.34972866694394883
0.4683736216348071
0.49482260316032134
0.5202738942802541
0.3040040148295501
0.392953902911342
0.571148577309825
0.21975245184753564
0.1775372741012973
0.41363206678456976
0.3620018540197415
0.3451699397350029
0.5007418428744338
0.5130280140360671
0.23723983495066295
0.42185627315397695
0.3104597348881685
0.31010361976728856
0.5807010243107178
0.6334500040339388
0.6001855820675731
0.3587730326136555
0.3690763973730013
0.5169779712103166
0.5345672418909672
0.6147955824149546
0.420175708702672
0.4245605310542263
0.4574897282112067
0.5091740612954048
0.39937105286492086
0.36408532665601
0.5346658713658847
0.30200364984203437
0.4715178301594362
0.2929710184700182
0.5784666753080756
0.42071010394744796
0.4757394786525488
0.5052262595457764
0.4044483326230393
0.35230917957849267
0.6497816210828345
0.4948922692913111
0.4053842537895428
0.4132419231663496
0.5192100057517919
0.40423567873534894
0.25958008972833724
0.5429336799736576
0.32930822156192613
0.27701305227239675
0.22437573842834702
0.3280876228426709
0.5237015257552934
0.7846329540431958
0.5727692291025384
0.46459401029631536
0.40536027099336075
0.3497177750637615
0.36687523923873677
0.3988377383424826
0.4787147575112543
0.4108267857905646
0.23851879085642827
0.3151686825760416
0.3459787308767664
0.9065920445132863
0.30845827767999956
0.6385697044162724
0.4138073717451864
0.6594340697408847
0.3505606031401405
0.551399986344083
0.18459477013840062
0.46254304784881534
0.32138450848188194
0.7310236234940829
0.2158742578585918
0.4531059347152369
0.31634453995943035
0.26633567445947803
0.5919105592571591
0.5240589755426619
0.5134599905056005
0.29425781319760586
0.2632744284928581
0.46135483628678126
0.6143530332720545
0.2240767572632741
0.25283457455191993
0.3962341317607642
0.3475510974150529
0.28559839443983825
0.31659765071841145
0.4408485071643443
0.6832803128534441
0.6589597061876792
0.3928127417007093
0.2986114436575907
0.41585941102159857
0.3875948034128273
0.4689052604005696
0.5861111338238242
0.3913015716073329
0.37493326005917726
0.4168877997079616
0.6980895024697558
0.4169653798058681
0.3559661665660334
0.4736468317614573
0.5233486180207095
0.5512388383069466
0.24671197752213056
0.49476086327761554
0.5101753615632377
0.3032642225526994
0.5498227834173186
0.4434726973539078
0.2021499167815261
0.3463612018034713
0.24143417174400283
0.48726931481347946
0.6720488957157531
0.39111225817766904
0.6403117737331303
0.2798046591071373
0.21063648393349532
0.2898626713721484
0.39945858192802114
0.40888441145686133
0.2972163724744075
0.47181441999697094
0.4953277772945545
0.3481114964882336
0.3826581824005665
0.37074523372466267
0.3266322391327176
0.477210082978025
0.45568788687914674
0.7644025894880926
0.3870057116454117
0.27281200473884587
0.6910197500478567
0.4686999432821648
0.40031768449308763
0.38689812994743045
0.19243540640296777
0.2845447252393531
0.2834565295078238
0.3073886184035977
0.3628820438064093
0.5740547932954936
0.6840396652504948
0.3436710872691206
0.5491361198040602
0.38925649150266606
0.47050495851601754
0.41313153257136
0.38255424434745045
0.28021567989385127
0.23845528853917805
0.38930040464337956
0.5775925449699632
0.5536008894390669
0.19427274185172191
0.3536511424317855
0.2717523713436525
0.36159653680511233
0.553962866781558
0.342440924892996
0.38492483450056036
0.3166511157862682
0.36556280287518034
0.52300405513641
0.30488752144173104
0.42328271283851737
0.33992703812317127
0.3550315963458702
0.33262152895451685
0.18565453975785043
0.22982852687766958
0.33513505659794923
0.2678891796634853
0.2562470103776548
0.34120984470279064
0.29524023910213165
0.661425332923282
0.31476276402766074
0.6167587719046089
0.3760501205550808
0.2723123411310851
0.4846549432287226
0.3931951594619078
0.34909227721680874
0.17617317579484013
0.25311697435391534
0.371063350392296
0.26445883295408945
0.3972680649221456
0.23852167919636855
0.4015419343984887
0.34756319303363686
0.6861857243578958
0.43293704518738657
0.555009875776063
0.42697906316067596
0.7346646453274469
0.22552757624571687
0.3608044463151994
0.26769883569035285
0.30557571791446575
0.4456224043572757
0.4799860843645115
0.5268370821865658
0.32950190562519577
0.3348632577551126
0.3680092516263123
0.3093125058448037
0.3045507054551687
0.36631519477019564
0.43481502122273746
0.5057897913845447
0.5482386472613874
0.49496781320225547
0.4208510051247706
0.4971238092690896
0.4742547332323997
0.4666708712486302
0.27767031836250294
0.32756630141658366
0.20000136314121827
0.3220736384866423
0.40513325785244586
0.2534542674839013
0.36227263457238384
0.644976751725389
0.43517628890101023
0.4654708188243887
0.3241210737793643
0.4194827212664418
0.29505768895714307
0.6864606988447572
0.4627966158091784
0.29943355832565605
0.40390948358499007
0.22649215774737358
0.41777490038798215
0.618637940889108
0.6104440925911926
0.30897465014401365
0.49442850820138917
0.2802411304221103
0.3745888680214238
0.7197079311192977
0.6991979540589984
0.40992490017326233
0.24589806920327392
0.6533434708511104
0.46029607231395936
0.45350730280579066
0.2560528166484085
0.1896357942158786
0.32519198010711164
0.6340909598202336
0.3628048088662719
0.403508610652999
0.2720725249499469
0.3746319066540231
0.3268474457582873
0.3222133671261482
0.3999941046963751
0.3244424942812526
0.4481309163024215
0.5229911474363529
0.8703383080898451
0.4559768935859373
0.3841836877374353
0.5531169181682222
0.29096905702004944
0.44447901218341
0.31258822717121515
0.23138947604000298
0.3049181620817972
0.2684985134100564
0.4633185242189874
0.42523089551218834
0.6210866945985216
0.35387761775864973
0.3746047540135166
0.7925349210963836
0.4134955282116252
0.49058860264344145
0.4926932619098389
0.6009373734889627
0.28808859945528154
0.36210821243560654
0.697193397851396
0.29123580605499955
0.4835312044651238
0.48072540274317094
0.38339099415692046
0.39973469306619047
0.3701655962429113
0.44223775300041407
0.4420141114085848
0.32507980567422895
0.7396355047465998
0.6568258856848685
0.48989789061590466
0.2838709638692227
0.43131587173622954
0.5084543932999716
0.29253838305516056
0.6952138543826951
0.398225487084378
0.44627988108364103
0.3337084524580758
0.24011801668269278
0.41594132341333495
0.47219232476823747
0.40942404774587116
0.5708854875359458
0.2629876771568398
0.4433925798052212
0.5609983736098204
0.6717681614038193
0.2746118732454459
0.43199877414161963
0.44520477633973454
0.39090973144987
0.7141793745481975
0.4182903297230605
0.4515481673648482
0.3395683327453679
0.3308746356208983
0.39031451830042113
0.46691203018618305
0.4468264952540983
0.2056786447359809
0.3060447955245575
0.3542852992388668
0.15297261213579397
0.34675783340755445
0.3567141943091031
0.4041728414477429
0.396872247876379
0.2843363737248101
0.3294977716112572
0.5258343669905197
0.24781210279070548
0.44713187155553125
0.33625204255994556
0.4591458357400968
0.2134810291273183
0.5202669219756418
0.4211758119780107
0.30887132065451484
0.36543627873320267
0.2027995164739291
0.358620278757552
0.44195957789765017
0.30835585632453455
0.32539152105417707
0.3434438159710149
0.34324713365148585
0.27571740759611163
0.3752819710250625
0.3283475670500724
0.42861858729578894
0.3572541674742365
0.40933349718144046
0.3486298418287827
0.3884318319944222
0.4698604716303627
0.31915572164114997
0.4750143503009345
0.400693743157126
0.5053065720808794
0.324127829920429
0.3336289822796745
0.3788475569191203
0.33779419093528057
0.3158850581233274
0.4460664963470036
0.47153871764633337
0.532574944753103
0.2386001210210294
0.3460424366652729
0.669003319389261
0.565368965594154
0.3038963514260111
0.433053126382331
0.32446289504831954
0.4514458151140897
0.3601772075260175
0.40259377686688996
0.5097921609635453
0.40866689859967054
0.5325817788836819
0.2932771609505692
0.2995909563250772
0.30865184294950404
0.4727743773375682
0.308072080888934
0.46408344943069296
0.345703722704651
0.3667285188804589
0.22827165885170667
0.3964086359453486
0.35257202630134526
0.46974879508417305
0.31605882255753226
0.27711058071218597
0.29297650348803506
0.3476855910868062
0.36373732730245933
0.4247656107537426
0.41161118422179477
0.4715359806962438
0.3775234175859318
0.19418760198374335
0.31465228324216765
0.26414568121158954
0.28971059634529733
0.4868370222447533
0.44652377194112103
0.24060229422289264
0.40457446194114044
0.25165313705626435
0.3075566727658209
0.4084743227237021
0.3603400679742027
0.4147238392805894
0.35737789595041236
0.38470813757493727
0.3740739821247454
0.3176733507063875
0.22479884341293138
0.3123255692474749
0.4083835823082169
0.3936565521388323
0.5591868246709802
0.44888348967571734
0.3457849423173088
0.26645216464971927
0.4216900236602313
0.22746284378421144
0.5099893579303203
0.3155817685451028
0.6165463505632356
0.3374602467045849
0.6247927408207352
0.5318005824523662
0.47693766025558737
0.6569492153965576
0.5179969203157015
0.4177667574397782
0.4268613972007333
0.1801850130940906
0.22899431936922288
0.3042988682926949
0.2067372684628589
0.27452938693529244
0.2689827559764323
0.6120320169728688
0.7528869609877877
0.3389628659424264
0.36813632848958655
0.4231171370619127
0.606444168474998
0.4739166332944438
0.29932107562988397
0.3410546723443896
0.42550808172546656
0.22998022903833046
0.4349130646302465
0.393117117689873
0.5212626348829427
0.2991047202605439
0.33793301649406166
0.3990464348374024
0.41151990685238643
0.38276380844045177
0.5278975525920402
0.47735468208418474
0.3237014078696053
0.32270434889819966
0.3076248343110046
0.44067567305354827
0.3316885796334235
0.3487171132732047
0.40824442783933945
0.18659484078234473
0.30860898998857406
0.588534012597707
0.5372202583905489
0.4872052830298838
0.23927366293130775
0.5514415621148563
0.44391797955679696
0.5096451825826938
0.47305499400764495
0.24677060395690828
0.5114463004518985
0.41777461255941184
0.5742675809865051
0.3379757049692759
0.4392835100030322
0.18826152084953382
0.16575263847006724
0.46033511715256875
0.25002361715951804
0.36156855521638603
0.23501200892396767
0.4725226988845709
0.376194263765064
0.5074591057319686
0.41501819059600153
0.3383029000159573
0.45088256246444086
0.269610956902241
0.6022789116112619
0.1884397116090611
0.32347728139687715
0.5242319849119332
0.323161774766522
0.25190466922966803
0.4082387612976281
0.2933656192030319
0.48715141185771577
0.36344558835017465
0.3946574791634512
0.33169860316149646
0.41721204489517966
0.29445115591123033
0.5194111240471461
0.5590139406657857
0.4081010191391999
0.2866189297457413
0.31820836758484156
0.22225280139455025
0.46702670634514254
0.28824344318619144
0.32185368563098726
0.3139235714045598
0.47612456954123095
0.4404893075584789
0.3628663286901597
0.2654090319271175
0.6625213941451471
0.3559387413688632
0.2616977266945088
0.2704161794603612
0.22900315495369353
0.4086245741770964
0.385593182027109
0.40875833265913303
0.4921964712231983
0.4305282267157954
0.3146084286788718
0.37444682152952957
0.34140854907915485
0.2512482479359258
0.4902094536508385
0.32446581421391163
0.36392121812559985
0.5321178444814301
0.49781164428268543
0.31982487755047617
0.1990786300727238
0.3584906726452867
0.34648410746018105
0.47092436765205603
0.40835750284587446
0.2818584257733987
0.18612594522009784
0.346999294989119
0.3210752762115417
0.29041331549532207
0.4304544886891086
0.5328094971347966
0.1703467169665226
0.3514333701534329
0.41584833710121305
0.3246552376294159
0.3703242478585622
0.5441011339417894
0.49874479640717334
0.39242904899382364
0.37431582772082383
0.5236982486999437
0.3825566862074829
0.24115163031828485
0.5818962174614024
0.4056219408762211
0.3832637917666788
0.5146925306419268
0.6510943499516685
0.25984788692842714
0.5470802412388736
0.24967869308287274
0.5143969672667218
0.5311127383671939
0.4341370062806507
0.2552555026645158
0.29344129075761355
0.46956679887978536
0.2789622347112496
0.5357934576887597
0.3006653312346112
0.46199472904105426
0.3538547134994708
0.39211122215607686
0.3858466239719896
0.4840688504542235
0.3342950693513064
0.31188846814131393
0.3092464210247863
0.32674792907925015
0.43122765818205905
0.19037027325291822
0.1756281041605033
0.4941545826451498
0.515498257536817
0.292451268694781
0.25384933403082366
0.3263472163454275
0.37721993522414715
0.3602934721053889
0.4847253890275964
0.36475874879744513
0.4011358914078093
0.3959610215971565
0.1959947898254505
0.31403411729264047
0.29968387849127043
0.25889486544621515
0.35139834203493253
0.39196243839476597
0.5937592144617163
0.45584639034568214
0.2360760908504802
0.3742632941752995
0.43675247084809155
0.29826605544851825
0.48378438435366455
0.5784462072633839
0.31335908869388485
0.534612132270948
0.41392458130845594
0.2098813633687672
0.30608558456605334
0.49950283964478953
0.24235564071778729
0.4112152530885249
0.3921552986977655
0.341925261464686
0.3420342406831452
0.40654840848989093
0.3763135440724542
0.43079910066634497
0.25046196437880486
0.20118793766622478
0.5034855228614017
0.3150601158852878
0.5597305520425435
0.3405318006748292
0.4688363608579116
0.1854242120597706
0.42629964761396627
0.24124003310758568
0.5502127354870362
0.41462595609273617
0.3519529772439178
0.37283956658905115
0.3788672036762132
0.341638783691437
0.21314750941361896
0.1865381509849176
0.40893324702896655
0.49844688362890116
0.5703092190130422
0.5336695359474429
0.19289724939709232
0.4587447397798116
0.3095445954117057
0.3180179969345635
0.4115210395220213
0.35533780352103794
0.3149876084341572
0.2987025162901332
0.33156630026605327
0.47658072336193735
0.28251472503775243
0.27010404521488046
0.442275409920536
0.3188612863413063
0.16992385591675738
0.159776403867748
0.28964426667735854
0.43838389848023424
0.2734720476950351
0.2919026243207824
0.38710650370177446
0.5365511669006316
0.48664794276216133
0.33476416205130166
0.4222378737815127
0.48895865894292306
0.3865639207349714
0.47918965629475185
0.4721459961819681
0.30785326526802326
0.4776644027376658
0.18536046418996574
0.42331421577418205
0.4664119368996166
0.4132607306415531
0.2621674431769896
0.4066685099283187
0.3007649402261885
0.33661990656087193
0.714024258055141
0.3938255328325298
0.4639226278041851
0.19513345434548796
0.54757116695549
0.3911854017724268
0.3123023748885938
0.3488216640696753
0.47048472027703386
0.2809469843440168
0.28536996210605037
0.4083591166064565
0.4422283671231241
0.37420887086016374
0.30391142353881434
0.333241668181524
0.44025837122596495
0.35733111660741823
0.37367902122179725
0.46631382537443045
0.3862858743918767
0.47483745697033314
0.4279142614989166
0.4142309705495188
0.5014744610047962
0.3944160447572809
0.2750086279060967
0.45282776340462383
0.2719218154708345
0.41884807380942907
0.47639727765308126
0.4390297293942226
0.5569734556044872
0.4116258780690732
0.3098669005925804
0.23649397066857186
0.33397943529912805
0.35595815699435834
0.335143264944087
0.3265252217214687
0.31153287835301147
0.7270311331919783
0.46179665791930447
0.6433573862156344
0.43547143618057754
0.42621480835958253
0.5959907690083693
0.264106572861989
0.5637475148123053
0.5105904993435981
0.5169994469658167
0.688414309241174
0.29292478259024357
0.4870829893633791
0.32605504340089425
0.34485277464089786
0.3195151339424206
0.2729858877804332
0.22527991622499133
0.45762081752586564
0.46920329451937726
0.6555701981799938
0.25504803534195264
0.5429927808170838
0.3284768395623401
0.4918194110019363
0.4397882008657018
0.4283138652785245
0.44799789468076406
0.5153182951366174
0.5184438734233813
0.37111613535329235
0.4271206186865307
0.7993865450886402
0.27370781876814293
0.4120837145064953
0.32885631979908625
0.5534114513567773
0.4603031086239188
0.3880276407754281
0.545430645179122
0.41511558583762326
0.8289916391748567
0.30253470076836597
0.4300370955985176
0.37732349429698464
0.49123136263915546
0.5143055268761605
0.35658106613125995
0.45404568750728425
0.3504026783969803
0.5081818131627924
0.24158740145657606
0.49758661932875475
0.43489682795368695
0.43610611616615846
0.4487770012941037
0.2709882170074017
0.30889110097006955
0.5075294654957544
0.6558419027336997
0.25411548675961787
0.5472068037382337
0.28062383682632625
0.37201160199734085
0.4341178783543265
0.29349673875459237
0.3978825675440251
0.40296275756651617
0.29023635616380206
0.37191742378621473
0.4856686425948965
0.5712415374004409
0.2643088323864361
0.2445174154737027
0.2387935866369602
0.27609767491490134
0.2981270174907355
0.471177184377069
0.4010299264973559
0.2998026300335623
0.40309961671490147
0.3813980960455326
0.43151295971847387
0.2939001145130557
0.5435781925577543
0.4802099598851168
0.6032015922578307
0.28082326908681055
0.38851011784350176
0.530878686686031
0.3441724958339179
0.3765344746351349
0.6567799241888874
0.3970484094800516
0.2673242243125397
0.48975268187250115
0.3134430496742676
0.21288308798757638
0.3375986479432034
0.2588717181908858
0.2786552676229657
0.4555937119883085
0.2931423367780685
0.3712042552930369
0.34086039827661196
0.3896085447608576
0.44578390827998016
0.5382200657306974
0.3773555787998436
0.3162080970286638
0.4645289821903155
0.28598786139748933
0.18505002397775394
0.5136650983388752
0.3248342478831062
0.26629187124416076
0.6666329590096373
0.6180138749099489
0.43530425542524587
0.5548738035018038
0.30639343507811767
0.3099296314878556
0.5960214653539113
0.3853531691070353
0.34064116497389657
0.20013475702676717
0.2749259958487012
0.2823459072938678
0.4280143647074962
0.2871124887114658
0.3639184169887294
0.2720903239227857
0.2537301385455444
0.5086855880491397
0.25215127398783593
0.5653438620826177
0.42946198960558857
0.46055931664163724
0.3982869122957934
0.3329804297661069
0.4559718948647715
0.21668777416702292
0.41489188117712267
0.5703328395834515
0.3271039162481293
0.351147406488382
0.2639238520699429
0.3028702285481819
0.372858939128896
0.35701190506200664
0.2505901998728688
0.5334787208830163
0.4018409998681602
0.3677459106792066
0.30808981115875167
0.3347286624911804
0.2930429227738877
0.28389699521931294
0.44332430931062766
0.24059537569383957
0.39636156868234645
0.36518432820239644
0.45227248914885987
0.36917839862906154
0.20063194511179222
0.22061094419963356
0.32765278733250464
0.4029533555156131
0.36455116547587396
0.16895449418349393
0.31733417892977545
0.20281907050675616
0.47404203816816687
0.2599300069443404
0.4478560712878579
0.2610057515213403
0.2205971560392451
0.3482472678899362
0.42732469162570497
0.22473153036937132
0.25855096089811874
0.20216543136250445
0.4197805761967497
0.36498094075406434
0.19147304636736928
0.28806452570522384
0.4284761725825082
0.22964093412293365
0.22629963023419222
0.35629253716094306
0.30713634638990545
0.5476098550211743
0.3592184134231303
0.49008892934512893
0.5392579260667392
0.1996095598637568
0.5909845145147583
0.26047374321468053
0.5590125163907605
0.404221756546859
0.31090599923757756
0.24659141908293408
0.28311415568127785
0.2845489400488539
0.31573966756418226
0.2503603859507982
0.27308244704210455
0.37650015409798876
0.5130299396565418
0.21716087563701061
0.4332872310402073
0.25540945379843305
0.44757634511377453
0.5243040333910739
0.5801450900768771
0.2779490517499913
0.32221258951916326
0.46333096879771635
0.21275952831291298
0.4838262056233591
0.36995520679878624
0.40605158806529756
0.41575619132540365
0.5476528812283934
0.2624352735936676
0.21147477654612068
0.41595755469921725
0.21816623729921006
0.3437771754577859
0.2819002219678803
0.5013527276339783
0.33213717882625665
0.45549143621212146
0.544203059152187
0.37728986467426867
0.20547050687518786
0.30144394439374794
0.38942628324674256
0.1952999220049822
0.5166350984687285
0.20061949384277264
0.5119869566295931
0.44524404894244957
0.2230600699861461
0.6041488165588976
0.30563641345110276
0.31083207749671055
0.2907654471581624
0.334895694687209
0.20407533669653383
0.43736307373344646
0.4143269990802825
0.44334913951638993
0.24864656079715217
0.27459095029909175
0.29401005526625623
0.46934288089361564
0.3031649078722787
0.32658691825150116
0.5407394719296789
0.3710483003158476
0.3153425377640777
0.27105281462370573
0.2936374884804047
0.6173236345221554
0.3464193645263014
0.43762365937686853
0.6051309789735924
0.3575880582403159
0.4526397507544488
0.5220127405667041
0.5599356465638264
0.28671993552448616
0.566826829635538
0.22955546040769795
0.35476830764316114
0.6600811183178195
0.32363199285410044
0.5020028061784579
0.4541921689103139
0.5249288744452563
0.6699953553062692
0.3446492370651231
0.5431696747085314
0.415271516771311
0.7271091919347991
0.410728452444688
0.5069313590591282
0.38168717643944094
0.43028343350744747
0.48682453398423225
0.3409228338168227
0.30946027879963456
0.3125204112214866
0.519319143915649
0.26300043124321865
0.5257717678060129
0.44518178095671457
0.5327092350054221
0.7087733711459229
0.42315523443191955
0.6071600552581783
0.47636238382982093
0.4057124559206297
0.3539655755530481
0.27589830058969567
0.836317664707856
0.49339335946553264
0.35455746093431617
0.3028010815251767
0.4994501238821197
0.3601826999173805
0.4657473434353516
0.24671302167929854
0.336578735244705
0.3781779292844414
0.1836436207103215
0.3709002524680812
0.5164137344959085
0.2792288087352801
0.4438656633595182
0.4674460871343176
0.292088532378071
0.4943673004657293
0.3722318344681419
0.4694794048201107
0.3095993209408623
0.3773130615202502
0.2807759281623001
0.38464015513993893
0.2638956369307189
0.19057005037154368
0.2562704705263417
0.21091113948512832
0.25704378017750285
0.5050707449760566
0.3704610345004084
0.39798710198920173
0.2945218665930277
0.4134643156944587
0.4145172700031765
0.5307913756874536
0.31340681351631305
0.2972729403549623
0.24221200502062215
0.2305472866145306
0.47694030525903514
0.3862820879730874
0.40501309833729715
0.281920364926632
0.5274384110764594
0.5595868158875951
0.346235438287841
0.29288349822001025
0.3973259429051004
0.4052228979887968
0.4976712270693385
0.20074692599745192
0.4235906503811984
0.340390344849625
0.2928234458080368
0.5150158806255143
0.4079598556146512
0.4234622190052581
0.6271067689559229
0.2480633406315113
0.35539959784522757
0.593771154571698
0.4793139312790055
0.299855555645642
0.4489831523210284
0.23073718375310298
0.5119212951737738
0.4939774864280754
0.23185425679024202
0.3491665048110081
0.508163345442657
0.3752555380412081
0.33888183759547535
0.2113724538793125
0.6462736394129182
0.36415693474178357
0.40576821948892794
0.42596949874998585
0.5129567104337234
0.6122752102226153
0.7587756233687075
0.45694982702261105
0.40014492722997885
0.44703040820893986
0.45292560853093106
0.24003400823409107
0.4834298298219335
0.4316910799964309
0.3674391243418194
0.3601515142427716
0.29014388007650926
0.4158825337698542
0.4966386779230167
0.678910429758587
0.5931880041360446
0.38433641009103797
0.5051656967521682
0.40058480302920774
0.4857830476188064
0.547584201375428
0.4953965909700225
0.3645901447609156
0.28477393960511027
0.32309034916762097
0.5074610420943246
0.46821313726022196
0.35883474804391513
0.3632409753163815
0.49326621663279013
0.357071044106501
0.42714490284065215
0.46847791030575714
0.26574306563411965
0.35216758995160746
0.6864721734029157
0.2864141519326624
0.4786397373625634
0.28618213440973644
0.3388228644359195
0.4432457785183689
0.41663580282669316
0.6374992304219366
0.42167277404610065
0.4764643999204315
0.4087251498191599
0.3032698384540284
0.6466583774284734
0.5252362196622092
0.33556606717805315
0.3928517090775921
0.4325242807023106
0.3885427932489381
0.6464394087181977
0.3408527320994799
0.42720612093139876
0.3382137721879306
0.24525194743233159
0.367084113455162
0.2910662404329033
0.2550739156049206
0.5324841012765866
0.48308490478481986
0.400981383460446
0.18212353653188298
0.3750725786584848
0.3321076165317514
0.324913103834225
0.284803446811065
0.3583404868038951
0.39547425324949265
0.34282401878678237
0.5472993526861459
0.3711366709117453
0.3266477750981778
0.5493383935115557
0.4407791351545716
0.3884462181654568
0.39015283561714553
0.4310323294149482
0.493137786749881
0.45834507028603083
0.5019593817789972
0.597877515293513
0.29346361330390736
0.33218617037997616
0.36781926553745337
0.4138403185790697
0.4760624822700802
0.3554359349352341
0.4746504605860942
0.4989370461448579
0.27810293466431213
0.5106924717360322
0.3623728807619824
0.283017240819756
0.59295646216845
0.44779069916854825
0.33523004920437677
0.371334697092015
0.40252391606949794
0.2838194165221309
0.5515293070303566
0.404977361955454
0.3757141355733299
0.5088043400328818
0.24153550220457565
0.5431699505859603
0.46565651288321697
0.6935803650605886
0.24419598467474146
0.4298698446847161
0.5467084631766178
0.5727881647853035
0.5058857533345479
0.5763238060805748
0.3075918022840237
0.5192005357193641
0.4734297060300511
0.3500993468412166
0.4956507848841912
0.4590073284908315
0.36965065207128445
0.43492279832451847
0.30125927543929615
0.30620757640724533
0.3039682519857541
0.5060838836873179
0.49074237853643893
0.46090104566601536
0.4722916724849432
0.5373139838243617
0.5458659478837742
0.3815089192867232
0.5823970771703174
0.3029403413504512
0.32563150248176215
0.4057492897653573
0.304944320707712
0.7242678324850177
0.440542695910709
0.40163891995563156
0.43595143227091304
0.27925167547433094
0.3655658552193757
0.3572759582032093
0.6748280752605595
0.5531783232204742
0.3378955922240402
0.3438230419355805
0.31611607463219865
0.6388330979584432
0.22779675343787828
0.5188433810834493
0.4420532435221653
0.2683772404214015
0.35445686742069354
0.2884622598879556
0.5588042330871101
0.4765199814196438
0.39706402793030465
0.5264923068417077
0.3552568130555002
0.5765255885743026
0.581546017794659
0.5266716451950603
0.4905131713392349
0.4319391423786101
0.36841455408896107
0.6277340999534733
0.507134565750464
0.5904414476610964
0.48295382964466343
0.3773222759201557
0.5936985956059853
0.3616238734722215
0.4832729294679688
0.31167313853486944
0.43491705972119954
0.46753632571809634
0.3180022018548569
0.34904043736613183
0.38827151297909385
0.26833607954954325
0.7399714438150279
0.26741661591662796
0.3246133880237706
0.351652244789822
0.5094634780624513
0.3288184685155865
0.40132346594403523
0.5545321616382863
0.6285587944186134
0.5680595623069176
0.20774549164987102
0.6471898032084785
0.3699142009705786
0.3711610135612317
0.5382134172500506
0.34895970751483973
0.27213017711221443
0.47202121199142555
0.35610801083604154
0.3782125463694925
0.5226266011865408
0.2907893988093892
0.3582261244283037
0.19840984564255013
0.48547547227964877
0.36624331931551224
0.26407698349183373
0.4105153766144777
0.4672188620802021
0.42074991075845397
0.19692138963552946
0.5568583520948295
0.4523233894947164
0.24320010111319962
0.46999613950402314
0.40575034393315634
0.46162333322766963
0.4786759244095884
0.3013745336251955
0.37653926257189135
0.26294461970077154
0.687100875724295
0.4107131316352844
0.4727155698605865
0.35881004288159996
0.46016787150791144
0.3473636687120572
0.4897304122701075
0.4282161425491054
0.2129176184855313
0.24193413529696042
0.4608877987348391
0.25336641991493075
0.33167877808895874
0.3827405362434889
0.3705422891575245
0.31408692129446797
0.3817561140187795
0.29989922679500153
0.44591617852533594
0.3149576573877973
0.42003155142041226
0.5652036071507457
0.589280285572578
0.4144067811735381
0.3293784412787744
0.5164767793443413
0.3463470285046655
0.26781794787475954
0.36881393940097856
0.32609417839035465
0.3952334150914842
0.38641319254282647
0.5454564253347696
0.4322332220919437
0.24094454343034238
0.5121758940566459
0.2569698265162754
0.339464754409255
0.35011621888939287
0.5006972097968607
0.2986502689835358
0.21340407526400704
0.21152903139952786
0.4060560124454964
0.5139760990232003
0.34993217232640744
0.3876751283327104
0.4402369975107199
0.1501559135937399
0.30946078210190586
0.3528345490186459
0.21814524202447183
0.3112743162050544
0.30302159902963904
0.4336906707519402
0.35460866702260835
0.2618716937078551
0.24269462517235968
0.3376680323568746
0.3820635516115523
0.44197944972690495
0.6169265298538635
0.4135027463468079
0.3724926201142202
0.2926369593313167
0.5368063976513568
0.5094977108541537
0.43463646078505735
0.46725874873582884
0.2609656749070532
0.5748247363105008
0.3692565371473587
0.2928089418485858
0.42135522669272396
0.25109088984800215
0.15008471087828226
0.2140593109697609
0.2482945070468239
0.4135405023038957
0.25434357343267644
0.3519992719583205
0.35574840830190846
0.3155492834564853
0.2435724466704202
0.421429583472717
0.3009494094353359
0.6326230300286702
0.46196096875312714
0.3483450723704323
0.45212113038382845
0.4805947447996501
0.7042644797836022
0.21030621220579424
0.445359236001697
0.8610702040243179
0.4587394476940503
0.5315399581080196
0.44839143199165066
0.4981942572226479
0.43846623355749687
0.34410491518951036
0.33387199377416804
0.5638246516208588
0.4795994229865123
0.6866738986632508
0.4435707141483598
0.602981696975392
0.5123695811963871
0.41867148014118094
0.3548513642031172
0.2580352998338796
0.31249023786819224
0.3183510302157603
0.2902584101063259
0.525645442889736
0.2884083886014426
0.4067944246146429
0.3172947080627732
0.38059636378129275
0.6199690730095497
0.28972823434212513
0.5308933026371041
0.4191900002379461
0.39340919748528014
0.46559834206258205
0.2770515436011532
0.3390889412172533
0.43771191552428307
0.32504176860717804
0.38315401677823985
0.2288668570280036
0.6192905508246254
0.5677610007318418
0.4917676883064147
0.45424500073817753
0.31346534621971406
0.2283069425692454
0.3998871607451992
0.49258148625098463
0.6870897860434371
0.522397271046791
0.49017070572717253
0.3528233438465159
0.6635948515313475
0.5151078630792525
0.46499707019529685
0.3658840895255226
0.3022330398250523
0.32752993801825103
0.5226006536430597
0.3829723337362866
0.4308820172223039
0.24815823359275838
0.37124091356440075
0.42086791773029414
0.5231887646587932
0.2562808132665249
0.43564566615978
0.5480977362194215
0.3870372726267515
0.2684148426376066
0.5940260296082387
0.4759596107523556
0.5840239957871497
0.42578639864368545
0.25347974404758095
0.36848378019188116
0.2190911787156072
0.23501785918817605
0.2155501355336582
0.2781029477360014
0.4491587714778046
0.6037449751836309
0.42262714933068096
0.2779721365428782
0.2586075061247431
0.4703087197599383
0.2235882441655184
0.5337300309752442
0.3507568808918707
0.4034940649271123
0.39547229349339524
0.41750495561439405
0.2507232203568822
0.4532398095571757
0.49218939182449795
0.35898225076858065
0.2379369770735998
0.3778625068994251
0.2431248033096524
0.2703191958873994
0.3737511911869818
0.4195870036031795
0.2727057424066111
0.6163645265919407
0.3981835464996062
0.28198107614433
0.46766822614266207
0.2655275908449399
0.5153728058021456
0.4407694712849963
0.4828548918111314
0.44113751555893876
0.24151441151268244
0.43363109583703136
0.3022483802014178
0.4726503232732993
0.21972805746342386
0.43339156716134863
0.36531586734725546
0.5612995210830751
0.29038701701049685
0.5339147942458576
0.4242938319196453
0.3847399070076876
0.5477112865841821
0.48705304467959576
0.6704647055052027
0.28035997137768986
0.47642971183557653
0.4245470821999466
0.33236278343420345
0.4270534497461759
0.2591029678644025
0.52992746882033
0.4738322163072182
0.3632668136378951
0.5048643290185642
0.33521921593050996
0.24938201786330336
0.31618913656295006
0.4302790649056632
0.43309657785583805
0.28626594233699976
0.4061383978626253
0.44465256393684827
0.33410083769591564
0.4344430077888529
0.452909334243467
0.35360108830556575
0.5475978722400444
0.36982002405555003
0.578130923536557
0.27707552176329336
0.2852687741099746
0.37276307249195806
0.6205394333850545
0.3894436884204886
0.33846146829830165
0.41451203007098275
0.5878648501857713
0.4392316991869544
0.3490036619786468
0.4688499255522814
0.2967863406755799
0.5629524198706812
0.30317911490379007
0.441141279720291
0.4866676077602922
0.4560931448661534
0.516792173861977
0.3024042864317178
0.4223004639413231
0.41680172268801197
0.3428186894550759
0.3393913482687218
0.3213289963516022
0.6672853667237942
0.3704211302944695
0.6386341118922555
0.43153713728645066
0.32250716891363373
0.5304984418868622
0.3530212542848644
0.20274782346854484
0.2185688994451443
0.45062146354468396
0.5554151618513198
0.4677675658884884
0.33598147988321825
0.34606554759747676
0.3896413359685383
0.27813292028003855
0.6662771008471794
0.44109794549097436
0.510103460877872
0.6388425924728064
0.523639463631853
0.42763461573739575
0.4986621842860302
0.6524211052892164
0.610528598767463
0.3787057275130865
0.33354697872310457
0.33445915023212147
0.3532629201932667
0.45782090854184243
0.42660754925122574
0.25936126606451265
0.3117045325850424
0.2849173082323699
0.6375448156246337
0.3025770243141034
0.30047561317413024
0.27044802843584664
0.30170164261804083
0.4080637738196931
0.2917116984989663
0.19417560372482903
0.49975417944024
0.2718494005551375
0.5612417436687559
0.4203551504626973
0.26006389822451537
0.28188083440940953
0.28788810065188947
0.32775908347978167
0.26497030661409376
0.2888984968207499
0.2332882664763278
0.5713485928720246
0.5270901423232291
0.34728585166700654
0.5903901801417527
0.4995072642187487
0.39772987162565315
0.3780509399044087
0.4784688240839215
0.6653460862962615
0.23267474709399563
0.42659727660754415
0.6149295241202413
0.23630706249149627
0.3979154580307402
0.2812932101711737
0.23548534804067126
0.4228864420775493
0.37796860123434006
0.2924518078648973
0.14337510151642918
0.3993230122414883
0.40806997953100366
0.22690249264746915
0.2590463274956311
0.39387197456008055
0.2928413135405361
0.5805572851421739
0.3192787520239036
0.4431628369124007
0.14286514831216873
0.48663715568425
0.402973748992171
0.2632829297247815
0.4117866803579331
0.2878253349100709
0.5154755643405284
0.26171853519034216
0.27825311628169325
0.34064000413934603
0.4744618094454894
0.34165107969218556
0.5090957784611564
0.5006555999129314
0.4456825369972403
0.17366283555575465
0.2741505813807132
0.5031131579059482
0.39684691159507623
0.41766853007370114
0.37379064943071616
0.6144525196930187
0.21056654831990165
0.28545849942142004
0.3240134573328424
0.3035596493484569
0.30421581185978175
0.4105166936925322
0.5481326364536019
0.2912326422800231
0.6791910660785327
0.281921173154378
0.45262939475667474
0.31563470392684095
0.48638674157595313
0.30134134048385053
0.3204307858587199
0.18279425066700256
0.49714517131206926
0.27941326133136174
0.3275686036123184
0.2319629853658398
0.330648061390129
0.19152712155776888
0.2935665442465842
0.1882973334753798
0.41199261904526235
0.17714236778355683
0.3290787983010595
0.37945266372828107
0.4243069601647822
0.36267809852126426
0.24538589454864604
0.4516259562792015
0.4204284618489445
0.573948704909652
0.5407166083905769
0.38973852471863424
0.13090162555047707
0.2537773352348034
0.7125936907626381
0.27025676017046535
0.2850243583937906
0.43452811815313475
0.32680396348172475
0.36915087132208585
0.3340994133046829
0.3605908967982883
0.40741616212500154
0.2650392485217093
0.6161312203314542
0.5155193704507145
0.3888464274194273
0.2646403046172295
0.45270129086303834
0.24427981417015124
0.30003797073762833
0.47497709169932895
0.30413144977337675
0.6025095327191226
0.14797495958010914
0.21414235203353874
0.14253215094828042
0.35649094488919386
0.3473807111160489
0.2881985473000798
0.45640925815917854
0.2807414157593198
0.18944800838389664
0.5350803238699434
0.2176488697945001
0.2316703655431235
0.27724619761007085
0.3680162626879902
0.2549753152541465
0.11679113762600993
0.5402821856337727
0.7144246700209385
0.3258022215652105
0.3561770583107816
0.4581392156628185
0.48230595159646383
0.601361668674306
0.2943087611615514
0.4113761117146121
0.3365878120255476
0.3377238793668571
0.4279548436970293
0.15259783743057337
0.22858382181196998
0.2240918557035122
0.24475560986537942
0.18322789286988628
0.3621341327475126
0.1948279484136647
0.26408289024416337
0.30881189607741755
0.30858574280745904
0.43617387762774773
0.37023369987317417
0.386648088626931
0.438234332171405
0.5154320545824308
0.3924350319003164
0.29977690843801547
0.2401145671887545
0.4318598834614486
0.5631778195333641
0.17322984388024648
0.23767048407787814
0.42045206319602446
0.41587733262212656
0.415879741693757
0.20068802610432088
0.4594875153685651
0.49694491832143906
0.33545023124450835
0.4349690294318551
0.5831071077303847
0.5535970008994244
0.2538672703339503
0.3218904464212462
0.4999364462687757
0.44246841416703975
0.24939911909613705
0.5623765153841143
0.36275293082964516
0.3307331617781077
0.3844838367186706
0.27087955048067613
0.3268758994916318
0.3677690594934403
0.6888984586602338
0.33493111407711734
0.27276026326583597
0.6267321324946001
0.5684858117664424
0.7090212263226728
0.32673003791527816
0.6112320067475691
0.6378471100410054
0.404388237569421
0.42417523824040126
0.4190559466121334
0.6202525291911322
0.3824138997258227
0.3477709283613462
0.4439035463997836
0.3263173184129054
0.5900722190837061
0.39562539699099136
0.36512180097463437
0.4674521042073438
0.4749878443340045
0.4282265385380012
0.5001677178376098
0.49246167068555335
0.39154697352679274
0.36260088333203105
0.46401590434877815
0.570883698640495
0.32554501138257885
0.5168716750047433
0.3877693567906675
0.5130789905067747
0.23529473931447012
0.5771222171705532
0.4938821885550609
0.49547465894501164
0.29217617699133214
0.2474581907318553
0.5682534129883187
0.24813871346157837
0.23096012787170794
0.43659125759028417
0.3357446971800573
0.6104108258861193
0.4179170212463285
0.47712868822414706
0.3136497488647855
0.3539011906151819
0.3693328713329577
0.3980923067303281
0.2837457331081828
0.38868227115533355
0.18371376841761491
0.19897769092602358
0.4594986135952378
0.40233766228444506
0.5911262367220557
0.3545767187093751
0.3862448015661976
0.5276906142994024
0.4645370454128823
0.3955235463048006
0.7449987765977218
0.29048156934156205
0.34174873333016775
0.4034942737165594
0.3841884455995778
0.2864735118895608
0.470927432703812
0.4520593306185091
0.6624137284040317
0.4201413621767613
0.5774829580914587
0.5313925305518482
0.27402406153599057
0.5032394327103027
0.5012756744387706
0.29141177535672425
0.42564209061984287
0.5256124537223851
0.24445251518047367
0.44727975870787856
0.3825389509712079
0.5877442352594999
0.35883913647471255
0.4330268856651989
0.45666382743105416
0.2583898579445361
0.4901710493327749
0.18583098433583448
0.41189994613432623
0.39605173039657
0.3127511320023163
0.5550993766196289
0.5964660684707674
0.5289703146797076
0.23315002992933903
0.2696515282898247
0.4273775455272464
0.3640782440269858
0.42691513347982585
0.36779958331277596
0.47090191722191077
0.29339795360422166
0.5582403123190188
0.5627721984356303
0.3394907574639246
0.3523980161022501
0.48404212329556096
0.6282924072557868
0.40402387619844793
0.440290319470524
0.43842053702828593
0.34452172541428877
0.3513163540387043
0.3920878521344987
0.610240423677748
0.36163003411933603
0.30310029528241733
0.3069637334816759
0.4552397686486758
0.4284513565577739
0.7076624769570341
0.47519693797176804
0.6503585623308554
0.32462001978511645
0.3962011911523482
0.4302023224330205
0.4323296128125323
0.3421879155742469
0.4567158876097945
0.4398816803803598
0.40094941713568244
0.4798882426611978
0.2570712102766507
0.741973139013013
0.5357486275435617
0.23446091255571325
0.44763651809489036
0.4248046464612842
0.22670674732149232
0.244983894825175
0.4961448587873035
0.390257913857537
0.267297925587103
0.3381357523023615
0.4343072799187754
0.34220793946268097
0.4745805207605676
0.3562473898448741
0.3823187789153257
0.21374836207004486
0.3484912328916607
0.44833429730090235
0.3430072097415156
0.31293672813915346
0.37278132184913354
0.31983638565548705
0.254660094591235
0.28246820845292475
0.28601962323878644
0.3395546145019944
0.4623541020769962
0.23576109507844145
0.524044223221412
0.286913554076613
0.3571303740256216
0.3045921560780975
0.3643793180330983
0.6096178608861582
0.34993023749432806
0.2993241190167909
0.31081138320225504
0.2441310829489022
0.49663402650068356
0.3108118413108475
0.5662487066130213
0.39678741669876594
0.2689570321035926
0.5111035019251264
0.45670881276315506
0.31390356594690116
0.31645753515746944
0.36803174796174737
0.4031517894708435
0.1588258783632389
0.29098653840508704
0.425832567450909
0.5331922971034964
0.26721232194240047
0.6066774200511397
0.20741179560601364
0.22080495760400576
0.3335197139820224
0.5611082086611474
0.3367019021282152
0.5371875520557706
0.3322977929470465
0.34720302656740787
0.18684756296141583
0.625163850090043
0.5251322890582197
0.32391739689118654
0.4454709042765585
0.23518390696851565
0.41955574611730334
0.4843477594001762
0.502680785406837
0.1597827352307384
0.23563115189515849
0.3738843961673516
0.32390153952198575
0.4966947863834714
0.32826441339366635
0.3177049100921163
0.43896607763649687
0.3977964339215111
0.4773949735060132
0.3877303716650298
0.36081589103619793
0.4279471746396998
0.3907743621307702
0.35790578311807447
0.37949315280142315
0.30357178601324164
0.3524146964988557
0.2635161683932707
0.45427053647884486
0.3809582074889367
0.6386936903133051
0.4955465187606949
0.2305477712901863
0.41830765572041684
0.19145709200884262
0.37769826342286217
0.46976964518140174
0.2845845222341424
0.293163761815921
0.2634955856578739
0.3459516187154455
0.2859608645975762
0.43529255314906784
0.4029798563983151
0.5445074150215221
0.18818708773601886
0.42364780597471036
0.3828749790528524
0.3468745430482825
0.304717760867633
0.4113120795001519
0.39751179374050877
0.5077691373568137
0.7421098993504968
0.7206820671788335
0.492476681376536
0.44245829703689865
0.4295753074570097
0.34409865509400184
0.6411475076215666
0.43541518211445185
0.6233971996765407
0.3648027987902492
0.4505132362042314
0.21870739787522295
0.47977943798744643
0.303253085174584
0.2053011293832158
0.3945152371964795
0.4593202474296524
0.32070519053580826
0.2528358815043674
0.42833559532679294
0.38649412699747204
0.44308820021460743
0.4230322194227776
0.5538227867105817
0.40715549334881773
0.39174728110794205
0.43563452213099346
0.4387194839067827
0.5509080179112714
0.4964722483715248
0.380573759609073
0.4035974003841666
0.4454252047813782
0.3131383906485714
0.26483425917833836
0.4064099567407778
0.16340831548598386
0.382121117252037
0.3784759730162723
0.5528684516690349
0.46130011906482216
0.3239697873980634
0.2513776855625531
0.33551124442062974
0.4860020502850532
0.38301425661910704
0.30125708151895225
0.4383802595338152
0.19906280755414113
0.2917650205325767
0.4462741698157989
0.4807582832070629
0.45111196891200545
0.5015933030740496
0.4490285971519888
0.3331376372733005
0.34819787610385705
0.26293171286497835
0.25801860298893403
0.457684640829504
0.5054049237465865
0.4164524915998941
0.37089494546755103
0.33784182019454806
0.42429292829728477
0.4977221449520773
0.2907817740361872
0.3979422081292092
0.23508391644149007
0.359873684137609
0.23845555046152106
0.541039143252588
0.5066695564042768
0.4114870163761359
0.35816519155154586
0.34477538766624577
0.33393771964665164
0.6436168496940549
0.4019069879314609
0.42565728013790344
0.4321551359701385
0.28692446128795607
0.37832677517805663
0.2159762219971909
0.33097550815115145
0.31377638999526514
0.38435079602661226
0.34897356778538347
0.2938832873095832
0.40160385380935504
0.2460101956753811
0.5355853967840015
0.5249831603093903
0.22638368695175656
0.41134767806728306
0.17266319914559553
0.473267152821291
0.46655783113281074
0.3668275124838654
0.5145826877820204
0.6315161062075446
0.4302141845859169
0.4323474288574144
0.523978936617058
0.49220806405233114
0.32593584769550454
0.44122989273247604
0.5826097009485296
0.441546449185583
0.4389105055322879
0.5338377582449935
0.512091300997065
0.6468489902788352
0.5661656358651561
0.267877596113134
0.5275943262685213
0.3343375444865378
0.25949209009958285
0.44321277222356426
0.47916221560144584
0.6085183412668946
0.827638612991174
0.39356243170603283
0.49706280774430117
0.551683187361106
0.2968135458555797
0.40122729333425544
0.491270026255828
0.40551666228868416
0.359586087763528
0.32950515684485066
0.5814898185815062
0.5784472213647649
0.3831751335050566
0.5495108774014301
0.49369624042211124
0.4525843932770381
0.30974326356690296
0.41062079952476005
0.5137346989387528
0.5293569369447292
0.37613559966820903
0.6795011873911343
0.35684348808632965
0.5436162153152008
0.5094504904274706
0.4328157440713415
0.2721675708887295
0.2780682971547601
0.16951083137083595
0.49861981064286776
0.5350866504309632
0.4245478152960063
0.3653256928917837
0.41153498006088396
0.271911566079474
0.2640327919947652
0.5607925590729075
0.3895542255597286
0.6357263872170746
0.6288716976727965
0.5655075200808558
0.30958886409737335
0.3840475765083153
0.319158029191786
0.6143920886963917
0.3223119206588144
0.3320519061050623
0.41104092392551556
0.516618132324213
0.43627027524277673
0.4284706818273898
0.4033653724983222
0.38559014960601834
0.29862347074372275
0.4726962946073645
0.2346546099374045
0.5384893948188266
0.6455315521758955
0.3476420413824855
0.21129227739312728
0.5034481583382713
0.37905849878855274
0.4472377263662717
0.47336777634993704
0.46153735246072947
0.25729005598173255
0.9187726145846007
0.22821134150395872
0.7606880230058544
0.5938244774997234
0.40585298367283906
0.4880938301832294
0.28703997168708606
0.48049273254309866
0.4828517134987
0.4727137921920987
0.44689064043501486
0.8002919561055729
0.4694281591648226
0.28172107955664266
0.4499075824513334
0.3161253152042329
0.48093097672703966
0.49351275516843607
0.36754387219000834
0.36061124873348166
0.4517018598812763
0.39987003215025607
0.6059544663811434
0.2930522254125507
0.39054590348357765
0.3768565772436886
0.39778330526413685
0.38473935153147065
0.5119308430814016
0.5094046833345847
0.4112206821126437
0.4236839543670338
0.5319390162286212
0.3167578739954641
0.39357799141833244
0.2531448039812909
0.3014388901247251
0.589779100102708
0.4648304273569146
0.26870963440936296
0.46397766979978655
0.4940211466317832
0.5881818476054227
0.7607022582503555
0.5657466934779657
0.4128076146810686
0.4427279274314652
0.4635021206669977
0.25185548640183086
0.5352378953562121
0.3273386664581731
0.3483877881379713
0.3115283099785711
0.4512655600540088
0.32692865116760383
0.40950867633002386
0.48701478053520414
0.3317798153488304
0.517327718069488
0.8153585639619823
0.28509774209594574
0.6630824539443498
0.5757884497645884
0.4411830750214665
0.2872052599584944
0.2269734220872029
0.4460551857077504
0.31346583952715407
0.698586401115735
0.6759678033336801
0.46333962613681223
0.42633695850916087
0.47178015728607847
0.36462879942580934
0.44951902226638324
0.5149965921293177
0.5266191350074031
0.31122362701395617
0.36308299673411465
0.5219502669740728
0.587479437328743
0.34285283206010697
0.5044659309836356
0.29008254661065597
0.25839032965658376
0.44895629227955985
0.3973829506275695
0.31603202349667725
0.48439100889776787
0.29067698710657375
0.4395866066187146
0.42314637913096814
0.4866979477476466
0.3022226590097713
0.3161431555108538
0.3289798226322745
0.4521616791094857
0.40804524023799504
0.4602131222721462
0.34526211215185115
0.39575486171621405
0.4915596033105793
0.3554197656422872
0.35502590666204964
0.24424420048163398
0.4250604750320926
0.3216330282590225
0.43718775458859516
0.292704669661469
0.4591194382442077
0.33220238371716426
0.17448694080603142
0.459994622438211
0.5839301425786725
0.3237428341242498
0.4211689294207317
0.23454684082770563
0.4790227167037416
0.5369388367063571
0.2999316293635959
0.4005410792746895
0.41861971402848785
0.4282539352612094
0.2276248026920884
0.3915878151082041
0.5547463564804205
0.5612063020641497
0.16487558366183022
0.3831847790181979
0.3391916848256355
0.3779562869537335
0.3263639912902126
0.3060228216839575
0.3416738855104985
0.6815160562361379
0.3582525934723278
0.6520755752019807
0.23561001489608452
0.47508344493234317
0.48514615638986913
0.5783933001959126
0.3967556543422383
0.380376122578882
0.466086325599111
0.6437605596859165
0.31457787751291577
0.5491584492962329
0.4248480021276568
0.620285579988008
0.5888048165278593
0.4213153574665294
0.4801690153580642
0.3938683238691286
0.2784480690022951
0.19271455351926103
0.44070930279779547
0.28919950521628174
0.4107709865394798
0.3769441578609541
0.29870123054501785
0.4318854752268505
0.6454718245476888
0.4126099513396742
