0.6725207807383463
0.5709685522221629
0.4128732139337068
0.3805915607513038
0.44811969384357764
0.6561052597187528
0.9234444837784807
0.8632429801535906
0.6572123156623738
0.5030569891830118
0.6971779610732997
0.520585787232924
0.5679977303025351
0.4817951307518396
0.6934666479631111
0.5818591249031814
0.8007061060990931
0.5202836739417565
0.32487457819773313
0.6457087941236618
0.5449671668655854
0.7998719777952753
0.411567999048085
0.3895245764536299
0.5543311263904458
0.538366984847784
0.459641579118674
0.7706234955190431
0.36529700028575196
0.5692411528290684
0.4806177344378966
0.3142632418438884
0.4304857351949005
0.6745438006292281
0.7922973794145327
0.7172160484230096
0.689363357498513
0.571765889038995
0.6317390429674391
0.5852004163819416
0.6037033993874205
0.6650680608596518
0.515945977422358
0.42138137079309723
0.35546817446999707
0.4457499961401909
0.5666409720669624
0.5610366119045443
0.363016698448178
0.6716821792125611
0.5219719912938335
0.5625000120273859
0.6070895441784528
0.6757637750551146
0.6468952298640955
0.49591491391175796
