0.301348382365402
0.26183173082404393
0.7508197264713898
0.2744016043063653
0.2306471793813456
0.4542278921561243
0.27512944785636556
0.2858748710659628
0.4202435246705965
0.3134230652318495
0.3797908539623649
0.3886120568052138
0.40774656227030237
0.3662169300905571
0.39225726214858664
0.30239812358051316
0.23976638831837738
0.27903353107540535
0.21468898267728354
0.3598273653706373
0.5667111960575394
0.2801137855808628
0.32667464923919237
0.37713369202297065
0.32954785185297447
0.18205821596948668
0.3828030147006139
0.3314275576761569
0.6090130886921094
0.19701394517813758
0.3766684310089754
0.2804464862780086
0.47775802655311167
0.18971272085190116
0.2850167401396569
0.20803952703556258
0.3159527550573298
0.5833450107304167
0.5428452115414838
0.5215770773517091
0.3500264077846029
0.4083265869901854
0.5345508814208804
0.7033293087156809
0.37742727113112323
0.562843462923586
0.27015987982875567
0.39527742737836385
0.2785106606400171
0.3599179489480047
0.45252342045638605
0.692736202816903
0.5101702294499347
0.23350459580009322
0.586143230670192
0.3089900830407491
0.4210294848686353
0.5324068419039898
0.4449063023536642
0.356791398139825
0.27468532665212086
0.35334793706525863
0.15308646986092808
0.31617547166816146
0.2998146713124384
0.32702710424177606
0.6301909315376557
0.5056306744864102
0.5808382147188222
0.2957111585312923
0.35772719721766855
0.5375616913104532
0.6666623954170298
0.3277172490873981
0.54952449669336
0.3058606050271468
0.47829697717754355
0.3339650810496743
0.4536934971279548
0.4539333417764578
0.5799675391468893
0.5150649465782102
0.2638117782408626
0.5926767898702415
0.326790724746985
0.45077117364067415
0.5523308061176716
0.41386913257496666
0.6873529612762167
0.5456523012876152
0.5852506608928119
0.44568496905487864
0.3192324496523597
0.3929877066526263
0.20771987949300647
0.26107407164942403
0.43160032553861954
0.31508225676529533
0.6223668762362837
0.22765827363542013
0.3993838746312497
0.35822399860405874
0.3842064685460743
0.3615488423866096
0.31087796202068746
0.3654780698851194
0.3914315098526539
0.2879410561186194
0.44458140681986785
0.4619104910289302
0.4051641766663923
0.3192283372942254
0.5163328745312827
0.47505756095757
0.2959025344582991
0.413781551238134
0.6848660162266983
0.6264888772815458
0.5137350701491282
0.44041229674827637
0.4595005006452617
0.29356553701301924
0.4171455593988362
0.29113215019901095
0.2994363082104227
0.3364857849369618
0.36394094329620125
0.5988692676069878
0.23337703116953828
0.585293954622873
0.35358573671378885
0.37898974863602075
0.46326903704815536
0.31325486045027645
0.3203346547033899
0.4309920196528875
0.2501778351343734
0.4160505975118954
0.4735747453513689
0.37311784425422584
0.38330607052288906
0.5200883581677331
