0.4229823699234037
0.4666606768860662
0.658757609991337
0.3291944555512755
0.24816459199954166
0.5028071822798453
0.38904278232388856
0.6316660108096765
0.20931892410092964
0.4713257882334531
0.39477687258863725
0.5985070619760164
0.7649020907422203
0.23441364258872385
0.4035108203251407
0.3937235280878738
0.24914894670639545
0.363770886046412
0.36062072427306147
0.509008079981283
0.6301613657255911
0.22674456646708901
0.33939249054449494
0.3614504411318382
0.5301111605143198
0.5369289940876254
