0.6069033907457367
0.3124968936968738
0.3904933438144871
0.4201149933339023
0.4181576031666135
0.42085096059851196
0.41246447831742883
0.39902986907854154
0.6581954903480782
0.28659575052598274
0.30000053559025663
0.40896021231843177
0.4407353673092257
0.4808631453609915
0.2972166331199065
0.28687325993204504
0.5387187085469151
0.25873996667711746
0.47651072869506306
0.5238853725680735
0.5047561640511572
0.47390341601667746
0.2455431998927779
0.5053027761205595
0.4655562927560179
0.47443292034315265
