0.2880654010171888
0.5031939360727701
0.23087088368367606
0.6488423404391012
0.32662779032239325
0.41061617020210034
0.25266268286672394
0.2727838022834975
0.8950236009152744
0.34431415830351064
0.5981285708066949
0.3780926413462052
0.5093779079993697
0.5981789812469516
0.24439836141928695
0.476081772479963
0.5135041701495855
0.3662864595808304
0.28730320521054703
0.4013042665227567
0.3688318857704483
0.3894287147720431
0.2776322124472421
0.26206723352976885
0.3192274966327856
0.3756207884053975
0.7537115500555971
0.4441597918463907
0.37774801921123874
0.4594863354965134
0.744949197691938
0.6061312312453521
0.4154050319053938
0.3153870342540104
0.4113799047961061
0.4427439257669079
0.391261356412758
0.3718882878143402
0.37527200407427685
0.5299011996504633
0.47168652886411705
0.24573409073442656
0.38329338263833473
0.5947207924083329
0.3373132052314275
0.36375471905261414
0.375959265593854
0.402176880758233
0.47037824151848945
0.45267264837633314
0.4214250798532186
0.3352107292397807
0.36505889064399627
0.6662707727237066
0.367049398726839
0.4926610071225089
0.26440233328813717
0.36813826206409583
0.3661863574438012
0.5482337553395848
0.523826303244241
0.33516700502916313
0.4695015138625805
0.5761653686946836
0.27774885394195287
0.4099630497048807
0.49150896446328735
0.4692046294454862
0.5598747416299835
0.5790473660389108
0.26806602256108425
0.33175072668029887
0.3800651566624512
0.37662051657146717
0.37167249540202724
0.4367769527370233
0.3561912507155242
0.36037191839027655
0.7751442652740606
0.421248418230939
0.4489937307455133
0.5344945970834092
0.4492275757996497
0.36370758713695894
0.3970000917122834
0.6643115203695222
0.36644756985553956
0.34147463883682255
0.30600367335973033
0.275119125452586
0.6081695596854442
0.5320448745511892
0.5434582868142592
0.5438291718365891
0.6880549255545412
0.8514387801641815
0.5599322861766682
0.35294240094813767
0.3173557982878183
0.5011995329058035
0.2719022085189906
0.5815551244987269
0.3159755157485275
0.28640708364215894
0.6399102247836035
0.4632383491276825
0.5005870953573249
0.45437643865094923
0.9478448022566326
0.5118671995244797
0.40589356419433903
0.24922222707605607
0.46352858207842385
0.2919591867028807
0.3600658521907582
0.3963409382777237
0.32174529350525893
0.4847369809631108
0.319239090823591
0.46676448300903933
0.46968737459971727
0.35951154360891346
0.49138748817803396
0.5561978903760763
0.3128310306816192
0.2421228357593469
0.4658664139073267
0.3754454103724933
0.4355005041017355
0.6621051176381854
0.5427378903029699
0.4623640705225585
0.3523028694524271
0.33204514400172824
0.4813172633381747
0.5226348526782746
0.5152680550514713
0.2534337906565373
0.4275216358084513
0.3228358005575215
0.4512125363762306
0.34842452878407654
0.3476115249814329
0.2985691840948934
0.30686485849239786
0.4539127684782748
0.4563383154789374
0.5368287314914231
0.688731219594875
0.4673464966502384
0.35873459487996623
0.48144634874906583
0.3190029016978421
0.6201580668639254
0.18883265615108696
0.41226573014046863
0.28088602074905217
0.6980735745081863
0.4583136735301886
0.36430390159723397
0.3122333788245154
0.3882430485656225
0.345012129202544
0.5176251778204382
0.3085140338428833
0.5014430896861775
0.5068333760665528
0.3551742105817026
0.44514758373308133
0.5538098725422403
0.609004488666949
0.4247451065205963
0.5275810386574313
0.6776232391025185
0.2795257716959705
0.7158902673533117
0.6179974015484901
0.3965824613827852
0.44750257283216943
0.46456628269815015
0.5006408663913353
0.5634766375923987
0.48217177595071925
0.2948254262112386
0.2165211576410359
0.3994133273838522
0.5938482240035956
0.4504795448138767
0.5129022307302006
0.8674965541032261
0.29579506330838184
0.4776295790958281
0.32025098924177464
