0.2564585834147586
0.3985761532008085
0.47226836882625134
0.2777858041945746
0.2268284452779043
0.4177283082334678
0.4565436776033189
0.21649774544002487
0.22122188527255404
0.3579655208782018
0.4782708367107007
0.37238782753440614
0.23568901723860816
0.19984201057491097
0.45608453952687283
0.36166355972907144
0.3761605383513525
0.2683009608671142
0.2473138002714815
0.4249040060747929
0.40709566639922196
0.3525396271698432
0.2833633649810318
0.4536585687904287
0.538737271529954
0.38696935036051083
0.3404028858120462
0.2692142794657297
0.47558965885337223
0.47041104833445024
0.2791186169228202
0.35178569849439134
0.29243236680220724
0.41565360851679906
0.37405815303415985
0.3116022218159621
