0.26079930855297623
0.34189755677919237
0.34415692147872445
0.5003740168925038
0.28059543188617836
0.2925030329491924
0.5968917110425237
0.4664477662594562
0.3468275488537871
0.13082493782464724
0.29293046946659274
0.09746979211707492
0.16673022628701997
0.34065972522965654
0.18189768143642152
0.15994859404220121
0.3216995974516436
0.2341063749884517
0.20396392669094365
0.26970562424695216
0.15729395043464098
0.4481664676540448
0.23848569257012905
0.12240549763656891
0.19321572858435063
0.2626880423671816
0.46710005735738175
0.3451095882930484
0.1561018218212196
0.14676909234845406
0.19558178485154662
0.12428996002916695
0.21540044601348166
0.120400421485687
0.2002443254585955
0.2829222149672984
0.2585105317877571
0.4074402448993322
0.2237540645424968
0.34496882000780005
0.25286332160270186
0.19821258093524446
0.1106126126930695
0.22077242484932638
0.22088062511327103
0.12027931334814543
0.17931346197096434
0.3272759453123713
0.630040180648476
0.1694313411578
0.2126105024883393
0.2288958312191001
0.2606182923825715
0.39354007923135853
0.18658644383631878
0.33437216157841954
0.22590710022971972
0.11304010952136113
0.5111993269984242
0.1657091925760232
0.3003111193676673
0.3145450129081692
0.4052371028661581
0.4599182346902784
0.24012543220752597
0.1787169731452361
0.3835781374223595
0.5405758364723877
0.3377060898049802
0.18112252245667326
0.19584099169851707
0.20783634127243886
0.2866630485272378
0.5393480565704218
0.27754091772702494
0.3269665570307133
0.23926614709965952
0.4571185105556806
0.14861680832707722
0.6186649164184562
0.2395393228180806
0.24065983118269904
0.13046854641188038
0.2704972517969604
0.25501015325832094
0.21240822318621627
0.3642118010465687
0.24822295523804716
0.22724338457735224
0.31147597820203826
0.2848031732534576
0.19660226820216214
0.3297963532638703
0.4343122064839973
0.2857792080637969
0.12522359332581876
0.13923379236343417
0.43103050350465105
0.3334016851798907
0.26912593028683646
0.13293901884864126
0.24960364748618424
0.1830432423593117
0.33252409394174404
0.3420416223755901
0.12127826367893046
0.22836524656262044
0.4707837693207502
0.3723865318102304
0.22073112632464026
0.16292451225110152
0.4726090184607797
0.20869373563515914
0.16063642675413717
0.16887644779341535
0.14095256866953865
0.6047466840579674
0.07087305758826495
0.2054803243801093
0.16683797695845426
0.6355165689647074
0.1444641076003591
0.2674846689480677
0.5202525802924372
0.12306612958935557
0.1467780929647509
0.3228422489546787
0.16299148586658707
0.2618806411174776
0.2082586377578024
0.3866640831138543
0.09923129578697591
0.21261084962183488
0.22575174359725608
0.33397886392161175
0.12013370321968211
0.46622802916254075
0.12746095943320715
0.3233478411425083
0.36316849609881185
0.14022427243795282
0.24825233483095813
0.28366291894143786
0.13979223731564408
0.20243160875469926
0.38252792751157133
0.7196085423472531
0.16844469966391504
0.10797769937386346
0.2110681611400999
0.32257491685093764
0.490394208099893
0.1985530316261314
0.6467075856868685
0.6610991653365759
0.4559086676889775
0.2012331156218207
0.06098656808950222
0.5113678674281533
0.325922655420293
0.4209566832123873
0.33070342213671544
0.28470168869416607
0.16620757217361187
0.46252953851707695
0.3647954447994984
0.33399503036439326
0.17100506389025769
0.36788973785191315
0.3438738505840368
0.8065294711536282
0.3161767916118329
0.42666735812099105
0.14773429890095946
0.3374032217971061
0.3528819607421175
0.2228844363216333
0.11493204653907872
0.3184960596120236
0.2064765197137634
0.5552117602999309
0.3827676067263582
0.14698039647253575
0.15514754632376523
0.25193887684500166
0.4108695248696208
0.25823186940182646
0.195270353983343
0.1755551055437823
0.30120938734131186
0.3124504927556462
0.169592322054792
0.20814786217972414
0.11191851177706766
0.22142468510018756
0.10785537121322879
0.15210607775023213
0.15778560907481073
0.2310116426892111
0.20218124386056813
0.3426895695973367
0.7442151671248469
0.23764652075262327
0.30015737162695355
0.5091832975731052
0.5483688197877465
0.2170104083748404
0.25451470955226696
0.4863897713773631
0.10241350290591691
0.7417838703437214
0.25530380716699985
0.25557967904158424
0.27071964335454096
0.2501279904716702
0.29883370387464103
0.19581767645825646
0.29679752617590105
0.31082499894223475
0.20984532487809338
0.14679111847612913
0.3255916975131396
0.17407946806766572
0.49997572913291655
0.6923521513708634
0.1969459500344055
0.3481877590330173
0.6399041067631688
0.29897030626402177
0.6324875952607414
0.3414814489661197
0.3663033982040491
0.4999136439453293
0.20350388055800925
0.2144364447053402
0.2337961576448754
0.1233616960573635
0.2668423083020314
0.695755630400086
0.5596934442954754
0.25101716552502235
0.6412422842936604
0.2665508567870591
0.2817914076428328
0.1667532758531505
0.2093203921177235
0.24521980074903002
0.452900433863183
0.10306771883349967
0.25821617060787627
0.3232944105068504
0.32972608663488173
0.47756443757811234
0.3367205647695154
0.3987939063682699
0.33939978647935687
0.23910077766782328
0.2891630337406238
0.2944213576593325
0.2381580545130668
0.3398489067263284
0.35121981972934235
0.4950423272711656
0.4496321956129278
0.32919389640227453
0.31059264635742845
0.23391281299147973
0.2598850620040544
0.30441617394817166
0.3198253609013615
0.16573447556629872
0.26934685216766385
0.07215849368430555
0.396229226201126
0.20220746138191398
0.25639887323151184
0.45252070119675086
0.162394459726345
0.6192127550813843
0.3074438997609345
0.13269411795003713
0.23439284853260023
0.23874948694595807
0.1862361017084293
0.18964962276852104
0.15341805568527034
0.4760790925192427
0.1092320816849137
0.2042575399344945
0.5054184784696873
0.3837285662109355
0.9329173745502731
0.40016697980966404
0.3003736074083334
0.3636054055635896
0.8522785689288214
0.3754749517899597
0.11902010127512717
0.11501439074187882
0.08779414310546388
0.09042255352296857
0.4965043670147872
0.16614334950485316
0.3160898184146321
0.18273870287501476
0.1697932630319399
0.44420859087240566
0.6277827010597192
0.4203395364779472
0.6268163351880903
0.27623146787553954
0.09376314018746396
0.37448342936761075
0.358632836551484
0.6733510290517843
0.22036124708510108
0.6042450035979581
0.14480685708934926
0.5721020427792373
0.21616256870967088
0.40444523013232775
0.16234031841793958
0.16206618740009204
0.12495757040511286
0.24735024718921844
0.2372737221142918
0.4288283979043479
0.20689311626303503
0.31313432920739426
0.1478191130887684
0.32944225307223945
0.20544639310547316
0.2899238675601919
0.31295626091035184
0.3586663708188293
0.10722191378825192
0.7233665232263936
0.315407699240251
0.17424484287028885
0.17923020098300274
0.19035623073707164
0.3309560597949219
0.16430845597197072
0.1516110897805279
0.45570040222543645
0.18222884817515106
0.4882871525047462
0.33806909186942363
0.37734997682568694
0.3677832203667254
0.24809075140602957
0.38532839273154057
0.2017618412414115
0.3055437830210259
0.26428854920048134
0.2098847145408529
0.2431258344170897
0.6557525572704072
0.7251265750484193
0.5650498276542901
0.31757851419483524
0.3844093000403457
0.2480924542574169
0.3786480766456987
0.2210133481707563
0.46660426197707117
0.36697179275902025
0.3050215692674014
0.2219075323525741
0.3264831434356244
0.14645110655635943
0.14750895947820666
0.2617644647169026
0.3202649584412762
0.3472586691853133
0.36699762002403064
0.27097167172230097
0.4854726100210829
0.22335139616034563
0.6453649999203919
0.1568468017384181
0.22617404361562343
0.41372620226240475
0.4747590793098547
0.5868263204667765
0.3880582974964441
0.4692334630705244
0.2832651526088213
0.5372224743307942
0.3663260727426073
0.5393425445700297
0.35065787639063556
0.16428464926398303
0.18322346584958013
0.6961713450359113
0.6057525810622273
0.526159631917109
0.32421155026639215
0.2943703469406431
0.17956313009495944
0.15196826562841456
0.25138591753224165
0.2622075555186245
0.21016773039831063
0.21281103465253176
0.14806618648258113
0.3286581431772068
0.24709841863555404
0.4477946680122126
0.2930709807385129
0.18446292864102892
0.546200134540256
0.32612029221405264
0.2612020672735832
0.13788707021946006
0.24370431268101933
0.32728123174628027
0.3660651463925255
0.30408054915805444
0.6501130695932786
0.45286101810841134
0.47021832505465366
0.2147548395923048
0.4262281934483681
0.31509569384144887
0.5107220177708204
0.5188614550201859
0.5429777198348046
0.2922151925264604
0.3156303473701189
0.2854984447481735
0.11995214271530992
0.2061470124991775
0.17418297021860443
0.24587919781145967
0.49160211304046086
0.42638739270627135
0.304496734925116
0.37405000677282385
0.26455313059706426
0.5569070113923972
0.13557164650041328
0.8184618123042213
0.3493986204288902
0.9536827335093192
0.2755798922105598
0.36326048955643436
0.24755028308341284
0.2857263302253082
0.3027490045782826
0.46740298294723376
0.2642366438070978
0.3516033159997358
0.3284213037209187
0.1490888702884673
0.06919853899464712
0.1427389394605108
0.11093333699516456
0.31930371315779194
0.2845755513824988
0.3905920431752791
0.39295740804865853
0.25337053369163637
0.519760499702536
0.3337309293876481
0.6168322836717627
0.24826071491303217
0.3694979479500217
0.30648890747372576
0.23443300496416938
0.7489429018692039
0.26492775671090013
0.5420761717315544
0.39652315142299266
0.48531399576391804
0.3122117671505962
0.2743834318919206
0.19269303206678415
0.29766346056281634
0.25556016871333104
0.16056419392557852
0.24009189212636595
0.3150934328305671
0.1622778577319724
0.2260566254697489
0.16290937987959675
0.14640426077841656
0.2792159730250536
0.2542182128582877
0.3538651551989122
0.293519611852015
0.8941393890161382
0.21143937561437096
0.3229988374327525
0.21987460787622395
0.9629101955243827
0.2734733259242873
0.49442332799493544
0.2892475041999484
0.11144033429262364
0.9237422604712205
0.3750957509546468
0.2406004662723189
0.9439926619456993
0.24532005017701472
0.3571789876055933
0.4771242354843053
0.3729964361437712
0.19893327390455212
0.27699524191283936
0.4249802720997411
0.701213480849081
0.21342374185927465
0.16263491875143643
0.166705464521706
0.3723775438276136
0.503998693039977
0.5741125721189829
0.24724336549985734
0.8489961478233039
0.11160133046812237
0.41615644654859696
0.42892030684278243
0.8948021058844706
0.7006235338678525
0.2666720757231765
0.4878597120131392
0.3738187174020465
0.1403205761914472
0.2017849590606227
0.30043485884278703
0.19268961309813368
0.1698505642076847
0.27336048742116326
0.42781084032388167
0.2803428872546157
0.27534242259064234
0.3045357095084989
0.183972775645806
0.28480433062663957
0.6186865883407182
0.13554274379990178
0.16042971727843475
0.81130145175089
0.1753100120641861
0.2893629639898584
0.27492554409137426
0.16694162600412088
0.5864832793150685
0.3356117687087213
0.3975728611951361
0.3933281215762833
0.18127841997062366
0.17021679540515372
0.6454590537594718
0.39281168353914564
0.6590986065084714
0.7737097430919604
0.2815280484594262
0.5817824718282222
0.29776149736650226
0.5430569674787799
0.39024492102154906
0.3192570850934436
0.2694047726642815
0.5910470675550916
0.3383941793552659
0.25766145440668903
0.5490727288604118
0.2248627384636097
0.19544289851242636
0.39544623578242744
0.33068066713519434
0.20610182184761747
0.3780000554061126
0.16786629251372964
0.4345992406756559
0.16853224823234803
0.2097997719632557
0.29383013778533645
0.25694016433910566
0.6168128655263948
0.24614953384188237
0.5682483379639416
0.20799271137297592
0.610846693243126
0.41652103166758025
0.1694321491798239
0.23452883473218572
0.5693076975290469
0.2893789536152999
0.21973367918576966
0.45613412401859593
0.33204291723747426
0.817073574360793
0.13282226676241984
0.24988436594588165
0.1593715015283608
0.43385078933161053
0.28898481281791466
0.3275321207825711
0.22547466864046994
0.491811126235404
0.38401640231179635
0.7145848045069182
0.4476459864528016
0.12597991465556538
0.28327699794594574
0.2654618106453386
0.6714928819097525
0.36621787830606933
0.30526974824951786
0.4436076872623493
0.14751747257319797
0.6064479160817199
0.27297570018554557
0.426857608507416
0.15544092709828908
0.4616247222003437
0.34571914483887456
0.18087641974313323
0.7377612427660912
0.48606046328001073
0.42723977013652975
0.3507947724920556
0.5390417285498948
0.677322800222993
0.1601561732486062
0.5161209992866412
0.20425100773946153
0.8438953339030549
0.5944981280032668
0.4511347645017626
0.16748976332209242
0.3516536897052294
0.6212761205545316
0.5901907168300413
0.43408165323801395
0.15277040836890604
0.35370672129541386
0.26020706539808186
0.3959603110240531
0.41437293054783353
0.6712343797163763
0.10931269576655256
0.21214859522545204
0.41875617697379564
0.4016429644636597
0.2425917799157115
0.634625149568209
0.19374542860603766
0.48974410492209774
0.21712889582178213
0.21809381478438652
0.3105990193961727
0.3884679232295394
0.409704496072834
0.17513987925519284
0.15353846185904688
0.19126717943962923
0.33274733427535874
0.4943670733408343
0.18623093158004478
0.21228584086199914
0.5861686545020893
0.3949048010382403
0.4182623479775916
0.44010504789279764
0.34006069913307446
0.4026530198067798
0.17631217149326553
0.27322595198128985
0.12961933696532127
0.29747172577411596
0.24206883476904567
0.43702030430575134
0.19910801555831176
0.706442280153319
0.17630439056884056
0.3767548180905855
0.3672332468339568
0.3287695133717595
0.19828081692307153
0.13357336197085845
0.5537345827052154
0.1734078059917983
0.23325600638634147
0.11627761743435286
0.1572486576216278
0.3837189038393943
0.3280890696913941
0.5116371695474322
0.21821722941317306
0.23531919768757648
0.2715102089025958
0.2601068492564662
0.13912016129136023
0.19987464781049197
0.3386477972824961
0.9060034136460332
0.5427575144247666
0.659585080434319
0.45899065173777603
0.2560582222531237
0.4638763118709428
0.49399914802907563
0.15887586828028843
0.3277555786155974
0.17364507952681738
0.22647941762467863
0.20361750074116758
0.13967612068416266
0.37041024209056306
0.1942017610360472
0.18895872902745728
0.23084214414578647
0.27271100347448035
0.23971769480076235
0.48427250230866176
0.23881422632681537
0.15554173358577333
0.16501832276936887
0.61285502837392
0.14740086323347545
0.11617931895750619
0.1448958838563172
0.4832073008617188
0.4237297692860527
0.34526917743014623
0.7239060248112564
0.3271864378684425
0.4531842924120348
0.22603060418504334
0.21108728991230355
0.16975248241410895
0.3450342220387547
0.6289833462703469
0.11952190292213415
0.10789372220538092
0.41033443644885365
0.12598640874126413
0.4604116448218505
0.5504314298425467
0.3236711175846672
0.3714720273017232
0.43338598226481156
0.16738973966561682
0.41409415175941794
0.4752623368850943
0.22530505628025094
0.4706343686363918
0.2933330875899495
0.19057700213571718
0.4522487368896723
0.7417752171228172
0.3382416495253794
0.2787061946452902
0.1831471776736779
0.5889708741346958
0.5351512346851517
0.4842381011440399
0.13741072346331318
0.3345879629122909
0.15482489928721044
0.627057017969323
0.46694737794967206
0.20152985888499114
0.3730291941637749
0.3164286272061972
0.5418805331990357
0.17514355297814968
0.33748184278354665
0.6964292584812979
0.25641707490185683
0.2807183742592121
0.5481774669964794
0.2984221666941386
0.25133155337423174
0.13728403326702
0.31996706810637227
0.12793726466260233
0.1344382100483228
0.46267504230499507
0.17952242680499453
0.6049538072766699
0.2973214312760741
0.4839865333133111
0.2642150994546622
0.45493269990782204
0.2816865069659444
0.37963561832793813
0.40958157146735513
0.07392530352059205
0.4469345094197204
0.2964007747889213
0.32441054310996137
0.17610164123962113
0.39282338080574625
0.20577211173363477
0.12288037207680481
0.21550868600286027
0.2566334412239937
0.24749742445847842
0.2255042330835832
0.2014970524016394
0.2810602436185852
0.27572821877244863
0.28040727243052976
0.3768246997939553
0.7674737808161015
0.31817024983068104
0.28396625823951493
0.22395670251822336
0.5219653649077731
0.5147449707802932
0.21532543822906833
0.7018632660210987
0.300030954978988
0.22759086130430395
0.5228815601255352
0.7098806494067551
0.30402522057313236
0.23282740720726658
0.4860200607797778
0.21115975629219594
0.37403883996055565
0.13972690354891598
0.23250886122551706
0.10658932978929908
0.3364362223454656
0.20067166308649517
0.1765968679309949
0.531736991159015
0.5861467313593852
0.13024100567320665
0.4591305898643258
0.18205166255521557
0.24118461536796393
0.3057786198500993
0.2506913004044365
0.4543793822241221
0.3945584022902789
0.29309243513917776
0.7395292709307051
0.15564902075754414
0.19199633377751055
0.3348167208584809
0.3211141795028067
0.22570016708335683
0.2907412155765096
0.2124851707722269
0.19757693050079944
0.17390928488132953
0.23760893305211567
0.6737240072941514
0.1201353584004973
0.3246758924793889
0.12287968857124333
0.2291401287504217
0.247195383742932
0.2323110546147244
0.4222013728500481
0.3988601065880122
0.1802821332516501
0.5651642056890787
0.29800472767083963
0.2228850974753224
0.1590964597465829
0.13542656088488067
0.4155503554415344
0.1542296526657717
0.4736799509336176
0.20566600182479405
0.10984976812888722
0.6727161336704802
0.6781002873929157
0.6223864859433703
0.3079972489252784
0.5727955557319792
0.46047127772238533
0.3813708226218147
0.35481177332322794
0.7667612496086176
0.17912760704597355
0.1325195157956956
0.42691360560111974
0.6104461282976341
0.34997642894620057
0.2484153841797745
0.3308483827965063
0.43729272268972436
0.39298410710158505
0.39586790328773225
0.22306944630088282
0.32096193438232523
0.30472319560807754
0.35979070400003105
0.3758170844756026
0.13810108771324842
0.16025262842706567
0.23102546577245098
0.41183729769364236
0.24426527259918615
0.5585707187226827
0.24795187614632777
0.3162209301566286
0.24712736636518623
0.12351751298650517
0.23520137965029528
0.754700852660111
0.496816731436769
0.39404923749782905
0.2601389152678043
0.3743427892353145
0.23927546006888897
0.45242152560953697
0.20945191725270118
0.29924667202726624
0.22020212961755917
0.5049237657710691
0.6793105172305136
0.4657808244683535
0.3244775212803153
0.18058068977032676
0.3509447526663049
0.7579622896010535
0.4028624315474789
0.3783752532783865
0.30450084812378864
0.2643352792440198
0.45890511008059953
0.3391703782065853
0.43994939731897365
0.5145065173643077
0.26700273749300846
0.2562517106793803
0.3187424635811277
0.3963177955029044
0.3871005097016504
0.5178497717846946
0.4411184954424245
0.39378668172354453
0.11990209796295517
0.27387805958204003
0.610528237872098
0.19097277697489068
0.26619992028509637
0.35514445361658115
0.10297168709601791
0.5562746706898161
0.22498811956938236
0.13124416712646603
0.16342984010513684
0.3510785647617478
0.3282438341995617
0.5347171876577614
0.11087210810461567
0.2176392089912438
0.35555443579924134
0.35500219946569117
0.20324073027399622
0.1722916083954962
0.20974687975914177
0.42981893273509375
0.11306547211750002
0.11145026133978851
0.19128166167961286
0.2751440879352177
0.1765476058989469
0.3182397969763736
0.27824914665246975
0.33672847947548573
0.26512319998089023
0.2849619920223077
0.5820165051909373
0.41472925793835663
0.2220093860389185
0.4061437972101713
0.37684432615944424
0.20545532323793936
0.44231003347614034
0.39085539967966976
0.34438965185446735
0.26091757570618773
0.215782091484794
0.29509847999905975
0.26316685371720105
0.16519419891258796
0.17359320534335812
0.23162693745440951
0.632929672526534
0.3818787661437585
0.30416926996707605
0.2718900883729727
0.30308816308933734
0.3438107645566729
0.26066559104688064
0.2937673525919765
0.25441760227449334
0.32111063324554
0.4715836807663604
0.44270736647842746
0.49969360915700456
0.3834953217936591
0.24114622522225207
0.34709019062942276
0.19010243232460253
0.2452459851559087
0.21731982200766034
0.13087411507731325
0.3707136807471148
0.528663759839433
0.30078941126458
0.4329257151672853
0.22184662032789879
0.20350680713558444
0.3246048475990213
0.3295062141897907
0.2689808772340559
0.22076145268820577
0.1742613027922506
0.09441811797985004
0.45917937390700186
0.2675505574247856
0.32342653257257375
0.3055004330556084
0.4920015154102952
0.5654036933635813
0.5289309926405852
0.4082104002233307
0.2917054660683476
0.31768478996347715
0.8281212679303972
0.28317400774920976
0.26662976817133094
0.6259977259844685
0.3476421471507303
0.1659734100972643
0.3727276468486519
0.436845073980871
0.2996756895051766
0.23581342228291996
0.26205977922830836
0.3311650738987063
0.31322601331054734
0.41820798589396563
0.20233837883478611
0.2121920337742833
0.4545856055666247
0.4894686148393869
0.6580269741664928
0.32350173784287356
0.3020127066480787
0.31508387069190996
0.2846702979056852
0.284985790256412
0.08962188406644339
0.3456827529957219
0.21608962573145615
0.2784646398803367
0.35905867216931
0.5122936730350004
0.12827073147060192
0.23073202638617563
0.16947843153158237
0.3132065946254523
0.41137485659426576
0.6252623522428407
0.15057078398443313
0.24089634641515847
0.43565200265262216
0.33883502855001896
0.39478541887212476
0.09645040737248016
0.2396491215438784
0.5331899649587549
0.3128544636452017
0.17489439471001875
0.7037410196902754
0.7714081359467951
0.14662570855201854
0.1684489977875957
0.17138335149013903
0.15671914206875595
0.413882421735206
0.15057546702047023
0.18510718190071904
0.12219055752592521
0.25630287923257
0.44657522153708706
0.6347614954385326
0.3762806446037088
0.3812533662112233
0.16050424094493457
0.3749635066857106
0.29821943454937105
0.3374326101930128
0.2595272160310938
0.452537210055213
0.2595034734864875
0.15690868367778255
0.4893438761787804
0.25270904642636427
0.22718076018475059
0.388520562551049
0.18915095110606656
0.13268955711500244
0.6220192578808844
0.46259982808180156
0.2757053126169652
0.1644498322945871
0.5437465414066059
0.28860987952535605
0.22270111564239015
0.2627308565013978
0.3410926575022288
0.29991465445416743
0.4044576990369737
0.3667977234409738
0.16660097179583025
0.2633815899280359
0.3209104095447934
0.16578721205727773
0.25660305040250186
0.6080929272122662
0.1601477322341341
0.49722323951492586
0.21690616064300666
0.6301620953067596
0.47040331899710724
0.42073151330376074
0.14634679536760545
0.21000709713639124
0.575053611424377
0.2745129476076588
0.3865915035293985
0.22566253633785682
0.19943129010317084
0.28024396284652026
0.20957331588948916
0.16491026250248667
0.31890941374754195
0.2965395376747166
0.3774830712498071
0.7283613995742714
0.35712480598955987
0.42523417037018957
0.2820929101047982
0.36864792796645063
0.32372640393644986
0.30946241388090434
0.377655608504091
0.6139071343912276
0.3017398947940579
0.17999456905989336
0.337157186415182
0.470567594844458
0.13007212368298116
0.20661312646355057
0.17903929891112058
0.1481554694884826
0.45995230440111173
0.20680909556967692
0.3100372793674075
0.27642751675384564
0.11608499290472225
0.6053212454489746
0.24400122907813232
0.7394307791364563
0.4401643203386843
0.21756435997508142
0.12803055230623264
0.5561952719165543
0.6569830203122955
0.613780169437668
0.22383153811239384
0.774349396179108
0.44600532449920954
0.3913820417887029
0.3584218398868609
0.2838652455478239
0.3956302495675027
0.5278318307691248
0.24139213899851047
0.37428369177262144
0.3892122556613309
0.2873120799741724
0.48783351784797735
0.2618277160619781
0.2714631517756581
0.45538233038281817
0.4478081966690804
0.6683466051140337
0.38453766188977473
0.2157140980143153
0.6570042289177982
0.3017741409795324
0.4221579637026008
0.4188935903867493
0.20294121136831805
0.4419221425475485
0.16985732869995893
0.35385851161878595
0.4968287972737632
0.4921433538458621
0.5672894275176293
0.22469750461905152
0.48954472620113976
0.4392588136497483
0.5628695761131026
0.3769787353825031
0.10887796628614525
0.6406265430877881
0.39209776429366666
0.2710241297877825
0.18953839539323297
0.6315717840597359
0.39188038350019344
0.2427436473383127
0.25748148889582106
0.20540841283693184
0.14735930367582664
0.14179235969757278
0.17889541647721305
0.3542063758785611
0.3125148762851522
0.23649970140701693
0.45334983529000633
0.29232071032294227
0.18124147111719785
0.3155150588435145
0.21858814469575333
0.23193883978555138
0.5515684472125391
0.20241920350922915
0.3874458455080192
0.3505597893611796
0.2809154186603754
0.2977442081991789
0.7702857631569879
0.2964155635992536
0.3088196798201383
0.437908205178973
0.22619751455205264
0.5322107706717517
0.15051190987765975
0.2775408648795764
0.38206935071150866
0.0771935947263688
0.5773657139280207
0.43437405177113997
0.3106663093664541
0.47507200713286873
0.2446137006367762
0.23943402071051928
0.2801462851535296
0.16022720898476875
0.17475044168351955
0.4146606247778554
0.38825991961647127
0.16585523080102343
0.203843042630214
0.23196305273545986
0.3412370988228904
0.24006870296465593
0.2058779716913467
0.12307101287945013
0.1936413452520625
0.19294950625595295
0.3404371826695086
0.23600889912780434
0.19852473995474076
0.4053832069565897
0.44244442614604096
0.25625780317810154
0.3702141541953609
0.2960624971257608
0.3974805658283625
0.21787519512544828
0.23536583667783356
0.23594041654813006
0.1739892782213221
0.435130160712326
0.2271474164128461
0.38917803780371607
0.13929260678486372
0.19141146965780106
0.22738043245626444
0.5704157018725535
0.29512549075672645
0.3847053878535494
0.3988545867282873
0.47221274392156043
0.24803662690528777
0.2615431841478508
0.1771144508523021
0.2977495651096458
0.17554668908105273
0.4073626776517792
0.07010711314680325
0.37636083536582066
0.15274796424775922
0.28872414929623824
0.14731491709088199
0.20153329109709142
0.5426490895006193
0.15394885286991186
0.4161996584043299
0.2507044269122065
0.6987952051773568
0.6647443328184462
0.20956671137670257
0.21190812871938589
0.6345341451369116
0.2327857304431532
0.11205368763451785
0.199855143875821
0.5248895158335243
0.19886695954625716
0.31546096184578404
0.43071119289795073
0.39392658833996874
0.4776720061863155
0.17330942258629944
0.28404063511386823
0.5006108242103553
0.36473119665807247
0.15177832354234524
0.2985075801424549
0.3616624813522766
0.1438213549596318
0.3957700882904778
0.1743465085367146
0.2636861973761045
0.34252866875743826
0.46637603819212803
0.47756964894001375
0.18558282555850872
0.18487199046167088
0.3346912152521658
0.5834197833700833
0.4995885939644653
0.14757480364821388
0.18784457494944484
0.266678097132591
0.339931173995954
0.3871141840964685
0.17500398888399205
0.2784304020365785
0.26821641631390597
0.17162282400279852
0.23167486233403617
0.22962617620287598
0.15684298993610368
0.15506534349530846
0.549627923718814
0.3353828812920514
0.263810725003021
0.523536638559939
0.27447785532589486
0.38677110353581323
0.11978421758294383
0.16413429766895882
0.19602351823599065
0.1902224278385133
0.18764973334433313
0.15594492827400194
0.3493700354770886
0.25661610091170634
0.33161243436429744
0.17208940123035654
0.4718737013030623
0.08985456414691126
0.532715500450126
0.13363387389447964
0.33015636806872745
0.421580515323606
0.14306116826877777
0.4022033965288412
0.27047424430257927
0.37313350964633996
0.438771665645632
0.15248647167496931
0.7880247692448098
0.3274981050581407
0.07528121934819917
0.1311139237960566
0.18824264955380302
0.14531737163108951
0.11928536688481275
0.26052661811249006
0.2860967940923326
0.1372332545999694
0.3373726419928783
0.12881961576363635
0.31730200778537376
0.316856586508472
0.2889612965071915
0.6308042985395793
0.2924421136594469
0.5915522264126545
0.15569177966650918
0.1454662867607893
0.2240319302547295
0.20832187288033474
0.24966540141538845
0.12663507994323106
0.4246916714297593
0.19020170691529595
0.1509034151206331
0.2904676150995241
0.2797479565979394
0.15313934124604642
0.4870979722022281
0.1453470161682052
0.3996353759643034
0.1610887290941407
0.26541437408004026
0.23244957283357623
0.2673593216098662
0.5216670798881557
0.18010245114590434
0.16965119468031006
0.1821639170647332
0.5845235258606603
0.3457087267665192
0.1664821953943342
0.3230866368705552
0.11736909625897027
0.1706914735035665
0.4592166117690184
0.2523390143386066
0.2680834872311963
0.2879940294934524
0.40347066463298176
0.32306650074206333
0.2501181337048771
0.16350223503524292
