0.4605260725854472
0.45731844147449957
0.3263526927605271
0.4618429829469757
0.3404500534217217
0.551851469749126
0.5581223229528278
0.2786442498133197
0.48924828611318777
0.6825570494393461
0.8999088156192608
0.6394479898662524
0.4161216751316409
0.5292052384872777
0.8516902524843277
0.5815100632217501
0.23840589689973968
0.5032541266308267
0.37408478737923717
0.6114489373905775
0.35125705524476997
0.45740706326449415
0.4664846465918283
0.4252754420482056
0.9109500418820737
0.7273134256744875
0.473581199778096
0.44881337960602974
0.4705596197240757
0.47745499098314503
0.41252666122983983
0.1795721237137172
0.5464739716754112
0.40958602120865
0.38979201403775987
0.6106151477942434
0.544732278606592
0.620306547361173
0.30606234063168436
0.4469616052873579
0.599573104446308
0.4327140859053705
0.49142223741905733
0.6588228007301731
0.4266504973588937
0.7157605683320769
0.36954667166276123
0.3769829446030416
0.5471112114452538
0.46974238748162156
0.43194054569936613
0.6835320798685686
0.30681633891119126
0.4486695339398999
0.7536977809243536
0.42853737560780786
0.2770022699549213
0.3116828655976123
0.25535142618552453
0.45829802208703013
0.29299835765100923
0.5821772716680915
0.4052230848898181
0.40550312487658663
0.579641061677079
0.37505073142788486
0.40357403134516506
0.9405831269103764
0.3581646024796213
0.537731758075408
