0.25370710330441537
0.23239265727547315
0.3197244248068179
0.3228351200676248
0.4013257356132497
0.24784792975401443
0.209728783550765
0.37987538223430284
0.28214833957159846
0.24952515646816587
0.3414108095598473
0.20710160418743911
0.3542570012396921
0.3500630967247142
0.303237665269852
0.41542725261550123
0.29513408038754463
0.35354020227221544
0.2524959186768346
0.21013662195573915
0.20143614808746235
0.22617745990788943
0.20969225192459015
0.25968838889068757
0.1925936650770694
0.1312629985907325
0.28619194291238825
0.3135907298273689
0.32777183487857975
0.3284303476191294
0.19888456461639112
0.5089282722904213
0.38052751230089976
0.5292203807726972
0.28584935111545007
0.2982855331905573
0.2819541679160232
0.29372888962525745
0.2113618580304785
0.28460952152741065
0.25654036058877067
0.3072907122494064
0.16643946150907485
0.21114133944847976
0.21461208237267917
0.35259379005718106
0.35175266232214913
0.23292586057608652
0.22943884519852953
0.3444357114339016
0.2859866990273761
0.42816514784960114
0.3022185567398062
0.3615358463448021
0.2817425137368431
0.29833953691642734
0.43387597976349307
0.24380300853224754
0.23428067997017998
0.2701532139831714
0.18237683606623198
0.18537888942840866
0.4621806499729944
0.24788322610468227
0.3365967716874514
0.23314782053342378
0.20775439737715412
0.2621642245777678
0.38984413208941265
0.5106580816748173
0.22189790286270952
0.47898889936900385
0.2862904810126683
0.32977529968321806
0.18262204301519624
0.2268060568218012
0.3568447463466864
0.25169847100230613
0.3495181762184981
0.3022842754278761
0.34934835666398734
0.2740555300965283
0.1600881412311883
0.33969288907221934
0.18693881760487702
0.35531429338216947
0.22020179847607046
0.285508414547045
0.35722288175068484
0.2290662877806761
0.4551471086194224
0.3100049091773901
0.14618830541985156
0.4097812982156515
0.3306180099074869
0.2526121979020882
0.31293334323756883
0.22287409447895323
0.28257359027587087
0.4245195060924022
0.46168114079394934
0.3101108105626984
0.5219166515496867
0.19824456165301013
0.38809070170747056
0.19709001672899393
0.2896331606691003
0.30524312758871175
0.25209545596376204
0.3536436065331736
0.13978325335312175
0.27595694426861106
0.42523139297996937
0.1785502297391117
0.38781378017661045
0.1868266729471226
0.167533224802277
0.20253416810275088
0.5043309610104095
0.26939320140348805
0.3247488469784094
0.46567486211822084
0.31205984943837767
0.2992827445179022
0.3104525009037841
0.21323618147819992
0.3493810941960568
0.3035419365046141
0.31725984512651445
0.4486925137159764
0.62818324743738
0.39911317799039436
0.2498545419816283
0.2272331566096511
0.34141410103292374
0.25936702252211047
0.24975250841742827
0.27616550758012937
0.31636795489585146
0.3128002260880349
0.28967086277336584
0.3486847433327215
0.3583765054849623
0.5070080256430992
0.4970951840916271
0.20654574879908175
0.3984758050249838
0.23024311311756399
0.21797799660087286
0.28576170442669535
0.30218983799856586
0.36579136926410827
0.24304206536469963
0.26336061609804
0.2906723125622113
0.3160739938060564
0.25266112158897897
0.24870571174906847
0.32352985581365373
0.25938489786427954
0.3575303977566564
0.40614871245647166
0.3086472840110716
0.40383923701372765
0.21082128613757664
0.4175072260701701
0.31028948252242056
0.3167108916497253
0.25775779266492566
0.304749001316363
0.2922670800823583
0.22515777751935082
0.21529324165516137
0.33835809383397697
0.1799680348292664
0.2583999860136905
