0.15184943830669492
0.09783324732957771
0.7098012751341107
0.2851711327448091
0.7854437784390826
0.3187857233173375
0.19087934557432615
0.28286287160156226
0.33510499886252765
0.28402449514409905
0.6651660500157919
0.3934223380696008
0.4122020991078244
0.15603752022953185
0.43944236501435946
0.13280275632108776
0.3001264305511815
0.6652290725811283
0.16134935457603247
0.24075176774093923
0.180236529762955
0.3115402962950374
0.2947894733425979
0.3688187676814302
0.15392028232362404
0.21271628912983573
0.2423303066977172
0.530211476362373
0.8023304405867216
0.13712487672646786
0.4734084483502816
0.17515215812683263
0.3670889654696303
0.1612592514640884
0.341232241552302
0.4150253898685404
0.10547812088830504
0.5448386336501483
0.19479386649602481
0.2607748159505615
0.505549233078608
0.6838548459453248
0.1267491281654903
0.3206023272562167
0.40338255840766934
0.28021818826246814
0.3622863123436333
0.5527107858416346
0.4548054390010731
0.17995163615454307
0.1951487140056412
0.11380389399091242
0.38450061655607504
0.4533186563664779
0.12689414687159284
0.6263216760620771
0.4646507015833673
0.3917304064755167
0.35219111534108527
0.3255331114829218
0.3043089034030633
0.7530362683438392
0.46668211869234294
0.3003035375587073
0.1782931867562344
0.31967486846688886
0.24609832486798058
0.3830644212792156
0.5645981512460013
0.24506807161817445
0.43042956575877894
0.41064152246338276
0.1299514860509892
0.36868624440863607
0.21021471468973596
0.1350873574490759
0.40554448304280644
0.19767984020391857
0.43165972149436854
0.4575704070931484
0.41147056344977506
0.12608644281312903
0.5007805327504058
0.3243624412491284
0.3426245388497157
0.2813837365465827
0.11545875144915206
0.22745593114305282
0.32525937972440083
0.21356356517979044
0.4275992682227347
0.3940703297263763
0.462327149259797
0.3126150238973955
0.3307274360477976
0.2057615058792243
0.15963853446021045
0.8092595690219432
0.3603130216301838
0.2513915162348702
0.21672785245610304
0.4761979085880067
0.3626357300105676
0.2369356682899104
0.2174136730295098
0.22298515404648633
0.3654365735247589
0.41106246780547845
0.5431728392587528
0.09097865793898852
0.19719200175682589
0.39926189648555294
0.24158311673101732
0.43844917785733195
0.22554832029841648
0.1406316423952249
0.21479040779977657
0.4337675666500404
0.26054590178058995
0.9305585877832766
0.19159666427112368
0.35629069501603816
0.2528511927872879
0.3678709205346595
0.6025965453780483
0.3067913754905795
0.26548223920456365
0.6554280493417817
0.34982226316600745
0.231892486751344
0.15847043443195172
0.18141025537937916
0.9022632170973648
0.33067482620018057
0.3649667213075302
0.42027624192576263
0.47807536789233834
0.17319483051822068
0.5888052583759971
0.36453614674501433
0.19035987356585435
0.2449888803314779
0.5640212462055442
0.1941455155405285
0.18883578992427136
0.200389172569284
0.39345591742485914
0.7727645574575016
0.40021175584540225
0.266364940362541
0.14852096550624738
0.6872396641016079
0.5314841412422664
0.25655010524541294
0.3418198655188675
0.27331014464540915
0.655682302258145
0.3039247362448463
0.31056880141147825
0.2031283846330027
0.29984710856129176
0.4758426662885821
0.3212554619295002
0.5713372772115666
0.8235619525561303
0.38671024990196484
0.27786407285315
0.42566080674784207
0.588408332605019
0.23372674058198722
0.14650771898620008
0.3705513494676665
0.13703829884601793
0.558479965725299
0.3574364907599986
0.6309053268533039
0.39307027832357405
0.10100945846325056
0.6841052071027871
0.7460560372909507
0.29589324093466096
0.6514313536298395
0.18228595139817966
0.16054619232600054
0.5878322101566518
0.3094081362475991
0.18481241502394566
0.5401001909657014
0.2851440073099714
0.40391406616638875
0.11309920141989878
0.28663718130016674
0.1999483044219187
0.1287266923294621
0.2577338429906205
0.24472684142321507
0.14610252195886195
0.2643555791355042
0.7593680952098617
0.5242762288946013
0.3834351594678099
0.15386221451338764
0.1291867992248439
0.1360975893496926
0.1904087908915458
0.2445543692636726
0.21512857240369954
0.5744216596250732
0.6486500837670911
0.4519969722712246
0.22705277653630454
0.4443263546287631
0.41808039645114226
0.18763701517177114
0.5332793500836004
0.5904218056042813
0.4781245269664751
0.22251033599748782
0.1676882898837076
0.2286628646097928
0.1616969855138862
0.713233855921351
0.2573909447332272
0.48362856863751674
0.44390950394428336
0.5249947222084036
0.35526908222740705
0.7479020636780975
0.8084407037101018
0.8326112055553064
0.13642785255980933
0.286600109190314
0.12111606480724377
0.36311088092264615
0.22402672391137918
0.7521541143531885
0.26347591444931834
0.26267960648172534
0.10398080929691711
0.49237921629565956
0.45393486202580763
0.48301303054919326
0.24644062890696136
0.30033377168524417
0.279624001155465
0.26672473148715514
0.5456825786352061
0.5527455694547307
0.11249147456585057
0.3014340091563509
0.7570003741383678
0.3511491016750669
0.5295777646147111
0.3933651585693579
0.26333982647358006
0.1621262302477693
0.2608411341350873
0.42031813584177774
0.30162922374091483
0.5212860527188105
0.48983830251685745
0.3924366505912589
0.3291388009544519
0.3320788815141868
0.4311734050258047
0.4743535698042501
0.20529287790849
0.42421711525633604
0.2192063501554741
0.32193619645178556
0.7237362743564008
0.38510873407602225
0.5614011556512912
0.7322456687560619
0.19383989477252264
0.23099198056848527
0.26738847114875836
0.7524769766933191
0.310721121267507
0.23437170332336932
0.23961525269913145
0.21269058419442993
0.38462998069729437
0.5408843820221765
0.2703588057628574
0.40246137495210255
0.4809167572354372
0.36413128331376693
0.196468779902766
0.29427291301951386
0.5049910197499372
0.3395149471824812
0.7489299532743521
0.22338440888702832
0.14402794804975988
0.21063120267598934
0.18500823693468532
0.7936534396163513
0.2523175371327576
0.179403722098797
0.10803125529621838
0.3209369298870749
0.24772958113256857
0.21447492422413322
0.09310592669991752
0.7774202260963832
0.13511809875773628
0.4523339351646612
0.49062403413415895
0.5570230504706055
0.7653520499308161
0.22311272956497208
0.22542434691787933
0.7555143584438438
0.7638298120641184
0.2021339245104705
0.30056467326401254
0.5652092665368563
0.3900626323240245
0.6017805824445921
0.4596777845211846
0.6242828825394284
0.28357354817962754
0.2016849001388671
0.46230336048025444
0.4090953160723546
0.4065016004100304
0.7226891662898339
0.11514573635143126
0.5819645264040676
0.18633668418037366
0.44208477849177863
0.3632885239775622
0.3340755717692944
0.3618109403090061
0.18779824451948982
0.3976048229172773
0.572696406396692
0.6006288790468584
0.3847627692572348
0.14868597508743064
0.270593556930624
0.5010586356229109
0.38374449626266677
0.2917367169993998
0.20013531078562163
0.3164822423263103
0.4640403539639701
0.24869936454883998
0.2591522321048334
0.12679348037136223
0.2528456678098443
0.2710094314727111
0.15890032972771476
0.12216104417054953
0.3531947601387347
0.24945650327797422
0.22990671087706901
0.6967052830100333
0.398814144537555
0.17895615798933842
0.20062590707411426
0.2159432984659646
0.35127203675046886
0.42995069900692334
0.34243672053993723
0.22293172985966508
0.24011589158529378
0.20086194392286197
0.5786619624962994
0.6239966996912432
0.1905602450689613
0.304996792163442
0.2058379130686418
0.2959238972607412
0.2362911007396426
0.1879988817022629
0.2713272121146077
0.20548453649010073
0.34477000098277943
0.8373311646506344
0.47674348103501496
0.19999757370162632
0.5754541547663911
0.4316381361290104
0.12893668075915712
0.37055111010572184
0.3314699436365628
0.425897387888691
0.2656707208321551
0.119715300683327
0.3143670052313103
0.2717043645118175
0.11507448671093143
0.33413204328794965
0.3324648659520859
0.42425596816648753
0.16406975470910176
0.3502716676708451
0.7341666088821429
0.11199746289869193
0.31781983928626356
0.24389645157732112
0.26667491266930893
0.5799792556463991
0.08275282465118187
0.4080102559863236
0.5277495316958403
0.22666403361734414
0.11145750090852166
0.33438394297171564
0.24770719793967924
0.5959690473872529
0.15147015317246468
0.603208814692313
0.41135329210196475
0.8117355319932557
0.3011645102980664
0.14730139657312202
0.43244435421899413
0.2385786464912237
0.26637916239183923
0.2868739711883074
0.17027603932389956
0.5064147986509707
0.3104313402706332
0.21643596567932055
0.49226795969999204
0.4864364969378842
0.3246623461634866
0.160172839786814
0.22970326699946722
0.4137901569552276
0.7638335865059984
0.11724480745441242
0.3679837868032046
0.40395950465316177
0.21572240820259916
0.19882755424587636
0.20445363767622224
0.21196753688714232
0.3730973334976716
0.12364947207238881
0.1474599782129833
0.5080371120879735
0.4796049871608124
0.3398735011039103
0.5433181367216159
0.26658255671034725
0.25109481672777306
0.4437864420474896
0.8802833983618802
0.6465776794734941
0.5444060445991424
0.278401465579262
0.14184329800382903
0.2672814160924389
0.3388505083885542
0.8304085000103263
0.22408054040216804
0.5381105603371604
0.1704724018628253
0.20015417409227979
0.43424568565308785
0.589839129244175
0.2531282540464534
0.8196601914171076
0.2697810545319946
0.5059796329893226
0.21689851392001755
0.5914896392457638
0.6632844007880551
0.5288476391295295
0.208939829831905
0.26300771865926126
0.41478694429612323
0.14669570055707498
0.23920526772883133
0.6603312668831766
0.2428863811905709
0.33251953445131316
0.37756382449661247
0.5611927955084264
0.27302805229790467
0.1946018272072161
0.5610358366625134
0.42312743860812063
0.28954152677151274
0.3524326621155801
0.5747513150348783
0.21095063420288795
0.8511321747807676
0.3183229414726672
0.22523253332901969
0.48151814698151957
0.33113407237602227
0.3789009011618818
0.2661658600497019
0.6311795570107153
0.13423662934574745
0.29478594083018916
0.6655044904485724
0.15656976113859947
0.36775329349011526
0.30402282441908013
0.13105439722413018
0.18829427155309506
0.3834556774424058
0.2263065112856518
0.4625260387100255
0.22085631701233494
0.36658135960939914
0.44630185385645893
0.5761315234681883
0.6524963287547801
0.25971058208619663
0.397850934913892
0.5171945987849409
0.37340461161990635
0.36468809696593474
0.15717260354386595
0.24391704929906624
0.3962049557995469
0.26957013426970383
0.14339465689911937
0.10888581738537098
0.11677051136421832
0.34089039356521933
0.3572327643624534
0.2958933373190815
0.09483026308099197
0.2117315272821118
0.24471705720563705
0.38298761909565304
0.35914286640398113
0.24460531102820932
0.7772535450905641
0.24846737692666546
0.4720940708949641
0.2054822118186665
0.3236281442679378
0.19799745610571765
0.46972601072800824
0.5182718402744005
0.42153076099525644
0.4744281705833664
0.6324474923128515
0.12919597935505833
0.13279197375636348
0.39827763985578885
0.4697266211564608
0.2729508397198274
0.289377689667138
0.19423564752198266
0.3162375245523487
0.44374732775735554
0.12020042588580417
0.3540406953448501
0.25841013075800773
0.739901210195298
0.45284262221603416
0.25780538997257807
0.169314815687754
0.29762669342974135
0.2686279653740295
0.26784016259005783
0.4573116934295868
0.20241840587037488
0.40711181946577385
0.34699811200351105
0.2709202524569803
0.3743722251057544
0.2750492650977912
0.41221227184946446
0.18930407765576235
0.10969259199706546
0.21776723974036594
0.11785227318166028
0.24441059346069174
0.25018588924412094
0.2210434790452746
0.4559010359922797
0.18458926409375642
0.2585946613393581
0.6753211295877215
0.3250266485065002
0.1353778532991858
0.6575316939015943
0.3100864609342483
0.1993598575866271
0.19682383438193357
0.6804330642668415
0.2554141796506752
0.2654776627677359
0.6360578299512656
0.2665579558192942
0.22059170431812558
0.3034979779261644
0.15487831958687728
0.30424006548583044
0.3198369432958721
0.6044328104843946
0.8107395049426663
0.19473233054705658
0.36536622727545653
0.2242126265845174
0.09626508112053368
0.21472937679048068
0.20412949548785833
0.18117036860749006
0.21947463922466803
0.27413405700507526
0.33056421821329757
0.21141694566441727
0.19332652009111004
0.34005849701021634
0.17097709563274968
0.1540564380880114
0.3464457998115938
0.2320808681502942
0.8493659480648384
0.4173733942400107
0.38607412407308855
0.5574632449443422
0.09865477891871081
0.1771714567406909
0.3463944613543546
0.30151125201417217
0.6264208426970117
0.45671519893596985
0.4745272370758982
0.22902761868190213
0.3505471081296643
0.4175547557606967
0.32671557182844996
0.6100465241164857
0.29614731932417643
0.3555111227585526
0.179673940472544
0.19983613993632077
0.711590137342134
0.3583929013523665
0.17737737729727898
0.33988035917043385
0.32325722044008387
0.36182212835711114
0.6286600191405599
0.2580625309494922
0.18343648100219284
0.22154995794257448
0.5603943452886587
0.3555153066440162
0.6951818534111781
0.2772042569934097
0.25666698463535714
0.10280766717763695
0.20071518691891121
0.3136229322389414
0.4921748138692724
0.1831529371391446
0.1401355857856435
0.1096072944021958
0.256945138661802
0.30140967200568247
0.22128874352202021
0.2886255033203541
0.11558065018365227
0.7127875837665338
0.1622686435836737
0.2682491101988397
0.49478535812251706
0.30383925457025424
0.31376758917993725
0.22138449007102576
0.1538036285823617
0.386653844021264
0.3311002738203078
0.77613792056092
0.3122745736779244
0.20534879487854232
0.15664937098569529
0.43874366831767403
0.7650784304925585
0.14861849590318393
0.3583529901787382
0.3114680248863104
0.8011355392209332
0.1056764083066693
0.18723804355037024
0.44851280274406297
0.6042793422971836
0.24343275961772756
0.43463003778638365
0.12308545845654745
0.24051802716107618
0.16754303743879317
0.3280519068251923
0.4560820038544137
0.30706146864576256
0.38536073392905096
0.4763415362977965
0.2660601037045022
0.36279879969857437
0.2358807739297034
0.5373693536792579
0.1952379675721614
0.47875551490947055
0.8328203249228313
0.12035573181493112
0.17943914836855646
0.4073067292201307
0.3644544412604102
0.2647972017163231
0.2253862310866756
0.2814166936394524
0.35874026738117204
0.29105155941274047
0.16734538099199278
0.15747247472200904
0.3405169919891265
0.5030484326593506
0.4760253105945066
0.48949295634539924
0.18738156757599106
0.8813092281077388
0.08063821543458663
0.4428260660761244
0.20847974014998338
0.17896817874386728
0.4687763085685843
0.4596709830448912
0.5037667328404452
0.19027653181528442
0.2105259228645374
0.5933215653610353
0.3006536042217152
0.20580143573684206
0.35755084270539333
0.8855466810741405
0.1695476755515204
0.22455979880326593
0.2943088557962206
0.1944123836489822
0.42882560243666434
0.20682931432396534
0.26712860848087483
0.48668399688350233
0.21614615713251611
0.5193059224780862
0.596458181752043
0.6393875500741792
0.4623653646179577
0.32563633332327085
0.43417072498368153
0.354117911289696
0.495527274527172
0.5580714399451155
0.3032950607096718
0.16260691695708682
0.1001576600643336
0.42601276384204045
0.18909523897000577
0.30827057914678363
0.8875907546966516
0.319021073390647
0.5357530798460779
0.6833216185062252
0.7609842525967129
0.3574538265305227
0.400119196960224
0.22093961360940528
0.7975104548082251
0.25899692103454197
0.6477672712858283
0.1259954374736259
0.20467414276125523
0.8373967437739942
0.25455000720564597
0.2711348191282786
0.22902282167094298
0.4843703351366197
0.26990294230495404
0.35490220734815087
0.31633364322495383
0.4667420425923096
0.2012386032529325
0.31839195431587397
0.4855275991325581
0.6512801560504009
0.20084095410607647
0.35786595952136263
0.6707191169352814
0.40131117224364926
0.3145222713703098
0.7935499680377444
0.3326272603232041
0.4676371022736172
0.6564993145401695
0.4248095440341783
0.28945121745447033
0.22526219075172293
0.17449789268678714
0.49347104964296257
0.851638175727413
0.3149058405093945
0.48629005341302867
0.43136072510452594
0.34338879481370016
0.10122079078941808
0.4158595873373509
0.5038845779592697
0.6629790862979495
0.12304435146979369
0.1255484902912753
0.6145455396587568
0.6093146520017453
0.22352184679740364
0.48212063106570224
0.393901007857447
0.20528785518796297
0.3696730545446494
0.10077275786088934
0.3513140328263534
0.7846841116557824
0.4859602540523616
0.7395383398658072
0.4395783901754558
0.3337181223462863
0.22436088989673392
0.24459057390622657
0.24486845902241888
0.6351112204127312
0.28897324579513406
0.2726671792738686
0.5509290347228654
0.3121484589669524
0.5339374488502051
0.33733021158884885
0.4968896510963534
0.1773043108187248
0.19571181869939192
0.4357578828252292
0.3245717673511783
0.5796288977074662
0.3737146591119188
0.2720404991520642
0.3729299262618214
0.668435002714624
0.45584051325762587
0.1597878531936215
0.6230577516773402
0.18639126339812373
0.2861355734939511
0.4000359581629697
0.09692145114078535
0.2648540023438275
0.38617554406040205
0.22801027828119527
0.36557057152485406
0.1754518995336646
0.15483607994912874
0.21175066371331727
0.17637671596923044
0.20014162426388174
0.7876157858128909
0.45294431467527035
0.6854699653976045
0.379793215271711
0.4506612384086209
0.3662486445282738
0.3910129187827032
0.32739947137015174
0.42518484400466494
0.11288545011011154
0.25330416421135576
0.39210448638141526
0.25230254577421274
0.4645546991560272
0.5031308696150903
0.1684544350618678
0.18858141517527627
0.6313183873203242
0.15536737667917866
0.21230205333934787
0.44426092613098955
0.35471811148754456
0.16576503119654537
0.39651901198771916
0.19353136791858544
0.5519591868311281
0.5682517698836315
0.37728070262242985
0.15634494994122256
0.26795692488030765
0.301386440893871
0.28838876363009597
0.3378695145953817
0.7151658663290439
0.42383136480185724
0.23915149465193106
0.35002846908171964
0.8773344473476284
0.5170901339487334
0.25232401338092436
0.29830701847643903
0.33705809351520416
0.31320910938316704
0.3035502052168374
0.2722032394297962
0.5208792361044137
0.2685411557686567
0.37846312517752867
0.5439203574350705
0.34901694253590576
0.22051748123261386
0.4287329159641763
0.2605162479356448
0.12831228190695979
0.1875224698993108
0.5525659500489072
0.46694005603636835
0.220200539893907
0.5674207843546345
0.22373037993145592
0.30479115975839866
0.3032454477455294
0.4223929196990498
0.16094612241634962
0.18687419586393952
0.9204140868033149
0.33165861249746453
0.13600417996252198
0.49728181398033555
0.7392942156605405
0.30074196145099447
0.3149943655458753
0.21682337331856386
0.2684578853793702
0.22279271784481194
0.6431671937478244
0.30152858264924637
0.3505866176758659
0.33874364176157923
0.8368423534484379
0.5951631312045625
0.19328237855909314
0.40253591564806873
0.5231101238605488
0.3159536144906723
0.1906344095540234
0.22489468466210502
0.20105379157087114
0.1069562514921209
0.3028077688124854
0.492512989082305
0.20509303881113766
0.18960398472076015
0.19202892915379682
0.17266615233714852
0.29489584853594714
0.43244542627220217
0.29995399304493703
0.21459868502742535
0.8005800182143209
0.32177441453824285
0.19750569765447817
0.22750204680262434
0.15538800514472662
0.24020181960978723
0.6214079927599367
0.3745601032730431
0.07251544129564853
0.13928084272146654
0.5898949436341739
0.2397501141233127
0.3588860341516723
0.2606200952827493
0.4867613941677199
0.5019312688387971
0.6154257993385797
0.25570448860328027
0.18422957906553844
0.19979415771807613
0.36785245496133734
0.1610168230588771
0.3892628121831945
0.6689711991744406
0.2847664968202421
0.4217150702930164
0.34681107074621065
0.11127916564709504
0.7679716145516434
0.09292820287666594
0.7515482670999
0.8562501599290748
0.5516200927247927
0.17638830210339898
0.21230126285333345
0.3332642027112306
0.5113884340026864
0.5448794348612659
0.270763683257039
0.32159840678397505
0.320667232754237
0.28553319571744307
0.14030046316486522
0.47639251993319515
0.35578545041338294
0.1899740176892185
0.25623742278925593
0.22698324569419243
0.5565165813534584
0.5157251484291258
0.512593584414845
0.24485028516057053
0.5561068443750996
0.41191314484317143
0.09905231005572988
0.3057543236469788
0.21176106839164563
0.42863676288660707
0.44972197215390364
0.24833723274171202
0.11354303806234134
0.4021038190606725
0.278564132122416
0.20949164291658876
0.35244176343367983
0.43718156107512873
0.3748932628421343
0.46533293117316016
0.4414048541562636
0.29523743913751965
0.35413814604278615
0.28505743582937876
0.3873653525454074
0.24370190432224814
0.3798506698221612
0.3643961549437419
0.4445437336911867
0.18390024911977013
0.460006357174748
0.3193757420144263
0.2152261386022863
0.4143764526349087
0.7030614959584354
0.43347308319541894
0.4231892607635745
0.37689925222840664
0.4740305857205055
0.29948255148995945
0.3467676280926119
0.5774044893502845
0.3215182234404103
0.3841002188956458
0.22424478433812992
0.5948406102837833
0.4416082487843878
0.27231426092131344
0.3453883866917603
0.4184153903006855
0.5149433396422631
0.3990747324258366
0.2575437544458989
0.3357674465353224
0.2218005740255702
0.21376491929878777
0.62713934813892
0.24607216153836337
0.49675830528380216
0.19518815231042363
0.6039706535123303
0.2116242222687811
0.16612028022305922
0.456892581808995
0.5543135753187656
0.3660503090575744
0.6494722013823143
0.4483006339254812
0.17354391697524527
0.20850773702646536
0.1646975696817092
0.5006420190516058
0.16522559139720375
0.2819430306025087
0.32314929223477495
0.47597527287300717
0.41247547749883384
0.5151583457568806
0.21079656588556225
0.5030755682711079
0.2637620825735507
0.42289142986353434
0.6272708057381339
0.3961314554553606
0.4308188225359852
0.16066221634081473
0.44609287854505647
0.5146360956009682
0.2916823974753397
0.4879302826358293
0.45025830545459683
0.35789270845998405
0.7154052777885571
0.33620239418286335
0.19251094891493775
0.3542072505597577
0.40402939671506044
0.4749177678591483
0.6032307318378511
0.2266586014799892
0.3072092999846692
0.7499255793672623
0.22727740603642194
0.6201859810984754
0.15454358182587333
0.7373270850533917
0.5050764909179895
0.17884176846839547
0.11649069389763807
0.26964891658854057
0.37902605698431957
0.14228279516039147
0.5896190369697719
0.4822952187261959
0.5134409027743243
0.5400834542102075
0.3789965316120543
0.5954049939616953
0.3500528512192723
0.163894721472673
0.4120721640863507
0.1692707021861514
0.3960757785485252
0.3256402611454256
0.23142185234780657
0.21425945091824802
0.08686610644973222
0.6768915483048881
0.8491740114382696
0.6696159729619049
0.27376082688008513
0.16258380386568808
0.3148023286600717
0.6972338902787072
0.7121486222818819
0.3400652768950716
0.13069231378152393
0.2886576989791424
0.501260554802298
0.2090557567677926
0.5408529012852223
0.10212644122547344
0.35269493978828276
0.3832031429634561
0.6987991669017452
0.5056712961451277
0.3594088151311331
0.5859720851927103
0.14277759559192177
0.3250153804691597
0.09711200763990145
0.6850098505503333
0.3512764614394093
0.2850224823744804
0.3491999621505115
0.21770780417248675
0.36766798942271706
0.8564282894265558
0.22515463598777727
0.19314307220981564
0.20649696386117036
0.39516256029446245
0.3950700032332236
0.5981548948234846
0.3067596919911912
0.3019978134063982
0.2228093860979951
0.4653877744292633
0.5176450657256252
0.30893274798798537
0.13561288809613017
0.4022427625947939
0.17542484898106628
0.2528157185027188
0.6388243063993212
0.4039687145455686
0.23833377857253035
0.18199629921196098
0.19486411860425365
0.34178895071762716
0.7177847156559748
0.5929236582116151
0.7915694001337996
0.22303911611306076
0.3079986908908684
0.3130955517778844
0.2666047070943072
0.17471761639183395
0.42555040110807413
0.08718174009934243
0.23415738565851904
0.5346784161569461
0.18963255071068463
0.5377966892143944
0.15120609773692922
0.3493292338952647
0.2789040278476504
0.24556221173184298
0.7809114115020035
0.275545437392389
0.1758424161925923
0.7350194235256676
0.18592588228943674
0.5585442418791476
0.380619429899866
0.27956998274737654
0.3807887006829851
0.38583472389128304
0.5680405278355648
0.17462985966186553
0.4456353366796861
0.23274291751812295
0.2030850874728553
0.4578255594002838
0.1540987956271293
0.33964421083830654
0.5608303810946613
0.712156697368993
0.4195451239174314
0.5782459240582879
0.2960431941559854
0.29337857613529306
0.18637260471383327
0.5164506060598101
0.20769779905449595
0.26926499384818076
0.2935945270334202
0.2824544106113297
0.4511208502568864
0.27913401675896454
0.36542730624489783
0.10960703268134107
0.11680472102030083
0.3586795518488949
0.3177430981111544
0.10343927499122801
0.16991610857822448
0.09348534604674255
0.1462599897963788
0.30138013854381956
0.3770388107916324
0.18134519761417678
0.414343353240021
0.497306751514
0.15685801868080276
0.44292466920646484
0.1644831683770486
0.25870460186955807
0.16299465559243248
0.30434356879987456
0.1545555177198397
0.09827019476417133
0.15491427225359725
0.18947039386633024
0.34356619807852384
0.251922757452086
0.2407993720487718
0.5652970658311138
0.5144573663916652
0.20244312097928985
0.3338014281921746
0.18116700436795535
0.15377054037283228
0.25002443078324244
0.1253306044616485
0.31534368427735393
0.4181257746825385
0.3166498371571762
0.2553770557402356
0.3020891521749808
0.41246662534509393
0.21490983474100153
0.07849448437568507
0.23206281633244139
0.4260336298584525
0.3119608800219015
0.2721309105204363
0.4736242285685218
0.12547009816026197
0.49573446957841705
0.17460089843003423
0.35150911751601144
0.2995253061442106
0.42082135650243774
0.4981497250057049
0.20558730306166326
0.17149196699254624
0.3860385095425034
0.805562102138274
0.26291908691687454
0.27351462602028553
0.3432167875538037
0.2575609049165164
0.24894713773699403
0.47525852893157594
0.3535605276860254
0.32967895774344924
0.2613504099043728
0.4272205764459067
0.21038528315003713
0.4307683039295731
0.19021960139383887
0.6106009868058557
0.32478300117739367
0.3144482074512316
0.27783927090254573
0.3939595978967082
0.13509643789678552
0.305766437745191
0.3596036379245197
0.45208815033069205
0.6145477128927115
0.5138694868985909
0.20314366215335325
0.259745956064981
0.4489741738570841
0.07398201962695565
0.14751636049879954
0.2889424238120614
0.36310321773127036
0.5656931392011462
0.754099854683585
0.38748605356914323
0.07930273993916047
0.7974692387791128
0.47583399595291537
0.3522459192841786
0.2746598970461069
0.27870194456144615
0.2059584840725625
0.12092072531424294
0.1819892462193049
0.14979663020813322
0.08683216564242847
0.2981040660512766
0.9851491963426835
0.16300147273087817
0.2842213416170755
0.4918853804197831
0.670628445568813
0.39487215985338076
0.4933750763214655
0.18527642442565445
0.2621248522783066
0.2812302533309674
0.39080950723178665
0.22854038493725645
0.1448259376947977
0.09872776151387733
0.5386109765150293
0.4587055820289529
0.1820697159882226
0.13814515708628888
0.4123553621201323
0.23401462717589575
0.26823691885775963
0.34108562502587053
0.11959016053990994
0.26744103772171124
0.1593858219585981
0.35259998509347634
0.37302655581918415
0.09997716769470244
0.4707197586099651
0.2700325400699469
0.14876218740396221
0.2741514926224542
0.3714230579220942
0.4071116942810764
0.4948079626178009
0.34824534119966233
0.21946821050761844
0.4742671721282541
0.13638277735940807
0.29752496075869606
0.6089660436318898
0.4390798956975228
0.22664394793401538
0.4201793156186131
0.6723986896103663
0.482511427101191
0.24890134106269488
0.4377639894488665
0.6528062252746513
0.19096987422668255
0.3047647459235211
0.4298299283155082
0.12343578112719333
0.3441983728271395
0.29327127960419735
0.12487130490856072
0.39347511658629436
0.16625589316557265
0.3640869595321281
0.29318739133656085
0.31201691033831064
0.30721026419403913
0.11328083826738883
0.15260785641037306
0.5417984755851425
0.22586970403908194
0.34298190722320115
0.23175195563876713
0.4586993793114738
0.3480044490380898
0.24872830113613045
0.26156917488393244
0.3734426237710277
0.7716772651091779
0.3750154420675342
0.2642536576472542
0.16228420108744304
0.5079976854838751
0.24011568981787695
0.08806372575316322
0.17474767244697553
0.25619300077412266
0.7492777157101713
0.1394082864204814
0.30877629180019894
0.1575602389254454
0.6908597270932307
0.15548413097481867
0.30995108724148956
0.25366920166275725
0.6115659900868022
0.2394319832520663
0.31740171422483376
0.31631948016184497
0.18510235367294808
0.2911066095079775
0.20641809281270618
0.5993455458160434
0.22337701416993638
0.13048782050721877
0.3593856861698303
0.3649698246472346
0.35378127676912463
0.3122854550180903
0.16426199282286508
0.4653731367615113
0.09742781812687663
0.3348751541378927
0.20869323018173566
0.20657097645976288
0.05525499216568337
0.25077624475345184
0.28654137996037354
0.3947224684246494
0.656575039071422
0.2894741469356701
0.20068139831490195
0.16445804685337506
0.42328158232020135
0.51276461922789
0.1727024832783433
0.09113248013320167
0.2561328603718173
0.1343143396303812
0.2397381094890337
0.2050922737283505
0.11723953779373474
0.23203536290932555
0.43913017114173875
0.561137722535972
0.5316163296251878
0.17088353642241602
0.32881770939378546
0.3888401059431856
0.2390137737807306
0.7227639724976954
0.08778495010261217
0.20653438388880574
0.2623399031896667
0.4886831438034239
0.19504840829049333
0.48046765070332365
0.2515364099370392
0.5122138117849705
0.26662868930809114
0.34061575118809645
0.40472364265696936
0.44601088969077624
0.3975410639626433
0.3462427460247809
0.3152973291504784
0.3294273245718401
0.18195410884519844
0.4566028456953549
0.25181756248155424
0.33875492463617024
0.5446926967072538
0.5247475542949206
0.4357110522663297
0.2633328105395118
0.2500648689570201
0.2961960118457396
0.4614420176180302
0.1872582669891452
0.453516425622716
0.2899455125937482
0.22837472649895602
0.28156654763707023
0.35476970302005223
0.7030481765553752
0.417933502210506
0.6410558670294618
0.24285621480426714
0.31289156029774373
0.3830639405781458
0.30411821554854945
0.45814435011785826
0.31195618500800787
0.13885482029544394
0.3121655960401412
0.13738129876055324
0.15373693400575023
0.24989879833027617
0.4894317840037481
0.6697526691169213
0.2536119448437242
0.3930318109100131
0.6477487477048104
0.5717291879878956
0.48187826451041266
0.7527604349343651
0.2633867295879407
0.34867116376625196
0.43370727798558223
0.29564111714296604
0.361228388878879
0.5283569231844552
0.5209846286631578
0.4763826343487266
0.42458844214999486
0.18340552293773696
0.3333805774024901
0.27398074307646086
0.28908445082838957
0.5672340330319262
0.2807047172660248
0.2009626809757316
0.31504629363851167
0.1651185276895884
0.176578414215697
0.3874313267146925
0.716211069415189
0.3654508885580845
0.38933850954387045
0.21862109057897752
0.33299493707542377
0.3977114662603719
0.45941847121043455
0.3041962033168154
0.3532412055967253
0.291809087676574
0.6295606110498039
0.28661358441241414
0.2157716888510353
0.21523452335297485
0.3643627349301294
0.23079675804141417
0.24020834313334807
0.8048364584943121
0.21394068232731697
0.3037993555155754
0.18162886199059836
0.2564365386944942
0.16714732946263347
0.6640395019449503
0.18916493189382916
0.45187066017242944
0.41858750050308147
0.479489483589733
0.19990561790763142
0.20725197468824277
0.2794198807244906
0.221547248411451
0.3845597671972669
0.3714058127161506
0.221162168951785
0.5126585608225063
0.3791709904526756
0.3126642266181343
0.22932407935431592
0.1819521985417445
0.5230863101907405
0.4196483273704358
0.21981229024581153
0.19325184544932356
0.372175363571852
0.28138621123713004
0.5751511070663675
0.2963496465722723
0.09915685302347765
0.4982601606413684
0.912797797074967
0.643260818888252
0.25104469814900177
0.26317921771367575
0.5207125425583297
0.25206897873565376
0.7114070433083508
0.5140332509493654
0.3307079844016684
0.18962702611425458
0.21905383449603474
0.6618848309872366
0.4665462968281582
0.8102197933441281
0.4464762787926107
0.17233750118587565
0.30347444161999676
0.24519748423078402
0.18849696208872516
0.4250393168859869
0.23792290061508067
0.2839344612072362
0.10681414170098164
0.6414371437556246
0.21061775849941572
0.1766138448067672
0.8039734480607976
0.7698819081778627
0.1818312204719474
0.3665727967113344
0.5935699445755005
0.7661683178784006
0.5796178296189272
0.37626001549211396
0.3297474047882683
0.22118186248377295
0.5968153167152142
0.21480573813421844
0.26275627758380066
0.4996664658127093
0.27746637696770093
0.3384961538359671
0.20389322452595132
0.39055278864926135
0.20848271384453848
0.43618624893785324
0.5351402403769057
0.14709952341180194
0.07112468222859966
0.8546196625970638
0.5075042809882006
0.19378757314905093
0.2239439671898228
0.5950873375158169
0.17004582457063458
0.20366484222689915
0.16933589594477713
0.4681484932848747
0.26565407732956803
0.6844288812989289
0.306542023431809
0.6871344242702645
0.19767862741675468
0.4528094655212148
0.22856043332857537
0.3373508532525767
0.13562657026355357
0.2192180459996553
0.18086081990496855
0.6208634978598834
0.5532268493517932
0.5624146126857591
0.14190698394572496
0.3627563207543306
0.16873338418589315
0.4653552657389047
0.1980098491479526
0.5657784860360789
0.88897160732508
0.19722134849520134
0.37507151454682236
0.2948683091831359
0.21270066115620517
0.71076432801434
0.23380577457138016
0.42927288183283957
0.17432914095560584
0.13868795839797693
0.27934966012332646
0.4879866340883614
0.3282788955364296
0.47432742347971873
0.3501453104192869
0.23164436493696924
0.2090172688411595
0.6465690198962369
0.7489320540084425
0.24870542613378718
0.41364836141796
0.20262127715393755
0.2938466221932919
0.3114131791112849
0.3691760369848342
0.6016067942550232
0.187401959146195
0.16668610791409838
0.5223335446567574
0.4221907761549699
0.3052110783585907
0.4154910393660286
0.43097469821158285
0.3111836756958381
0.22626936531331648
0.349256920115926
0.4584140076899095
0.23877239157045374
0.23261160681577472
0.4407056035595671
0.1697145819753
0.12658549955028342
0.7789481172895977
0.41785174349874565
0.8316950489042766
0.149736788492807
0.7523139685968852
0.45694156597487084
0.225873415181133
0.3054904532872329
0.3256159848610904
0.16813909730781376
0.2580174881402316
0.332061513389891
0.7864183551655727
0.6389998408697181
0.22865566887539324
0.25873124756830457
0.4554256889730228
0.6080397671732223
0.5143967921039174
0.7949715543560909
0.42835639755506527
0.27404923569924944
0.5071019175199392
0.20059035427871974
0.3286049108388047
0.11585575429244704
0.6030342372801298
0.306065484318608
0.2574084579314466
0.3877381906400236
0.6670920163280132
0.24592782593580492
0.7447491930846883
0.5035134807841534
0.2833708993598839
0.29099282254895437
0.24234795156203714
0.44534287784901727
0.24607425267220176
0.12388681512092095
0.6137452962080132
0.634080730595894
0.34446561671318565
0.12273284347465725
0.17108189448980418
0.9122912021266347
0.43237662353437006
0.15973697572560822
0.26964913609828195
0.46276378476466223
0.26618114840890783
0.37857381976931953
0.42979629082220006
0.48347760880196883
0.18201686071493456
0.10686463909916269
0.40019116756222806
0.20726850790470455
0.2794417736558166
0.17272933256904233
0.4082035517218567
0.20422891879450802
0.3490554170516956
0.4706841580788348
0.5302345241507102
0.2562995839196925
0.6805243097520585
0.29393855167249766
0.22914734755249394
0.13566678060651693
0.6197848945756244
0.32360542952814003
0.23805398943849868
0.23263368772342638
0.4743710305591214
0.29667547884215345
0.4103294411230634
0.4014089473820749
0.10753582903178847
0.28562824462142733
0.4009114592020372
0.1575506413516114
0.15272285704085004
0.3590714377995436
0.6150164424965657
0.4009908503793346
0.30142617580561154
0.18230274242594657
0.23159017372815663
0.2179054134871315
0.3344882968609914
0.3191013505889254
0.48691194125996357
0.6527847093612208
0.4721081403439986
0.5799592185620649
0.21529671200768213
0.6003781868502147
0.6526284229794231
0.38881302069095686
0.2721645068718263
0.471285011368837
0.393979373146028
0.37974029282314375
0.6433968094930832
0.2712987736067395
0.6189809772480078
0.590063009908817
0.2244719213793661
0.45037389109156434
0.79372587045003
0.0976626535826258
0.15657032068021806
0.4470131908312423
0.5738940862870581
0.19782847771407627
0.31072866611356237
0.20676797264851451
0.42093392011983505
0.22928973494369925
0.18980896699362548
0.3562565128592256
0.6729945401584132
0.2632739116147134
0.20017633359125697
0.18914560064773875
0.28083498632488724
0.15324517652366032
0.2203177461685385
0.16520174788285355
0.768034671641918
0.5367282106472118
0.3179615311095028
0.173992149824774
0.4550497676312525
0.4315025240731726
0.46229996945587687
0.5023375831267252
0.3057349104279669
0.25115679800531004
0.099112630940551
0.41965957945560733
0.4139510698940781
0.29059136762814075
0.15898303931864655
0.3088399802932768
0.8128538136749787
0.5263643179241091
0.21357640544884446
0.5368968082216669
0.3486567051463473
0.27232486209613993
0.4965130724895954
0.51038764147029
0.5840294178225263
0.4904415493166795
0.40838240309223495
0.44333518515490644
0.16926347987676427
0.7151481851019265
0.4581781635242032
0.47492330211391337
0.24853046231717033
0.41601974185444024
0.5151270912198973
0.21407222774237986
0.14120896649620696
0.3186768915182324
0.37904587272258855
0.9337214017411014
0.2868978257526362
0.2757288695994761
0.22928524020056917
0.2531365616437558
0.295292913590078
0.5196812012454979
0.1318113927187459
0.6435720123117791
0.1360803276463879
0.24079417917946475
0.7560837788187512
0.557663200243803
0.3806265804145112
0.15590812471050444
0.2642056165846259
0.14647524451593366
0.30676070585156984
0.16762362467696074
0.4118524060710506
0.39221806751900967
0.20412237508117403
0.689086721875849
0.3865054799937676
0.28670505812236763
0.25684981747973656
0.2842514827936193
0.13244203034066668
0.19611940604242542
0.30091506334222257
0.4329472154319369
0.29303745342464055
0.17106793300356463
0.2626871512321623
0.28178769646000545
0.24244812395414153
0.55712250311705
0.27179059284072377
0.1502501041275465
0.2900252918212555
0.40886502878231545
0.4182731453880466
0.37809920025473354
0.5856043853532047
0.10329393457616846
0.31482289900633437
0.19540987150882355
0.19839936810415007
0.55472128088108
0.39115275799611465
0.30104755721312254
0.4774438413543319
0.39050898481731894
0.4548662738350775
0.4685965137675517
0.7687782833484635
0.21170312068860986
0.23160511323907673
0.29753570181615047
0.34806505698472784
0.7610969441327546
0.4301251556399676
0.3652489660116997
0.4361667641332428
0.39167792928289025
0.15762695914934993
0.24621691242642718
0.34305176271087806
0.12070598259701833
0.2866489127983942
0.27328575667444716
0.20501850997172458
0.3571122624905724
0.46312901023156905
0.2709144454576084
0.5263148986596737
0.36250252870808086
0.43812591751416896
0.45758638647742245
0.3780870534106568
0.61647790347878
0.38543185221390425
0.2882581784147631
0.15921589709295259
0.6172178103812022
0.3949975520197044
0.27047405562409566
0.27478706709616385
0.8109882164185387
0.12999518692176842
0.41131990891824133
0.2377348168408052
0.3647855727244115
0.24723448474504628
0.5638436009870156
0.22450380749695165
0.19083730145759947
0.45160971528870436
0.2617052113910632
0.4491277604513567
0.46123924945171435
0.4083748814589823
0.16450615992788067
0.1982612716410682
0.3613100951371971
0.7077057431025282
0.6133896139886279
0.24385619783076662
0.11298222797054458
0.6015926373639594
0.11093580857546882
0.4580858577280332
0.4206067842385238
0.2986765802787277
0.28733702013189116
0.5423817230492897
0.41426865245307776
0.5703262241388793
0.3397089544254266
0.23394491409227142
0.28469266470629717
0.4357217095623977
0.10263483627023628
0.4176281944696517
0.10278956115110963
0.2649583563940504
0.7130349595348778
0.3455601195774033
0.10432424304466949
0.19688055296351997
0.28077862765165107
0.2976574951655172
0.190380466033011
0.37700447953708804
0.2435316959633727
0.1987872666159412
0.3421359004790599
0.7485018216156339
0.7965974944394011
0.5737743986240477
0.6787871999296314
0.16631381095549783
0.26975433094385937
0.41666917417185245
0.7912736602214184
0.4275785665315091
0.34396209512955467
0.5627088058552098
0.43493300888492326
0.2297944630405361
0.6006910826998368
0.3805276813533107
0.4436292434623776
0.4214833079708441
0.148034417131753
0.1221696008265493
0.5531021425015271
0.26251051019905414
0.1360214459297642
0.569940056644174
0.44518548508485534
0.13723723434492457
0.4776903937942576
0.2532733775766343
0.36872253746234634
0.2855093504432092
0.29102145540206836
0.40147448188622226
0.7722301929644306
0.4191901746309413
0.36673704340184543
0.2092996811026164
0.4419212869669833
0.4663497014618935
0.28686092833132276
0.6771133289197099
0.43067228287413134
0.9747975186224367
0.2610332726880939
0.14247411690004633
0.7710157969304062
0.5162679794750871
0.7445846900403986
0.392196515119968
0.8423844990478536
0.4205916180927181
0.7217909759250238
0.7884508947069507
0.28386075007655975
0.5073098450734496
0.4346012733047566
0.4646489448862785
0.4270096898788377
0.1666133177113756
0.40783041991601776
0.6017902160286531
0.5568318173641253
0.35907890701248785
0.763440653355683
0.3049996994228682
0.43298014745221497
0.19241224313499344
0.6380640326184837
0.22478271390867788
0.4353086065500263
0.49004404214468295
0.2640108623263339
0.819725299342567
0.5198293760716101
0.4150365853654205
0.1566340070670358
0.495200980688207
0.5783273198171566
0.24373263340972454
0.4343426354347835
0.4151609145784617
0.4944298719903158
0.264011071051528
0.09587409123091067
0.8485069030429605
0.1999305819498591
0.38668638472820177
0.9208333913913137
0.28404549209896346
0.37497615817750624
0.24444553656299053
0.42189957917683574
0.29745150471479886
0.2010189333707732
0.5383930899506177
0.40902803850794534
0.674327233088854
0.5712550887700695
0.20043361453054115
0.8045028780025552
0.5293183865344447
0.47019594280875915
0.13096171558130654
0.8454217378935307
0.7996070038450543
0.33959500111577046
0.5953423555077153
0.3209758872566148
0.411583323405991
0.22662568421762022
0.4000358651501113
0.2516444951220362
0.8027912360495391
0.5792180841510115
0.6103330484285444
0.36471444129682046
0.8052976353023271
0.580181190501859
0.5115128077879691
0.3087633240742427
0.19415362629461994
0.4436957157903784
0.24725867295382384
0.348014576770358
0.9207030113273137
0.25891941237045607
0.1634140926344387
0.2009801350043583
0.34191798139134566
0.2825235499619245
0.32058751718850437
0.8578985629930208
0.2386393728796375
0.2599959503164823
0.1261739903956599
0.5348370424750792
0.19845430169913422
0.2510775141718558
0.26243405822910376
0.7316870286661279
0.485904441742466
0.43017100454671847
0.12393216777709913
0.6803339435363128
0.26228076661238636
0.572329560861093
0.13186759663280825
0.10693534430940721
0.34842169477847484
0.2852917221574276
0.2625984631089042
0.8526862443023653
0.633623862474333
0.19723730305518797
0.20913853686307685
0.20115248007699113
0.7002060621664634
0.14935204374445502
0.6929312486643573
0.6546638780345192
0.2515950424623692
0.28026865767948955
0.39491312384510385
0.28613656082916955
0.18665434301526954
0.6049959813048899
0.6458540652434703
0.5020747379493983
0.16166736329183623
0.49935297424535313
0.25660745269253443
0.2807572994994117
0.4142587739632633
0.2759773994350015
0.2151478408828091
0.34168955318733124
0.4168029549501518
0.15533005441663503
0.6754940426438462
0.37268997704186974
0.43923065428424385
0.6342935439714571
0.3300978357990503
0.33514560105507174
0.46073779474149096
0.3095958600935514
0.25730708187113244
0.2145084237096096
0.7034671594369956
0.4494797148377038
0.34363534037054605
0.3084165889744921
0.46861406892615837
0.5558938667434957
0.2111687998968333
0.7599720086784333
0.3096038881014776
0.5707936221184139
0.10969624199277447
0.44269978342596183
0.37434145692477544
0.1688804775689402
0.265988925299129
0.5268468851002791
0.31099052995951365
0.4920666013293125
0.5230559057517201
0.2818066876575794
0.7665136823050694
0.13526195571634267
0.20151794853619812
0.5734950527978886
0.15728529078522824
0.4042982072712838
0.25483541703007906
0.39156292367652973
0.37858770887552606
0.3755110713087863
0.2768099860871642
0.15117221835216005
0.41054391773601356
0.30647778017926247
0.8826394046307118
0.22264689741993696
0.11987017455339509
0.2873262182800979
0.9527530451016177
0.40172732708231856
0.442773544789404
0.4334594269718071
0.3154055072821377
0.38648504909936826
0.2827855388803208
0.39454841274420266
0.18432212510126622
0.3403292435248481
0.20321165835706598
0.26939376481148236
0.6281933856563368
0.14500177721818616
0.2380076864739217
0.14235978409230887
0.5722273710400805
0.46974043704025986
0.24512716383799793
0.33392255807730825
0.26654938119599786
0.3208066892005969
0.07562794267897159
0.1190409182483793
0.7209659196354842
0.3132950763399813
0.3656754642528365
0.10716854688761347
0.21627023310313753
0.2635087402002379
0.29099926454094815
0.08658983324791285
0.303380799239654
0.5238613809124911
0.5362565055235767
0.32762908177841316
0.527045008817208
0.5263787499337056
0.23034212724053457
0.8516248146318113
0.4131987206553965
0.41543770384789985
0.6670604907451326
0.21146412093250233
0.6942228096034851
0.20788785574149815
0.2649375726529696
0.2762912950767991
0.27821886585594224
0.4400449177890575
0.2579259160163241
0.24091866531338085
0.1502893288398525
0.15583334071210567
0.2524156201006798
0.32872154316813074
0.27460454756824226
0.8512485736767067
0.22431454482706625
0.5948152015738145
0.1453031402926022
0.8023264564547052
0.5734305469540795
0.7887147956030219
0.17079377413044988
0.2962118004993077
0.5583055914858087
0.14311479090020124
0.26620295694159585
0.1168669609532664
0.5117283287325887
0.4094710846325681
0.40789385304822723
0.24843996292269088
0.06343285536562376
0.17257988926097362
0.18007370943537254
0.11087818448330834
0.3647575484191868
0.28312786742315904
0.6713716886964848
0.3941127527340043
0.219819996933773
0.21587861080051401
0.4031202128331277
0.3454084438288496
0.21097204739664896
0.44589477888781687
0.23220558036884414
0.2150655863970378
0.06461723001374921
0.2877822230611578
0.6656902188513035
0.4469971297862674
0.49770071504293584
0.2019709761701172
0.2863423241300434
0.8260015892321837
0.311496932115639
0.1223209998193749
0.4992009568185026
0.3187254634381998
0.24028174231130506
0.268480839692134
0.18589229349891132
0.2165702290563315
0.2733687004656426
0.12799260533999646
0.41033036521027894
0.11946224712119953
0.43069563930045773
0.283232434011728
0.34882447886854095
0.669520569205687
0.5414631732042249
0.2929962974097979
0.20321949581853538
0.34113285771366175
0.2028734470459606
0.17040867050810907
0.25798157082739265
0.1885483219388632
0.37741461221954437
0.42999240538934513
0.08014274535226254
0.33991518280045574
0.20151632623857055
0.34918168070021516
0.3621138785535017
0.5445828390187724
0.3251420500795354
0.4270999873409859
0.187974134034792
0.24117201534678853
0.8578292251914619
0.267692516828045
0.7686721186958049
0.3954179964357753
0.2837861763877039
0.3347487681320575
0.2136483916900885
0.4808695353554265
0.2419264002800576
0.07317438235770668
0.35649007704290275
0.5815136116609048
0.5013179405068713
0.41106489791867856
0.49053648423050406
0.1944141686403667
0.636601696636788
0.18046897002915468
0.1364560216052705
0.1578211576017299
0.15347012229361903
0.2685514153829846
0.17222660710688598
0.3421829100965794
0.3002677207441461
0.2135269064820802
0.5020470118506323
0.5583306224168915
0.4255646213464362
0.3824738663084788
0.7935218593367903
0.29840780054779514
0.35705950504715367
0.3194345569072957
0.27602846604707654
0.6216853272231443
0.46840203216618986
0.7375696430982019
0.37603126280830446
0.20098435376992274
0.2297204360283019
0.36050835191941166
0.2302364038265201
0.22483992536432448
0.31598460360505026
0.45392170357385964
0.5580114686182498
0.33486614878853316
0.19415879064068706
0.20427142724674013
0.3352378764308059
0.242937687707011
0.1583100391621072
0.24982643270207838
0.19657866646437167
0.1889037055800198
0.41612950043913455
0.31942501998111233
0.35288476215867604
0.361975738230918
0.6691697171071976
0.15141058138556387
0.5790000474057461
0.3925322360629406
0.30389096457870424
0.4224985547240756
0.823859487130133
0.28500790959771616
0.5624737723486528
0.22493029836331688
0.3105346479648445
0.448377785483631
0.49179170294051083
0.7200010522567284
0.318999640961753
0.14505429425716151
0.4485632981516558
0.23823265138024452
0.3591880506139769
0.2265111755423909
0.3320663638298221
0.6256356605762723
0.2812167843196253
0.5005821233993434
0.2096648405389021
0.3127794155620258
0.15008522227317
0.38645752708181513
0.4567857364365165
0.1560447450864892
0.1566527341641673
0.40564057769823814
0.9608475015425021
0.4269919888681351
0.6043223444965996
0.27007157892276573
0.13090477896709826
0.31375603097338706
0.280491386520009
0.20274532704140155
0.3357274542291444
0.2809616213564677
0.3450582923394314
0.41629952782248913
0.14846529137208764
0.1602576789183012
0.3995064581858797
0.7151573591464245
0.2664231907903821
0.11566036668931919
0.4681920831858614
0.12273818969256925
0.19484029883113466
0.15854843664663118
0.4706772994760997
0.21001016901281652
0.28917570524441943
0.1315313122703335
0.335570988047114
0.3814958187714414
0.2993748242892231
0.07844837143952851
0.33914627694378446
0.526205405558167
0.14263566561171503
0.36088775881737306
0.5063225323842606
0.7017263672561045
0.18497058142440234
0.28857046088673155
0.2911698146506892
0.26770856511494284
0.5520071898269847
0.2995305290100241
0.4590056190121804
0.43951513552322075
0.30964331748873003
0.32673040935367736
0.30388411944421745
0.29666267961993875
0.30597217881407857
0.17017302134749368
0.2677027633518041
0.28459211588233824
0.16798362592508592
0.2191921435825875
0.2566376639384701
0.1478638875214753
0.4547607764152909
0.27670483661220246
0.19982103915845092
0.41844639356384206
0.19163100079778728
0.1696917639458685
0.34456352231539716
0.41628140048115675
0.36267100410410474
0.2561690132311119
0.13443961848150157
0.28827788786611613
0.3331364569809528
0.35980038729998487
0.24924591089987927
0.4087954970264299
0.2862240839388969
0.12777727257640956
0.3322774547859895
0.09568851185845367
0.10761334047423073
0.2091116190641738
0.2692602993328694
0.2641009633391159
0.18633518294743756
0.3412367585085673
0.5394859526619543
0.3819950902982619
0.3260948368797972
0.21279948322826384
0.24741439549862002
0.4690009017194375
0.30505916159836655
0.14444912923948344
0.4250815266079658
0.4437037397340794
0.2809409944333741
0.5278746886842789
0.237936826252515
0.22936046791888123
0.28846482084273134
0.8989771082409184
0.3300169659158991
0.3130585717930602
0.3276385190884384
0.42258629063609227
0.4090417942258729
0.31964661603784
0.5739768663575785
0.21559452418296046
0.2063185592235694
0.3428159935250458
0.41079872250169286
0.41729827094786914
0.1607248031381979
0.21310550631415304
0.36575283977073364
0.5965675969475497
0.3542376775207206
0.21057379047469574
0.38915519454592606
0.12234422302418532
0.23016657530941945
0.3755437832330013
0.7549212688983088
0.1595582347374559
0.5648470321689547
0.2887176754761665
0.5191705080480767
0.3849039591445474
0.08830136174023483
0.32489405291545537
0.19961715498702945
0.21055779675008643
0.47148553148688827
0.5239591562775777
0.9225183450022492
0.17511877160983969
0.25841103862480447
0.2453888179514395
0.28922127310210677
0.8423181656522708
0.27962828622274616
0.5545714726306906
0.32975270531511813
0.40906554370070214
0.4179168961653268
0.6092090763239559
0.2654804852222924
0.1490989121517048
0.26957288102317806
0.66876104815872
0.313151213947933
0.09772838000864988
0.517452116038386
0.5351924356872418
0.31828402862081373
0.4404860343353684
0.20199773924448156
0.4415540033677177
0.4530680235822954
0.058253581382482364
0.7933878227590351
0.2852615507858621
0.7030746590139122
0.49121506021195954
0.1876600945110402
0.23302894837995206
0.15461859555802812
0.25514367926825104
0.8865973473801855
0.15484063482058524
0.19489223055662466
0.4380051618067431
0.4404691746687081
0.22277476052174494
0.16042847815792002
0.12014203934575235
0.4533857016154626
0.3941776494827672
0.14093963127960482
0.20638345993524498
0.6822036928280133
0.3086432038343373
0.4781053377646337
0.3945293482796334
0.25590351420558094
0.5357429573783274
0.1324706566844565
0.35185723492813326
0.10950105290261977
0.11649103176812516
0.47408809313840716
0.1579286674444919
0.3779898558258146
0.3244254353149018
0.18584059144683077
0.584499966500094
0.21289079463597943
0.2920297360245907
0.28156099643216215
0.48407854219591995
0.30246008158783316
0.255314373841148
0.3145276214743621
0.2339571348663171
0.6132535619291559
0.757377413908606
0.481214653616365
0.23969759650132313
0.6992108905624622
0.14654275863760935
0.4182940275558285
0.14285589387715072
0.2847476869099414
0.48093895827168986
0.21674196122849024
0.27130196572182397
0.19708113991174475
0.13901550379776045
0.5329798596530242
0.3012061486933043
0.17818727969079004
0.4006934170120689
0.15526592653810686
0.3148374927307772
0.23117213420394578
0.3889814657764536
0.3853877927251102
0.24368970287669584
0.11870743627936432
0.4045790300015641
0.16301867816121413
0.14651612471935324
0.20146067439426898
0.27219199236580777
0.07626170339235602
0.2954598059037307
0.3260531584567873
0.11377395913115283
0.6265451114985707
0.20427573815500163
0.5985341478050188
0.21942118111778744
0.43155900353595944
0.115744352122904
0.12992864707646054
0.19765725686563643
0.22197849099424283
0.4746194248545689
0.23136287757576326
0.3035634757537238
0.1164411092479445
0.6624636530206477
0.43774341427030034
0.4196716205573541
0.47055941815893415
0.39065940267244986
0.09266939454991388
0.0874917495815638
0.14707948529929601
0.23409860389534962
0.21789337897533806
0.25730140710277405
0.5569500576549
0.6019540302472984
0.47476895589457285
0.3276236778749125
0.37007852969119426
0.48030706011376867
0.2047381846956214
0.38489971679611884
0.0936721310996305
0.22945717012676575
0.6176736896029114
0.47181024538286276
0.38249643237456094
0.06741261541667895
0.1489844225836702
0.37035692522399855
0.17241929889251562
0.40832505706092703
0.44827564211981424
0.48837324072857274
0.19172477054740997
0.4800041030294964
0.2854298272219229
0.12272266771500162
0.22019073626251826
0.8565265805752593
0.1900231736287257
0.12050762118816415
0.08937603824196605
0.23945888394433243
0.7771035150288819
0.2816224488085664
0.24780058391216273
0.20012163402757452
0.2024368451398567
0.20151631004354395
0.25274425222908437
0.22475306393236769
0.4890217572087841
0.41986929852265426
0.18922745259995663
0.20667865181399614
0.2003799073003639
0.2910729796354131
0.15639215258096925
0.28929098463056957
0.40050941515993305
0.23100162322011278
0.12476910725286963
0.06025135396153534
0.32611105229062104
0.22895987220581476
0.41939022286259414
0.27555258745818256
0.15941353395079202
0.3146159071338565
0.5697231353298415
0.15073186489642607
0.4641197285174471
0.3795256517701969
0.1303294153184559
0.1658020679494599
0.4059242011983693
0.37481692021620805
0.6647074639722507
0.41740935678571206
0.15236008088128639
0.07732155466365707
0.30638556152910146
0.38864321507895755
0.3591731651264503
0.4183910175675542
0.2016566559793306
0.48115069810823047
0.2600644983971717
0.3828400398566202
0.38566440353550396
0.2027965924801162
0.8804365797717558
0.2580324242822799
0.16634184195120494
0.17182408245412767
0.17201485115548226
0.24517052689682992
0.4936122399774389
0.4740725307233335
0.10981852222892168
0.39594218207507637
0.255899425243973
0.39243617220845606
0.10642380020292064
0.4977684196880799
0.29452292847669453
0.4462696117599299
0.4092226987260743
0.2885068935775716
0.794872975181448
0.3333206169414582
0.2533493457756649
0.26046568006992765
0.5195109107450839
0.7191498005378646
0.5641517852160952
0.767183286994463
0.09104104509308354
0.35099762724186967
0.16099720170887163
0.44541783663857115
0.6446532736741336
0.7001975468092158
0.21906650201178335
0.17060309236264162
0.43269491343178446
0.261023716811432
0.34713218333849427
0.4084658154011611
0.4772360346363365
0.26959787282589626
0.2833878012517916
0.447084289501453
0.274631904104447
0.30375331242763876
0.46234577035773117
0.24452630852114712
0.12181353561200711
0.28942560870051703
0.6188132871409974
0.526428274773345
0.2841957694441966
0.5055984887326751
0.6181694502929342
0.2607078671397064
0.3322930936083367
0.3894335938312137
0.43637221681778987
0.31474734948759175
0.19478692893454744
0.4142681318224797
0.2908899102562108
0.2583826110524844
0.5036256374421358
0.28341228485971587
0.3748693599765834
0.15728642294179412
0.26053251015766504
0.3787974891578949
0.4129416145075529
0.4168274378201055
0.37270761749942444
0.13366502584809464
0.1823069466657016
0.3654717539035602
0.14684061681482555
0.2559296428529522
0.11211766923254762
0.41398742795599924
0.33968911768470106
0.30470290260665767
0.13514522952335062
0.232054875473675
0.11216983372175861
0.302065458226369
0.4037937911889428
0.22863266659804476
0.2997305453757872
0.48697797163117046
0.59240479301302
0.51326208234385
0.48161486726995345
0.17687423305119993
0.8449927691995462
0.25388685348626994
0.2618085290978725
0.2711295591373987
0.13047316605131398
0.21366969759320253
0.4905217891033212
0.3209683216255415
0.14199081902391472
0.315415866106668
0.09190916876116297
0.653439125696049
0.23959962428655018
0.16547543378731705
0.31601218591775676
0.4037191263803748
0.12463930459801106
0.41268359781621144
0.4520416598517108
0.12117264611550964
0.13930570657402064
0.38560259805605696
0.2690931398023482
0.4142266163269103
0.4960660358847227
0.39175228589301014
0.3420125120833789
0.37657594015054907
0.387454900267955
0.11035265798596766
0.35620782025017167
0.5337065472116307
0.5449463172875797
0.09163880007253106
0.3577677584726395
0.4047669155745693
0.3445978835633135
0.38152278267040884
0.49577433547446154
0.19604555132014284
0.7114067353130427
0.15057565863607325
0.22277278795075373
0.0821609230155113
0.37695920701853
0.24216930590528424
0.36201723154436033
0.2976980382810632
0.1265089297713361
0.19981612984620226
0.3819038256483309
0.5500862567491709
0.19719680739676526
0.18316629159256162
0.21246841165071756
0.521922863391822
0.27345086184181744
0.28082416887144346
0.5064193202786378
0.2064440460709793
0.43870871614983775
0.5695262365835647
0.26772671378473206
0.2513731545009421
0.656104650613234
0.13485941950169528
0.27323552111932886
0.11771914066081884
0.17604329651871095
0.4624151976243656
0.34514539575374303
0.5592510998868845
0.13116879981269938
0.2327923365105227
0.0621856968970059
0.2209260014892796
0.11589200469919761
0.3719506275960369
0.16729508778940694
0.5182310474497751
0.1295256735456413
0.44824023625422976
0.21917199197300555
0.41728718462916886
0.10591468606607404
0.20077175678838666
0.3333233871996402
0.5133929009354988
0.3142564996374501
0.39901519433234894
0.2450252782272745
0.6117185220374448
0.44855713135306696
0.3833456468092398
0.3275800615815508
0.2542069744775172
0.4628690975899779
0.8034473103674282
0.258168194949086
0.3342141030320662
0.2884766904238785
0.2239995862994435
0.21580596689773274
0.4438630892017531
0.5286083480862035
0.18980563359706043
0.2923560066530849
0.4944780471847463
0.2898561066650204
0.29382406797307825
0.4142176337188792
0.22216995593451264
0.4162477808862308
0.18915902627671047
0.13420757056500046
0.182794119503321
0.20331294768457364
0.23331460793860248
0.40444738424693916
0.5007284711039933
0.44143597541880214
0.21318564324238115
0.5948657684382976
0.34689165577387915
0.16714923149263583
0.43830539718963274
0.5069902874299985
0.20641398001575703
0.41217871506462933
0.1349308341584862
0.2512153160232397
0.18317959632649247
0.25352832947580456
0.07539643644661509
0.777839778718015
0.5926962656391431
0.42638690695626885
0.2857722284746277
0.3648944480036906
0.8240043423013929
0.1364638185679556
0.18217356114075706
0.24603927174995047
0.3322701883368528
0.16230556034133575
0.331358419903221
0.23063223237623687
0.34627635743686724
0.7738962343167416
0.2728678456451439
0.6987602564684292
0.19071639909581006
0.12429021168557527
0.3427015824239639
0.37251084967723064
0.2549789878744777
0.6605392700017382
0.20476634828951457
0.2270240716982044
0.27384997988688986
0.18790866264028905
0.3114382447746234
0.6036650315711622
0.2343637616178403
0.144678236051145
0.2209945700225538
0.3273214424006083
0.23586169349537484
0.2219788320015411
0.7265941165253378
0.565757249906494
0.44963962128552565
0.18428416290371236
0.3169388631699409
0.5291942654168893
0.5325460325023906
0.4381697915099004
0.8177554777015561
0.132529124379339
0.24437164671440303
0.21756607880752682
0.330956983994498
0.23521779871626258
0.42891500097748286
0.48879103867289336
0.2676092668166505
0.28350412853299983
0.4765839054729955
0.17982107119382923
0.22389665467005565
0.5659000891902222
0.32314851558923324
0.15747527711972623
0.22507434276759022
0.5922334904442303
0.20935413300458108
0.07815853435505503
0.5642435173779322
0.1520627746357033
0.2850373730884645
0.2918287490504799
0.0927249735162074
0.23400188910968925
0.35987840217530687
0.6639546186557199
0.25386517063914016
0.30945907757313407
0.19590175253921574
0.24848762258441517
0.16945384528103177
0.26279211683975984
0.20806342945713402
0.9766710131286329
0.38527042124606853
0.33363964898851245
0.31558395375446446
0.13460194559834293
0.20415596505268535
0.12605586819126735
0.17985089062448126
0.6189922863034446
0.13186668312820718
0.5054590547904694
0.2756510443497958
0.4912753161562881
0.2826600669443186
0.1601945621587002
0.1927461674694049
0.3193142885633725
0.21646646488484944
0.26551959519592666
0.20720629913407693
0.4824809146060863
0.34211676041292377
0.22643132848779307
0.20915643683969007
0.20475694116539625
0.5697569803756503
0.21610526464161248
0.24383505304226358
0.35193466759376574
0.32925837386881274
0.29438029589261133
0.379306398164878
0.30433317779891805
0.37906576417604293
0.619280952842078
0.32792269448730155
0.38018851209553706
0.18298976025821856
0.19606187279721918
0.41715566396635845
0.5103968127465068
0.5047372228440149
0.743055757594852
0.3967229293142305
0.17120882276439714
0.3966405031212909
0.31026733376425103
0.6611110298725734
0.41418551464788406
0.5104966650417105
0.2944446784262468
0.26774892838988423
0.5727887533872646
0.22515064263436868
0.4801451037794387
0.4193173998117735
0.2961044384967317
0.5108196628638655
0.3961787175746836
0.19670667859364677
0.3568537800554579
0.3721127081321344
0.2091400403810369
0.2637187531095366
0.19480134398107574
0.33393838512883467
0.4536961121922845
0.22073092808633094
0.9001287746166686
0.5225298326460491
0.3010612741412243
0.18593610151506015
0.18989923169104228
0.1723933872378919
0.24401995501414472
0.31655947470265483
0.13863840500037658
0.37533494984423565
0.4221591196281305
0.5788436212705453
0.8232839768393518
0.4219222338950857
0.18624848095835037
0.6745628455873509
0.38938396114843354
0.20300428661140224
0.1458028086105383
0.17067043854950614
0.8020506407469787
0.2437890162303358
0.7081726015093077
0.24979684574758723
0.44268954575009406
0.19143147341039884
0.2161711304914521
0.21415015840033308
0.3224054290228491
0.1841079907777448
0.2500044400105502
0.4526753962104348
0.8773646599790762
0.3537412985072653
0.40646272888094304
0.6418316209718989
0.44456362148096723
0.18312866911055808
0.11916616402792064
0.2032865008889145
0.1833548005320174
0.6112030661223243
0.17086679497713728
0.43894959792626914
0.31409270848122095
0.7872294989505548
0.20913093021329593
0.28725776222832156
0.4010667742594135
0.3153618619474339
1.0033555545613164
0.23435176135638816
0.30161399304170156
0.08648890438588903
0.13372896366174736
0.30772622855943754
0.1733044234718984
0.3812898980534198
0.32774240002611593
0.3601181726014082
0.1296550060554218
0.4269525645352648
0.32572159323928557
0.33097295464285326
0.47175995101456397
0.24506065192132073
0.09105116389208547
0.2767453184361565
0.24346841766738514
0.4682010749476935
0.2606620773636426
0.3054671669022633
0.1461688516317316
0.5552980324900932
0.17202899920017295
0.4261123324105164
0.3330854798245924
0.39507429813918105
0.5605388424183229
0.6821345711143544
0.15194188128875752
0.5425793408145495
0.2511677685378664
0.481744426801993
0.4702032785104163
0.2980951947092157
0.44613633934877855
0.9076238687967885
0.5463983747762922
0.26750716605442887
0.40376043002015155
0.5352848309371949
0.3491401739243243
0.13713584796533976
0.18282587945452003
0.16092892388614446
0.5869568655213717
0.5212271294260041
0.40462657740560515
0.5247835326699652
0.2792636084625632
0.25494981263925365
0.3936619163000818
0.2564917624196722
0.38900005169468566
0.17933602116801414
0.934551635675794
0.5923669549815974
0.17695408006188562
0.41293909598209655
0.3423306673165347
0.35748682781160285
0.27537528368657366
0.5123972581271375
0.2671833448476218
0.26433756546214043
0.6844575187491889
0.37122116641555997
0.28962874913920134
0.5851619540732818
0.18454024615432563
0.3278996674097474
0.22817773646866304
0.2389070570996132
0.35835099941393017
0.35287624388511235
0.49006430243886323
0.15585516032956093
0.3148468154951162
0.1280383931498184
0.2703867638123783
0.38675293314309384
0.5704474448264263
0.37558916305701084
0.2962061619974118
0.6646484978224367
0.2867155642356219
0.5373802871997744
0.4655555166360523
0.30304034679777375
0.6452980283459747
0.38955869479518807
0.8378459336628704
0.17777502892244476
0.19685297492626655
0.7513425804798632
0.28918158629581653
0.24821393745173273
0.42876270446300785
0.18993908709591506
0.2481648587351028
0.21973183090967302
0.30025033309407867
0.4643479046229869
0.7733111112899151
0.4673517622748844
0.1526868856448266
0.14536469594050722
0.4399065818452189
0.3645687967700118
0.26480921924810186
0.38285714102365404
0.46410995348918543
0.2574856132464232
0.4865402050312865
0.294060421322859
0.22535971568917307
0.1932275470182297
0.6008054129096018
0.24311324905175416
0.18172965245148748
0.6148065315951817
0.5013285244614295
0.47232624958348646
0.6922379665767563
0.3427660592612436
0.4930723720359844
0.41115875876234265
0.46154335834151344
0.2541309707585995
0.49944030501046527
0.23596392110052308
0.4145512689774991
0.1539523969224067
0.37683441473683016
0.34863932913485757
0.3913855452474041
0.13544087545476682
0.36034289217338283
0.47219123919283534
0.22832338732464363
0.21053544334674865
0.10940567096592572
0.14876819055941506
0.1484919414984634
0.3050902935085301
0.2501668733690224
0.25955878002282184
0.2648863299277823
0.222352431746261
0.7226925079086635
0.4570571986506507
0.2308387530696451
0.3043646970623084
0.5194087737170493
0.2502568023168483
0.19874081051542114
0.2177291159442153
0.3236430216597439
0.39437979494053016
0.18265196732481712
0.34931653194699647
0.37897440145231026
0.6742628777284373
0.41985851945726005
0.4003891627030114
0.2689719029739559
0.584723729395952
0.17146982961664436
0.23488704826687032
0.28019984227966077
0.2212865497925285
0.2009790942342024
0.4096365190133208
0.39447707927294584
0.16117417104636356
0.2628790622845538
0.4411102080788306
0.4262857865238662
0.24604940816942475
0.13570693924178534
0.43161684844471565
0.5670823834608361
0.7583644277444721
0.23674810868998641
0.654999999172832
0.3117813183429408
0.6186731372991415
0.5893200905458571
0.6946775082251926
0.10724456403754905
0.3003012528534437
0.6724213955111005
0.47140445591995433
0.2763798459766272
0.1526618998549447
0.26308546370506203
0.23749350048424728
0.5679935347658215
0.11233005578418517
0.6744181251317496
0.42610288473250785
0.30523031094220987
0.5747527302257393
0.25384110017015066
0.48654658415324953
0.16103984093090376
0.1905108086890472
0.4607449128541382
0.5112827880336873
0.11593131261023193
0.29562437839061934
0.2197594331027853
0.159070960861935
0.3451456347445834
0.5778211755116575
0.25266096591409226
0.5564531301726242
0.5121089586130644
0.7316477011992482
0.31190581687355634
0.2860409471338437
0.10692494256376196
0.2126873751595703
0.2028364987472553
0.22279686356506156
0.39974072455742066
0.40197422314373604
0.5023999153696623
0.14772330724996988
0.32760141182957603
0.27009638494834043
0.3625524423373949
0.2612028575918156
0.2947018464503129
0.5337231170739656
0.2650831159814996
0.24789353873795095
0.30638787520993577
0.2236117303883676
0.3266332622998145
0.15654675844697594
0.35707429933434
0.3012721317241235
0.567264713842956
0.6140587337777119
0.34836684821255726
0.8833651763130405
0.49258431895921806
0.22063435341073667
0.30096529176213516
0.4402983771522014
0.22406509037971448
0.20813993720448318
0.2859493511515362
0.3312493528654347
0.45686681970458826
0.5301437473194847
0.14740900401719167
0.11232955639576132
0.3744533474450794
0.3219650158125032
0.17126486924275067
0.23347509809946843
0.3638047682124145
0.4508209940335641
0.5168206872869534
0.5766464087883846
0.3158874099578411
0.4517242775890673
0.3625201687184252
0.2052604983242964
0.2744192816521227
0.25204916749608236
0.4059218522210844
0.4312715376805066
0.11263442100533076
0.17078268297859364
0.2643739323596389
0.4720264612832571
0.6350855372444313
0.3823618965631617
0.557571613464421
0.1357855160087311
0.9556246717084094
0.2556240992018363
0.4236893237033502
0.35581316566854343
0.5643141594851822
0.3050583251541934
0.33996280892258635
0.5006623189897093
0.5750767522525964
0.5133136610839553
0.2429944324306083
0.1731626073960149
0.15430676054901016
0.5228896665020009
0.28569491295419946
0.5579583014935589
0.4663225828826674
0.4372918819708082
0.18364737682181154
0.2695935470825784
0.6699788643650326
0.23234867167905818
0.10597616294347614
0.3244484902484353
0.616814452068985
0.22890824678320965
0.38137848609533004
0.3357656504260934
0.30964060223698825
0.2311280821963949
0.3442462407103646
0.19594817260985375
0.16218615340292067
0.22748835961276517
0.4609480330853469
0.8011201302014229
0.24250350892129016
0.30227176037236325
0.21914182919548403
0.740278619755399
0.7943436329354729
0.1755690522248342
0.23274860495399896
0.21494181530560158
0.4216134825841928
0.3528485563325992
0.10510090211672285
0.7089317885486341
0.15949163640515687
0.33754587094260025
0.13898109340805273
0.40068001630570693
0.2670416323170879
0.4250851386835669
0.3566824391093475
0.8846607476410857
0.5400438127784379
0.1944396475247107
0.6245813297964987
0.7270671544885281
0.30361349971805435
0.25317675453498967
0.2388107941042596
0.06893561496098011
0.31718667106812704
0.32414094186929254
0.4613786294522215
0.20593709365937868
0.16740451248041244
0.7575254236373701
0.1577972476985258
0.1796244114110961
0.2392217674160778
0.7451549076605333
0.48008182401721633
0.14884518454121132
0.22366403754903208
0.29473375596665985
0.2938503436579643
0.2343942520499466
0.25046684528182495
0.22763049580103684
0.7494788862527226
0.17337722503232708
0.47317329108909434
0.7015324212680991
0.15559828902384662
0.24945758101848428
0.34816348746954623
0.4045532241441423
0.24351287938088642
0.3970176883458701
0.44014049005180816
0.31232736092099955
0.3621638967782521
0.7455511305548445
0.3479618503543258
0.4800007062517326
0.23433711091300316
0.3468359555896692
0.42686182304417614
0.06817543497162928
0.1701401225637293
0.21488960754394706
0.2384971815084758
0.3679966992900771
0.2525398623069843
0.11479851114120103
0.40744453062515634
0.35371704710936663
0.5437737469450173
0.35281982580982957
0.1919409687884955
0.5924143956216704
0.8198479652028715
0.644910174684278
0.1700996424706651
0.17837145584187486
0.36843584768706444
0.23327924899180988
0.15723013383409867
0.5827397450803649
0.25846814368840026
0.19781438868198914
0.2690545798077164
0.4671009787179006
0.5519410363300262
0.2196316768636923
0.23743391274861914
0.15275053174977632
0.633350686851499
0.373511709773576
0.2031329220995
0.48754170433030763
0.8303472308292784
0.45963811616435024
0.5834544153901566
0.4372675348285
0.9068762339501978
0.351397358671845
0.7538562123086364
0.7452607834690482
0.5017249012360603
0.34075695482558827
0.2257367429312966
0.6620128976931657
0.23451242198808075
0.45999028607716486
0.5674272008561847
0.1850256536554622
0.3433291883244094
0.15012446426649736
0.1435338012257794
0.16093543727047946
0.3848527139337162
0.2767192349327896
0.2807610148769617
0.23215572963455533
0.5080543917667908
0.4364850031610293
0.1898854179286248
0.26197049114932136
0.22938535878730767
0.09633042162493394
0.4359615446350809
0.241825082731342
0.5908575417112208
0.2238895184012888
0.32018590705560895
0.503580210420989
0.6595102641509206
0.26375733238759613
0.236275566905284
0.2616867606466693
0.3423456019140907
0.49296757882782266
0.1528037146769071
0.07762848476881669
0.40062167025755296
0.20432506123311778
0.2385838568996398
0.24521566778753923
0.20137135955771643
0.610781252819041
0.16667047254177075
0.8321369579793017
0.6171401663490255
0.14859244824714876
0.45486728047251307
0.20435389546055321
0.24642926088780154
0.47423177678953166
0.12138618427022184
0.5669112942944368
0.2898001155812201
0.17662136451058666
0.10508688162733029
0.3560437408176178
0.3126926480787738
0.1975518363449829
0.25102633693793647
0.27333650041049656
0.647617569186498
0.5131668147583628
0.4578802740130588
0.28587602498574843
0.6052725282561514
0.14666518739553525
0.26546286610533215
0.32421872390893597
0.44952755030321745
0.3603370251780244
0.5187685704805971
0.19980030489896708
0.39952842987265996
0.4022696083163576
0.2635963627558157
0.3124430046724384
0.4427262771684236
0.2354966110754899
0.31170696588806024
0.2636680450227601
0.37831548712188157
0.5204081853775709
0.8323796189257014
0.19598448968200194
0.46905661098386175
0.49227095301139945
0.16696358078096127
0.17272569495719178
0.11441727102668901
0.467252114035214
0.5895366777446219
0.1723212688501032
0.18464070420441572
0.3472466813004038
0.4774094406729494
0.7644128761874768
0.6019779027857267
0.13390958500325545
0.2176256830547376
0.24088354021424482
0.10355788015998296
0.34889425934857676
0.22871342041513068
0.2147502493891152
0.3248224446448486
0.21269171538861759
0.34209115403676266
0.2556399490358711
0.5232043988558551
0.2935120822234606
0.8780242449081728
0.13152777449645897
0.15443958678664116
0.5603631563525756
0.3986120348235194
0.2447317511292716
0.3093204790764085
0.4191717522690739
0.11333584068590145
0.35885525452367467
0.25664771928789687
0.39727976950876875
0.16050032447417933
0.16305833951229845
0.43368975335508847
0.2970791733747049
0.10864390293506707
0.5047850075132106
0.2040773463890785
0.22059137680451388
0.570353851591297
0.2297972405075194
0.548229355264754
0.18833119086331296
0.34503533615520204
0.7260337276431373
0.28143268330492766
0.39721849980495827
0.413006984645309
0.3477418861018801
0.12490727529538359
0.2999094978914506
0.5844743435228985
0.6511158620445558
0.4933948428262381
0.33877611783569767
0.4076363604513509
0.5127965051873159
0.41367160294607963
0.2363980341860157
0.35759518187624656
0.3690521121929305
0.6084935170021366
0.3414298580217694
0.07543046063003894
0.2495126442385825
0.38129346893845645
0.33459409917407273
0.4587883800721223
0.16389293972082924
0.4533790524437743
0.09733265120464286
0.20565062049615457
0.47560959435128625
0.33328371788997346
0.2526987629091879
0.28480364504168343
0.1277258253227309
0.43434931567647267
0.7290017924281423
0.3610281776898267
0.3478881035878896
0.2426944980417548
0.3300635085559708
0.21279443369943335
0.3671975101122912
0.14416686220690272
0.3343871772519483
0.3414316309607682
0.19902298510843192
0.4751485876066715
0.2560695206241156
0.2350361290584113
0.1819549768089248
0.2564105002018247
0.3233027906231224
0.2270642864665609
0.3152799340746728
0.16655828759519353
0.20354061741436144
0.22662468757110604
0.16951377208177057
0.4429421114809881
0.2630207250703357
0.5125461211739282
0.1436910513468902
0.2520269163802838
0.22067672227490337
0.0791878340424072
0.19807155873774163
0.3415484302326353
0.30650376401195395
0.2456461971064969
0.5336249716088473
0.2544096376069364
0.24305059537384643
0.4209964241848484
0.37041739483254066
0.25491513857421744
0.6150891187786617
0.9080479997867231
0.14872584172666145
0.2823294986585142
0.3164720137147474
0.2602807996545463
0.3144978580909125
0.3097150214633218
0.3758430036877274
0.20410714341561637
0.24159430027307002
0.6123266946637467
0.8231121442712308
0.3077312075304938
0.12957487425342518
0.116198608544322
0.08553036841884742
0.40308703267631035
0.268140905096173
0.24071251039434544
0.12716930807618715
0.11958503262058053
0.35822399149884326
0.6469418836286698
0.3263022275844758
0.5528594257320182
0.12103444716690628
0.1320550509713881
0.38213805427918157
0.5118161525133051
0.320421237152321
0.8752850947575018
0.23934441347462448
0.1675870622526415
0.6261719488142716
0.4783377018718314
0.23618547921822092
0.28587212358998504
0.46210338241791177
0.4339125348823803
0.26126293716056387
0.21981365825132929
0.46252535264484324
0.49049845194063185
0.09579155532644021
0.47934710933142183
0.482936276134659
0.4971121697886629
0.6644683204407428
0.4121514103816924
0.3994543220457008
0.5370091685988033
0.603158021584188
0.23261813846045845
0.4575437344118523
0.1647096890816046
0.2995192173898992
0.49663585157667783
0.20758852696265093
0.41668472577698684
0.23932334310770004
0.2790722176575032
0.2263167276356276
0.5467323269532355
0.2217841239653383
0.5551660172408925
0.17595431372209797
0.4697526267503577
0.3098597323828539
0.1666077115897059
0.15486606829462635
0.3250606412650935
0.3468753696255371
0.16993377137689972
0.48889455328857656
0.5902967403464973
0.4989399392512295
0.33819904778798443
0.35090384344053666
0.19742367648648357
0.6524257108232526
0.3383474727017716
0.5222321069426435
0.5360532114548574
0.6008887248993272
0.7881307138061351
0.3435980624546027
0.5520866840916596
0.8377330783238643
0.2524223425727173
0.16371625695555928
0.1984247790649367
0.6469950345294736
0.9107398669730548
0.21001247717877522
0.5836596275333584
0.1735071890199362
0.5683585025563771
0.3529944019726726
0.2187745063738884
0.17915645543660402
0.3890253057120285
0.5547167472621788
0.48754024194376977
0.46524323037406906
0.5318803010455453
0.7156834641243525
0.254392469101288
0.49099799714969894
0.42976034761003307
0.19424189444719595
0.2652032559374479
0.46896562637751243
0.18609547033935805
0.21313269711454627
0.24068097534489047
0.1366303844890525
0.4501112951455604
0.37023217687913945
0.4258048679844609
0.482063618015528
0.6498742688841291
0.46775487412333255
0.11541097878670947
0.5422030367788825
0.4878351973648523
0.14511574229134666
0.2030950140609671
0.5510689510301428
0.41796172558261896
0.2661993953107499
0.43229297768644204
0.3502929722475336
0.24895926862879184
0.4143244809808775
0.36018940933968974
0.69313199777748
0.34555078644412174
0.33144946558010874
0.1574874173877957
0.32565414247812763
0.7015105427302984
0.3097988597842142
0.10718781810859367
0.36776967727001014
0.28186794523974534
0.24199712166634316
0.1863397733798671
0.2806022302946916
0.7008936521347104
0.4297648478482748
0.6912237036070937
0.2336831847837558
0.5722455366675084
0.34817764704125637
0.4819530900408543
0.25535461301283763
0.7276829593962182
0.7628353141260089
0.2672193368745674
0.5132783867091884
0.2069934649423413
0.09598679805212597
0.12442674495850235
0.3522682114797732
0.32918385201372047
0.14075336274758024
0.15020538131635616
0.2725031240313252
0.15650101929730786
0.22864289631034926
0.38995740876110724
0.20918001163371489
0.4017432561210669
0.3983784214059466
0.2100716056429672
0.2748397603465723
0.4870612754798546
0.40319976350514847
0.398926056634897
0.29089310907851845
0.6967931182432475
0.6864091281999452
0.16150881721783372
0.34187182092353047
0.5919028730507953
0.22502282260076426
0.5872906614264878
0.3319447092078593
0.7510353121420594
0.22800381144888301
0.2796679738998997
0.44579424304897103
0.22906925245046347
0.22489204368317584
0.5283517425306188
0.4246989377113364
0.389602648520779
0.465267997110199
0.24972574478684587
0.7579301807269231
0.23409324475905202
0.163868262670962
0.3194805030478293
0.31793589871941147
0.21942204285261205
0.346576717250582
0.22366370411532596
0.22429740833557993
0.49510303916425336
0.43513081445736884
0.25159274321752073
0.11914408348891836
0.43192762359942766
0.5496268224780014
0.22065041370213745
0.589803657205941
0.38741208335828947
0.7453064098983707
0.33881726752828967
0.12234404880589997
0.5796545884231433
0.6478230141725854
0.5732196678793349
0.5756316921888751
0.6858787573448851
0.13273626041014433
0.3427138408636179
0.4724498615344586
0.2379084757847747
0.19075430716367256
0.1825506457826893
0.23679984163716586
0.11894901842795637
0.18794143290041146
0.31550888825125156
0.8094340324425013
0.19498780407728916
0.12086681344537274
0.2301954183258468
0.1830483728769721
0.3597502103753791
0.4981590585180383
0.40340495837205154
0.41861835394285574
0.45988753691571677
0.4106342018474686
0.33822775788481313
0.48717756121972705
0.3936880820421207
0.17739582530782091
0.3897934207041096
0.5337604356576323
0.4596236666545148
0.35883936099442354
0.6310003683576738
0.4949169467717495
0.1662648281614399
0.3898724978580675
0.45655710703871566
0.2289050494770337
0.4563177967315843
0.6041872073633575
0.16137326908509
0.32439520731060484
0.2631022461394024
0.6295643300930143
0.24678255514621772
0.5677621862548868
0.23044721302844812
0.5660503308228103
0.4745442838217211
0.7906839088449433
0.24631342636398904
0.14874998995198033
0.30755097411458343
0.12750393058881115
0.35383284805955434
0.18334550738280436
0.19795104344669
0.4637275120753497
0.19612226765257268
0.49777933894635445
0.14328817718381723
0.18595939090004798
0.38966562903722524
0.2921361131859711
0.29749958876216465
0.3343232922071894
0.17853759714840248
0.32360570422152307
0.3016883554693861
0.6309935363927807
0.26529063743626063
0.2838229641675487
0.8075868898296363
0.8359714587509557
0.5532013010073158
0.2892583216788404
0.3585465177142243
0.6667781719757427
0.300124087045707
0.35080330323387515
0.38071485351768486
0.2402919656477335
0.20828790870314673
0.18623210979934154
0.26940332432261455
0.1979920712590469
