0.6156252600895484
0.3059136325577915
0.26763152376258836
0.4814542385014824
0.2834972385977766
0.33430914159414993
0.341861444910044
0.4490986966928251
0.3377145964640546
0.3488546768742493
0.22289775277973525
0.25311605163613216
0.22884905891028
0.5164239533649018
0.38672513065520275
0.4083885232575682
0.2652335955047792
0.41324858151615645
0.26055631174161104
0.2646176554708004
0.2204971716273509
0.27109923547958753
0.2621248576822306
0.24862781847087964
0.3313974542894991
0.3441483741845437
