0.2905803196933082
0.19775474346395114
0.2538837086061372
0.27030258810993785
0.24501184271060308
0.5158788147448001
0.36135729718239423
0.19011416113396581
0.27096345790478166
0.41079066778086065
0.3969038926713623
0.40167253016281407
0.1641524785380156
0.24668041436398364
0.4824398505759112
0.3897942928754309
0.31103044842311517
0.3453081107723583
0.3241995899386893
0.22960306369021996
0.19889937928441345
0.28081380180983245
0.3289854542753361
0.24204169917148272
0.27501898548413733
0.18541800214191861
