0.2947879776292371
0.27283805202259565
0.2747700328816031
0.4108865457493727
0.28930131769598966
0.6186529799948586
0.47391967380148803
0.3595954809163789
0.3577341715643651
0.27360923448872493
0.5495081228421055
0.4128958815871803
0.43793722030289645
0.3307332942373505
0.332442951423808
0.4927257473585209
0.45593248110677764
0.4443901522944315
0.3333348063577189
0.3230408075732151
0.48834906557975766
0.45219662778483305
0.42875265338134216
0.32157037016575574
0.3049886174730553
0.43682443626592
