0.298493548515237
0.46418601899918105
0.41850983499833216
0.21077792018596028
0.25517372218815815
0.4049332164040129
0.25339314042485594
0.3609275008692246
0.4398252863848957
0.3362182338343719
0.16473756381185178
0.3531253468823864
0.23068991899882396
0.36546808501929773
0.35635625374810426
0.1987832132202871
0.33185211977619705
0.3045370947105053
0.40620236045409674
0.3006249692622474
0.21379324301092545
0.2954450431697179
0.33655727477435354
0.44039780258576594
0.36809008620710804
0.2649784145907814
0.26580538208491455
0.3489643226772994
0.30512333590776725
0.3565834228664824
0.22677707181793455
0.38612482552402777
0.2567261991157257
0.43209598214548245
0.30776696935952796
0.2264310045706517
0.28258415823881233
0.27204033158128615
0.3777818691595176
0.3824808567524566
0.21066668216959128
0.326808132438599
0.29741116831847636
0.43526445302987266
0.3463608933787248
0.23269039691568455
