0.5735222212059736
0.3084871536150576
0.3651918162913197
0.379323819188908
0.208549957191906
0.5406298491334476
0.3589378073378254
0.4100343552248648
0.41198018665014124
0.27720126516445753
0.24467432614896117
0.3675354390089345
0.44877102703377353
0.3807908293214343
0.30751505267492113
0.32990628811720113
0.5473525341244404
0.3766286445823298
0.3668293302899615
0.20471137967240785
0.37728662270478514
0.48921501980024573
0.3717952927005182
0.2702049885009022
0.32555323881095
0.5719337110310235
0.2968786703278767
0.4000206115075809
0.3236848478630203
0.45744826524737503
0.4439616513383706
0.34406192007786546
0.22270095605369808
0.20583325595261606
0.30697341257237215
0.3881693855818598
0.34751268513567424
0.3543926583170446
0.40076898350929835
0.44138810965331504
0.35775066029725683
0.23586147516943617
0.21003725602075943
0.35177453839718026
0.372036302380962
0.20380046942148156
0.27795534552331536
0.2989776583463183
0.48938167951410255
0.24525136171570003
0.42375013858612537
0.49885055867616784
0.44503867995142105
0.4473872837883597
0.2668680033771223
0.22290610044253956
0.262580011778466
0.7724075934335018
0.22932673120143515
0.49244844918157943
0.5590744800283233
0.4533354385881242
0.47324478735505965
0.3132675090322086
0.48662879155140215
0.4086535914847829
0.3212021626889218
0.2839634476150872
0.26439075370911314
0.3677323163368664
0.42785827050168096
0.3991059701035524
0.3916762370964143
0.5002036833488033
0.40088235820285567
0.28496476662618914
0.307123193886698
0.26059961237486134
0.3920298022893849
0.32535367232835477
0.377168240780919
0.29579585322195084
0.32919189237735635
0.31061647099110584
0.4582765156723481
0.3406872491691807
0.19682142555566357
0.2836879109528277
0.4079061782365515
0.20284536535939351
0.3609731858915276
0.3558475553872314
0.29599332692376457
0.4084008280673101
0.39093480905127853
0.2004242020895826
0.28055704607551024
0.36342285470771885
0.18414949275414907
0.41179941034450335
0.1821405495255257
0.25478241525509826
0.23559775184001955
0.23540160353693348
0.3863525276678683
0.2600125575307886
0.4782573028362129
0.26563029335246435
0.3713170594898879
0.21929746589343707
0.23781140194500147
0.21796845611590085
0.22929207886799996
0.38268973619020896
0.37847154879014877
0.5229869031372361
0.24347619744756901
0.378499457230807
0.5359729744780227
0.2778204399275287
0.18715259802271994
0.21424861573551252
0.22696507451032322
0.3618703412583321
0.34805170728720636
0.25445842916741945
0.3076081917612086
0.5862934856645914
0.2820909293451231
0.17239160279382762
0.24773125167819135
0.2233393369706734
0.41840296241755354
0.353009910661326
0.3119706157039088
0.22050378533844503
0.23709556870121662
0.22808430102428456
0.4479042408295117
0.41717548596639253
0.3594731771752637
0.2907483791404574
0.4168458492490793
0.3770758107744345
0.4104353639631242
0.2620848495315663
0.2734554007214983
0.455790324455597
0.40850479842871246
0.3316046196290485
0.3717322823482962
0.4086562065059799
0.4171613387757213
0.4484811312902674
