0.24246903876999076
0.3650364285268921
0.2735704639874506
0.42850991656947707
0.4232661641627143
0.29836207307950136
0.4921436838213072
0.34191896224196655
0.229669029056764
0.3091566271376941
0.3068465841616977
0.5111616937118793
0.3453443388487053
0.22580519823239736
0.29643898507450267
0.33768590644461344
0.6135773132365034
0.6584557917954496
0.5206720298482612
0.32931325908954767
0.2827822065649388
0.5751661160311282
0.502232663223086
0.40857034568272205
0.29493425286274044
0.3117194444781996
