0.5306656114555283
0.45277849115096214
0.33691221667734833
0.4936040153970814
0.36588326887291134
0.34883673897800793
0.23173659209557082
0.3325482767144939
0.3437682038996689
0.43764247692910724
0.7276149519061691
0.4574671413357702
0.2911440232226633
0.18352719233489784
0.2767297362661579
0.44760116449087434
0.44251240388553253
0.26509928189977944
0.39455452918487216
0.36656930467643045
0.3973106267969373
0.3290171869473663
0.3732653702389594
0.389912593572862
0.30932893033157915
0.3393097235287161
0.29558727851891564
0.5559253685601547
0.41305694919084224
0.3178292116902035
0.5586825833314983
0.5436892035243841
0.39644888654877636
0.32356562604491357
0.29893327417455856
0.630762562635705
0.47816461318506037
0.6704097228150655
0.42382317056227725
0.43626086904366856
0.469829989612378
0.5094370076065007
0.382919283845061
0.29627613818769705
0.26913205128596107
0.37757997211345923
0.4159792590853174
0.4921575517445344
0.3911635549224436
0.2759145082677196
0.2797763294034897
0.5146965938227797
0.3805004836052132
0.34661235418686703
0.46387856131294225
0.33133771893396646
0.40668839735760465
0.3240780649894054
0.3507184777852762
0.27088078270646093
0.19541609548555466
0.2989857222773856
0.3282152270570008
0.42307846276507133
0.3656067835005756
0.39147926701480507
0.408231972324026
0.5107929113489494
0.22346597180701275
0.38324976684103573
0.36961001463285625
0.28254163082654865
0.3518565394259775
0.39853035809618087
0.3102612181076726
0.2607944051432948
0.18461374119950474
0.2398090970730231
0.3567565541503883
0.4004107980721806
0.3680302231182521
0.3620480042145085
0.481606975131796
0.364913943421504
0.18720650887193382
0.33031797368060134
0.24635779718740797
0.19489665340594714
0.2270651774248816
0.31676737651675785
0.2577578447760963
0.31203953703523835
0.19695161240588793
0.24553721782992624
0.28392816945802635
0.3000491529774817
0.247871721109168
0.49440738679742857
0.5283702379051542
