0.37426376061004685
0.24354847997183268
0.39142123698697706
0.7070372276817657
0.4051165010982932
0.31363183404701034
0.44363656702240034
0.30033682045516324
0.2718503790303013
0.36341010821922937
0.5469502868802727
0.3435657359157156
0.40946914071017937
0.45416676489394875
0.4629769912049357
0.701261590212488
0.3340179300306545
0.5476780845558799
0.36933786391226525
0.5167865987896326
0.27666906513671996
0.35624329323927584
0.46518216449347516
0.4463499664175205
0.6661068096514435
0.2907580442119576
0.5630512055935302
0.32359100873906016
0.49189368252100046
0.48527286565991196
0.58501587423393
0.3275580979708375
0.49460449498513104
0.5625875706883435
0.3100582566635322
0.7238190590244985
0.6090084330636402
0.3842681977687847
0.4703332976451306
0.5919445217355381
0.2848919054085372
0.4858911841552611
0.6454333547763962
0.3069060176379121
0.6717643661707579
0.4830513406248529
0.4517081264496225
0.4885903093247194
0.6253487545469919
0.49422286136403015
0.5578525893564975
0.40210636152065277
0.46886595773858886
0.2010990869709618
0.3825428605768857
0.429208529507039
0.5992789270458282
0.6612294801335473
0.5368987724412315
0.6800174270730848
0.41390022347881966
0.34565357120497653
0.19503783407609565
0.392241304522825
0.4955009367193398
0.4056262403745704
0.719092922633819
0.4333916315682586
0.41967702689737246
0.7983243986527756
0.4464966486749823
0.40990173734604746
0.48927330710493855
0.5911593131463173
0.4709252932041357
0.6618270774601243
0.4226633296060176
0.4825781569941305
0.7983243986527756
0.4758370311367999
0.4139900946614468
0.4413946259417251
0.4898027550777594
0.7563723868286034
0.5529544811388254
0.3025318855539607
0.31185481964937645
0.42914211641571726
0.7205438269439369
0.4804124991206527
0.19446105824137455
0.4626141072665906
0.7796906585861245
0.5437354347833261
0.2913865529085703
0.285181667378436
0.4207080463265389
0.725298306406858
0.5199177187367364
0.22252769647512446
0.48397314999137636
0.39279314904827634
0.49747536035150136
0.16773979531501423
0.4108099882121318
0.4410656771327597
0.5763348116659823
0.6117699545671075
0.23399685515881574
0.7492007364719262
0.38761417317638197
0.5070720108432692
0.13123155549508025
0.38326792503190665
0.4522039878015843
0.7297497967401128
0.6930193377201596
0.23081637152248602
0.6725054940099991
0.37076706626378614
0.24782402199608652
0.5658314656270874
0.21808467454185507
0.6510594163660834
0.3093989929612323
0.30977496245843467
0.618128199006767
0.7119606149602952
0.2781892278636658
0.2723748905403858
0.6337741192584084
0.1861260835464239
0.6816570883384696
0.34246533389852
0.31079057665967147
0.5834212046634202
0.15402594318160925
0.694689622136437
0.23543493792885112
0.33006916759463706
0.3775931118521381
0.19853811436920718
0.4022078994273194
0.2988293064202925
0.5721421686125037
0.17674620533604807
0.7221080332924266
0.22311969060486417
0.34357838209699343
0.28372345013011624
0.24175507749037808
0.4794311681437619
0.27936334349162417
0.6080746966091176
