0.5173456717010566
0.48559304438820955
0.24714632665814926
0.5357013938723368
0.5085424071550276
0.340758200062001
0.4143747529826577
0.5014964373862807
0.33799977276624843
0.46632817880582134
0.33134018678198807
0.5875739216170665
0.3117619690082834
0.44967304534772895
0.39553042927965115
0.39056731459831345
0.37797772322371526
0.30994952043591495
0.36999284531795834
0.479770131254568
0.242104810063213
0.27232827792497694
0.42299175122401317
0.5527732639976309
0.4211201929275903
0.44672838481604316
