0.43478046689943256
0.5269702761868875
0.4250466368367975
0.24324326658669412
0.2593643890561566
0.4902616451284594
0.24510318100529163
0.5341568549289073
0.6185294871829248
0.3873664907472855
0.5417400742592838
0.297335160483523
0.45987989644725713
0.5930549959455801
0.392858105464743
0.5323873923260204
0.27101046464176726
0.47981068423880796
0.6160571184565259
0.40173716600061965
0.5357107372219256
0.2124145118952803
0.48326341420190677
0.3860928149093902
0.49251651764033505
0.3258320737767397
0.21195475014800047
0.4196816089879654
0.34856580950993404
0.4093908655329509
0.3640374307973702
0.24418448465529166
0.5113498627788531
0.35749579853182656
0.4364816321376029
0.40981427930242603
