0.33845605172557847
0.28142639209497633
0.36600484445888387
0.29452654254032856
0.25621252849852727
0.30112490549785614
0.29379150239465757
0.44143396284036923
0.5616687097779436
0.4013222334630161
0.3429345275780181
0.440944852647919
0.35567450731863776
0.5582809747249533
0.4573843517386336
0.41966814090149107
0.4825887414967678
0.25458895341924925
0.1674566559755089
0.29959678100566217
0.2732302098590144
0.5379542179719992
0.2581218590967013
0.19183080326421387
0.2508179853303106
0.2813699299758929
