0.4403585714886306
0.2839478479757822
0.42746968004561825
0.47248115475435987
0.35386159347395396
0.41826261579856744
0.35590201358505635
0.4109611124940133
0.42013132282371923
0.3431102533039264
0.4862035204720678
0.2476163092685413
0.3973399571341762
0.37233798788959954
0.2946017130691667
0.36670177825508166
0.39844089302094904
0.26523623261676726
0.2773101897069676
0.40323204482156827
0.5099307018751709
0.3556849129078908
0.4908645605242827
0.39974540441707074
0.4497554540269799
0.2239969461320801
0.49665075918161966
0.37323445962529567
0.31694282929678613
0.2841097532481958
0.3395792531005186
0.2632149886207575
0.34623222918080987
0.3799474053787804
0.4069784253935189
0.30186236572985
0.3674781650948237
0.29788160258474
0.639791482129207
0.37296437707470953
0.4099237228423913
0.4207027984683368
0.29521190327155655
0.6152386834904197
0.39724065763836414
0.455433978842522
0.5305103963469333
0.328267588282646
0.38686881177901206
0.5132302155172193
0.3862444025718643
0.38423465545419216
0.3657444352953064
0.3600444288798367
0.4439592886074638
0.26038828360032246
